Instance filename: ./instances/200jobs/instanceLarge898_m=6_n=200_l=30_c=20_s=0.PMTC
Min temperature: 0.1
Max temperature: 0.5
Melhor Solução: 2432
Temp div: 16
MCL: 400
PTL: 75000
Elapsed time was: 624352
Maquina 1 : 144 80 102 14 84 44 54 36 77 110 97 190 163 17 12 114 152 38 182 10 131 126 175 68 130 155 179 138 188 52 127 72 183 103 129 
Maquina 2 : 123 193 162 107 194 30 170 137 100 196 83 174 19 32 79 60 113 143 189 124 94 111 18 85 63 88 139 112 6 59 
Maquina 3 : 192 15 133 37 65 82 66 199 177 40 154 34 116 50 2 99 73 81 132 27 128 0 187 104 105 20 49 23 136 184 169 71 166 122 159 
Maquina 4 : 167 156 145 9 43 11 21 29 93 161 25 86 165 164 149 22 119 147 7 87 185 58 153 142 35 47 120 178 90 51 160 69 
Maquina 5 : 62 121 108 78 95 171 157 168 16 28 89 67 64 61 197 45 125 106 117 92 195 109 75 134 140 173 150 146 74 198 56 118 
Maquina 6 : 31 141 57 33 24 4 91 101 172 158 13 5 48 3 41 176 151 186 181 115 98 180 53 135 76 70 46 39 42 26 96 1 8 191 148 55 
