Instance filename: ./instances/200jobs/instanceLarge1184_m=8_n=200_l=40_c=30_s=1.PMTC
Min temperature: 0.1
Max temperature: 0.5
Melhor Solução: 4161
Temp div: 16
MCL: 400
PTL: 75000
Elapsed time was: 875321
Maquina 1 : 20 129 77 187 95 25 125 27 91 100 164 141 175 135 152 56 167 132 43 36 31 30 
Maquina 2 : 137 42 24 32 101 169 67 115 11 53 120 192 154 110 105 26 147 54 63 55 158 116 68 119 5 71 134 191 
Maquina 3 : 180 75 185 82 114 103 93 85 194 186 23 61 184 159 107 113 88 49 16 87 139 133 109 
Maquina 4 : 127 96 44 22 145 150 181 50 10 117 3 189 148 13 176 199 2 48 144 179 59 157 151 196 188 104 
Maquina 5 : 190 149 17 126 74 146 89 140 182 72 172 60 40 0 118 131 183 198 57 122 161 66 14 123 
Maquina 6 : 128 41 45 160 178 97 197 143 38 177 37 163 99 136 165 21 156 1 130 46 47 9 94 12 51 70 138 19 
Maquina 7 : 155 108 111 65 173 98 62 35 84 90 193 83 4 28 92 80 166 58 171 170 18 29 86 34 81 
Maquina 8 : 121 106 6 39 7 8 112 52 33 76 153 168 73 64 15 195 78 102 142 69 124 174 162 79 
