Instance filename: ./instances/200jobs/instanceLarge859_m=6_n=200_l=30_c=10_s=0.PMTC
Min temperature: 0.1
Max temperature: 0.5
Melhor Solução: 2193
Temp div: 16
MCL: 400
PTL: 75000
Elapsed time was: 585838
Maquina 1 : 37 101 53 133 183 20 147 161 106 177 31 159 67 18 157 1 182 103 88 184 132 50 73 173 162 2 136 192 93 152 116 112 145 149 
Maquina 2 : 81 69 4 17 109 122 82 75 186 151 51 14 80 34 108 178 105 29 65 60 39 111 15 119 56 165 130 195 13 97 7 191 
Maquina 3 : 171 168 90 113 134 72 35 131 58 3 66 144 27 114 120 57 86 127 28 55 146 16 54 52 36 188 62 61 143 32 117 189 43 
Maquina 4 : 99 148 12 135 83 68 125 163 45 166 26 25 123 92 176 181 104 11 199 91 77 154 187 74 5 167 98 107 24 110 142 94 141 115 
Maquina 5 : 21 196 139 193 172 71 158 175 84 0 155 170 169 78 48 197 96 153 124 128 41 185 23 87 160 42 40 44 22 156 85 121 
Maquina 6 : 129 30 46 64 63 9 179 76 194 126 49 198 19 70 79 47 8 38 190 102 150 137 95 118 164 59 138 6 140 89 180 33 10 100 174 
