Instance filename: ./instances/200jobs/instanceLarge1347_m=10_n=200_l=30_c=10_s=2.PMTC
Min temperature: 0.1
Max temperature: 0.5
Melhor Solução: 662
Temp div: 16
MCL: 400
PTL: 75000
Elapsed time was: 389705
Maquina 1 : 26 71 15 99 47 61 11 176 194 167 103 117 190 12 40 58 27 140 101 4 62 
Maquina 2 : 116 113 153 16 144 42 94 182 157 188 107 75 98 198 13 44 148 51 
Maquina 3 : 32 31 132 186 179 63 76 85 173 177 121 28 60 193 67 149 122 160 68 192 178 129 1 
Maquina 4 : 119 156 126 0 197 38 43 139 145 175 110 115 136 120 196 170 66 97 57 
Maquina 5 : 138 100 123 46 41 171 95 3 91 69 90 118 92 152 8 87 150 48 70 72 74 29 127 
Maquina 6 : 109 130 155 82 7 134 59 36 151 143 184 111 137 78 162 6 108 65 93 102 2 180 
Maquina 7 : 53 124 181 114 106 147 86 20 23 52 105 73 104 79 189 37 159 191 128 166 
Maquina 8 : 125 39 18 83 142 135 49 141 187 161 10 9 34 35 84 81 19 131 
Maquina 9 : 50 183 133 55 80 96 54 56 199 17 112 5 30 22 45 165 158 33 172 64 
Maquina 10 : 88 25 146 168 21 24 164 14 154 163 195 77 169 89 185 174 
