Instance filename: ./instances/200jobs/instanceLarge1408_m=10_n=200_l=40_c=20_s=0.PMTC
Min temperature: 0.1
Max temperature: 0.5
Melhor Solução: 1794
Temp div: 16
MCL: 400
PTL: 75000
Elapsed time was: 866063
Maquina 1 : 89 19 62 28 130 60 143 36 137 49 164 139 129 21 32 83 54 71 44 106 66 118 180 
Maquina 2 : 166 90 108 145 72 61 17 133 185 156 188 134 15 75 39 181 186 80 116 
Maquina 3 : 152 169 125 111 177 132 160 43 98 182 115 183 69 29 84 2 22 162 199 165 101 170 
Maquina 4 : 159 57 14 45 126 196 42 23 86 12 76 193 127 141 97 187 104 175 114 144 96 
Maquina 5 : 105 110 174 95 55 117 38 153 20 91 18 70 50 59 9 81 93 150 24 
Maquina 6 : 184 63 109 34 161 154 48 26 107 123 189 35 195 92 197 46 100 179 
Maquina 7 : 37 131 53 135 78 3 155 40 88 191 147 168 146 13 64 190 120 52 140 67 25 51 
Maquina 8 : 73 85 94 138 11 56 198 0 31 27 124 151 79 58 163 119 142 192 167 77 
Maquina 9 : 7 194 33 87 128 99 74 157 176 47 10 68 173 30 1 148 6 136 121 5 
Maquina 10 : 122 4 8 103 178 112 65 113 102 172 158 171 82 16 149 41 
