Instance filename: ./instances/200jobs/instanceLarge1436_m=10_n=200_l=40_c=30_s=1.PMTC
Min temperature: 0.1
Max temperature: 0.5
Melhor Solução: 3304
Temp div: 16
MCL: 400
PTL: 75000
Elapsed time was: 654213
Maquina 1 : 193 110 22 152 81 166 55 91 161 36 124 163 83 116 7 84 52 189 76 176 122 
Maquina 2 : 37 171 82 138 181 196 155 92 186 74 129 150 160 63 45 57 11 0 137 98 128 
Maquina 3 : 156 4 53 148 8 120 136 29 159 15 54 59 140 28 10 87 89 99 
Maquina 4 : 142 117 183 114 48 126 67 6 158 102 133 190 130 26 104 121 40 143 75 
Maquina 5 : 33 58 134 179 93 141 65 123 69 164 199 39 16 162 95 50 80 109 64 144 49 
Maquina 6 : 9 172 90 13 66 194 135 151 195 94 17 61 23 12 115 62 2 
Maquina 7 : 170 1 125 46 30 79 192 174 187 139 153 77 149 173 68 43 14 197 131 18 178 
Maquina 8 : 21 19 85 31 146 108 185 198 38 145 86 96 24 97 103 111 27 5 112 105 184 47 
Maquina 9 : 113 191 73 107 34 32 71 101 127 70 132 165 177 106 42 51 175 56 182 3 25 167 
Maquina 10 : 20 100 35 88 157 168 180 169 188 44 147 72 118 41 154 78 119 60 
