Instance filename: ./instances/200jobs/instanceLarge1215_m=9_n=200_l=30_c=10_s=2.PMTC
Min temperature: 0.1
Max temperature: 0.5
Melhor Solução: 722
Temp div: 16
MCL: 400
PTL: 75000
Elapsed time was: 645856
Maquina 1 : 74 128 14 133 164 105 124 159 26 6 51 187 127 27 131 189 199 165 92 35 166 153 102 
Maquina 2 : 123 136 106 99 84 182 86 17 3 125 97 13 10 34 142 118 154 18 
Maquina 3 : 155 137 183 134 132 198 171 61 146 95 119 170 44 54 169 148 185 24 75 80 64 96 
Maquina 4 : 129 140 117 70 22 180 130 58 151 83 104 63 31 178 188 53 113 56 162 141 30 163 20 103 
Maquina 5 : 8 38 7 19 85 168 91 108 81 67 88 66 150 52 59 45 111 49 179 79 40 190 98 
Maquina 6 : 37 195 196 144 15 176 181 72 2 71 197 193 78 0 138 149 32 101 65 120 94 25 145 167 
Maquina 7 : 122 9 29 172 156 48 69 139 173 89 152 55 115 194 77 90 143 158 68 11 126 42 50 
Maquina 8 : 112 186 177 16 175 62 41 5 110 1 184 46 12 87 114 39 33 192 191 109 147 23 
Maquina 9 : 4 116 43 36 28 157 21 100 76 121 93 57 107 82 160 60 161 174 47 73 135 
