Instance filename: ./instances/200jobs/instanceLarge1400_m=10_n=200_l=40_c=20_s=1.PMTC
Min temperature: 0.1
Max temperature: 0.5
Melhor Solução: 2506
Temp div: 16
MCL: 400
PTL: 75000
Elapsed time was: 684176
Maquina 1 : 147 183 115 42 169 182 132 168 22 69 29 84 197 35 157 65 178 112 0 162 14 
Maquina 2 : 186 151 4 25 40 172 104 138 126 67 102 73 85 94 56 140 32 8 120 41 52 
Maquina 3 : 12 139 145 72 3 160 103 59 9 97 131 159 37 100 179 53 135 190 
Maquina 4 : 83 78 88 155 191 13 108 146 79 58 163 192 144 142 196 89 167 194 119 199 49 
Maquina 5 : 33 31 161 165 46 124 198 5 122 64 10 90 136 173 68 6 70 30 96 
Maquina 6 : 177 77 110 19 76 1 92 28 143 130 47 141 158 93 81 113 11 7 87 128 
Maquina 7 : 62 105 137 21 176 60 36 71 44 54 66 106 166 170 180 118 2 171 121 82 
Maquina 8 : 164 149 16 156 185 133 61 17 129 181 148 116 152 80 39 15 75 134 188 
Maquina 9 : 45 187 43 20 55 117 174 95 51 91 38 18 101 57 153 195 107 123 189 50 150 74 26 127 
Maquina 10 : 193 48 125 23 111 27 99 86 114 98 175 184 63 34 109 24 154 
