Instance filename: ./instances/200jobs/instanceLarge1022_m=7_n=200_l=40_c=20_s=1.PMTC
Min temperature: 0.1
Max temperature: 0.5
Melhor Solução: 3756
Temp div: 16
MCL: 400
PTL: 75000
Elapsed time was: 1227857
Maquina 1 : 190 114 173 8 183 121 164 199 115 20 24 106 196 95 137 128 189 10 31 181 84 25 77 146 178 55 165 
Maquina 2 : 149 37 139 111 60 96 127 62 158 41 180 65 155 9 151 94 130 123 136 21 32 38 198 117 34 66 0 168 
Maquina 3 : 156 152 39 148 195 15 162 154 74 61 2 19 87 33 134 40 171 81 193 140 26 99 44 145 150 100 42 7 159 90 
Maquina 4 : 22 12 109 83 132 28 86 6 184 14 43 80 172 89 138 1 188 13 153 17 71 36 29 112 11 144 51 108 98 93 
Maquina 5 : 118 185 131 133 79 166 120 4 170 85 56 88 78 169 142 92 50 107 141 103 194 49 124 97 69 58 30 129 
Maquina 6 : 116 161 175 45 191 143 197 119 101 135 179 3 53 125 192 186 54 67 163 147 52 18 27 160 72 176 167 113 68 
Maquina 7 : 46 64 177 126 110 63 102 122 182 73 47 70 35 5 104 59 23 105 76 174 187 57 91 16 82 48 157 75 
