Instance filename: ./instances/200jobs/instanceLarge1297_m=9_n=200_l=40_c=30_s=0.PMTC
Min temperature: 0.1
Max temperature: 0.5
Melhor Solução: 972
Temp div: 16
MCL: 400
PTL: 75000
Elapsed time was: 524763
Maquina 1 : 171 150 82 174 30 192 25 68 134 146 153 187 36 99 24 65 103 1 69 107 17 147 
Maquina 2 : 5 88 149 109 175 19 76 54 12 122 166 23 161 116 165 22 139 125 185 170 70 114 120 169 172 
Maquina 3 : 128 10 184 105 53 29 90 143 176 133 123 58 91 164 112 78 156 6 48 77 21 84 
Maquina 4 : 199 101 46 163 108 31 129 198 96 127 56 195 20 126 72 40 168 15 26 75 57 42 183 
Maquina 5 : 111 140 117 173 144 131 2 89 152 158 136 110 44 4 157 154 182 73 74 197 188 92 28 
Maquina 6 : 33 11 155 67 37 142 190 191 94 79 9 135 39 148 18 34 87 193 49 162 38 47 145 64 
Maquina 7 : 104 194 8 3 189 59 85 41 121 93 138 60 32 124 95 0 62 7 178 27 
Maquina 8 : 81 52 106 63 115 186 43 151 66 83 50 80 180 102 113 13 55 118 159 35 141 16 
Maquina 9 : 177 51 100 119 61 130 160 71 86 98 167 132 45 137 181 97 179 196 14 
