Instance filename: ./instances/200jobs/instanceLarge988_m=7_n=200_l=30_c=10_s=0.PMTC
Min temperature: 0.1
Max temperature: 0.5
Melhor Solução: 2131
Temp div: 16
MCL: 400
PTL: 75000
Elapsed time was: 904490
Maquina 1 : 148 86 20 65 55 49 155 59 100 157 92 114 4 93 192 3 141 132 19 25 153 97 117 71 29 23 160 129 64 
Maquina 2 : 7 196 27 184 197 101 79 26 163 76 69 123 87 17 159 67 62 191 99 189 81 61 176 168 181 53 
Maquina 3 : 96 58 119 32 38 63 154 28 91 147 174 149 116 134 39 88 169 179 103 102 30 13 193 31 180 127 82 133 
Maquina 4 : 194 125 130 90 146 83 34 112 5 24 113 173 75 9 152 104 198 108 105 85 195 136 68 78 111 54 165 57 126 2 
Maquina 5 : 106 6 0 52 187 110 144 84 118 72 185 15 60 128 142 109 167 122 135 40 66 98 33 1 43 35 21 124 138 156 37 161 178 
Maquina 6 : 48 94 44 188 73 182 77 177 140 36 172 80 131 175 115 120 47 143 150 56 50 22 45 10 190 166 16 162 41 
Maquina 7 : 95 170 158 8 164 107 137 145 151 51 199 42 14 74 139 11 183 18 186 70 121 171 12 46 89 
