Instance filename: ./instances/200jobs/instanceLarge1328_m=10_n=200_l=30_c=10_s=1.PMTC
Min temperature: 0.1
Max temperature: 0.5
Melhor Solução: 1979
Temp div: 16
MCL: 400
PTL: 75000
Elapsed time was: 898474
Maquina 1 : 92 118 90 152 12 8 72 74 87 48 186 150 14 163 70 174 154 21 134 59 7 155 102 
Maquina 2 : 86 124 129 73 110 11 40 82 43 71 15 111 65 36 119 1 178 16 122 54 192 
Maquina 3 : 42 153 68 159 60 193 28 66 97 170 196 100 32 46 76 187 3 
Maquina 4 : 135 171 41 95 39 125 139 0 191 9 156 167 165 160 19 45 158 34 142 
Maquina 5 : 172 195 109 18 127 29 83 141 49 62 84 35 161 38 10 132 182 31 179 
Maquina 6 : 57 93 148 63 180 144 128 79 37 133 189 50 55 183 151 53 166 185 169 33 89 
Maquina 7 : 77 108 85 121 177 51 188 75 198 13 98 107 138 157 44 5 94 17 56 
Maquina 8 : 106 130 2 126 162 78 137 81 20 194 69 104 143 23 147 123 52 6 120 105 64 184 88 
Maquina 9 : 146 24 164 25 131 190 197 103 176 117 168 47 61 99 26 27 58 101 181 140 
Maquina 10 : 4 112 199 115 173 116 113 145 67 30 22 149 136 80 91 175 114 96 
