Instance filename: ./instances/200jobs/instanceLarge1435_m=10_n=200_l=40_c=30_s=0.PMTC
Min temperature: 0.1
Max temperature: 0.5
Melhor Solução: 1764
Temp div: 16
MCL: 400
PTL: 75000
Elapsed time was: 346567
Maquina 1 : 193 122 176 37 171 1 76 65 9 64 105 79 75 168 182 175 51 29 136 120 
Maquina 2 : 157 169 180 188 135 167 132 20 184 70 46 142 117 183 88 127 25 101 116 87 194 
Maquina 3 : 66 13 90 172 99 89 10 28 140 59 54 138 82 186 74 147 72 38 
Maquina 4 : 39 58 164 69 123 170 67 126 48 22 148 78 8 198 33 163 141 179 103 
Maquina 5 : 155 159 15 154 100 35 92 134 129 196 62 2 93 181 128 98 
Maquina 6 : 156 4 11 137 0 23 195 30 94 18 197 31 68 43 14 151 44 143 121 40 47 104 
Maquina 7 : 26 152 81 55 166 91 161 61 12 115 57 45 150 177 106 42 56 165 158 110 
Maquina 8 : 102 112 111 27 5 49 144 119 60 118 145 86 96 133 130 190 63 160 131 178 21 19 
Maquina 9 : 41 85 191 185 17 146 114 6 3 125 192 174 50 153 139 173 77 149 71 32 107 
Maquina 10 : 34 73 113 24 187 16 108 97 162 95 109 80 53 36 124 83 7 84 199 52 189 
