Instance filename: ./instances/200jobs/instanceLarge1210_m=9_n=200_l=30_c=10_s=0.PMTC
Min temperature: 0.1
Max temperature: 0.5
Melhor Solução: 2044
Temp div: 16
MCL: 400
PTL: 75000
Elapsed time was: 447261
Maquina 1 : 111 49 79 35 151 52 66 59 81 91 43 76 61 173 139 69 55 89 143 88 90 77 115 
Maquina 2 : 14 194 189 199 92 165 7 198 150 141 30 162 26 24 2 67 108 72 181 145 9 
Maquina 3 : 20 148 163 187 113 127 75 129 96 86 140 155 97 188 178 149 8 31 190 83 
Maquina 4 : 38 19 98 21 100 167 74 168 85 182 17 153 104 147 3 117 46 40 179 180 23 
Maquina 5 : 78 116 105 63 53 42 120 27 109 18 114 68 12 1 184 161 47 34 135 191 171 73 142 
Maquina 6 : 10 134 132 157 13 183 137 118 176 175 195 144 196 15 16 71 6 119 41 170 131 70 
Maquina 7 : 65 101 32 146 80 51 174 94 64 152 154 169 87 44 185 54 124 164 25 133 82 5 128 110 
Maquina 8 : 160 95 50 28 121 11 99 126 159 186 177 112 158 103 22 56 130 58 93 62 125 192 57 107 
Maquina 9 : 106 136 84 123 102 166 39 4 36 60 33 138 0 45 197 193 37 48 156 172 29 122 
