Instance filename: ./instances/200jobs/instanceLarge1204_m=9_n=200_l=30_c=10_s=0.PMTC
Min temperature: 0.1
Max temperature: 0.5
Melhor Solução: 1256
Temp div: 16
MCL: 400
PTL: 75000
Elapsed time was: 430091
Maquina 1 : 112 89 186 177 199 189 131 170 198 132 119 64 152 154 169 44 96 51 70 129 26 128 
Maquina 2 : 133 18 110 5 117 185 11 46 151 58 62 197 37 0 35 7 165 191 153 147 43 
Maquina 3 : 3 116 36 192 23 156 9 107 57 125 105 168 81 91 66 59 111 127 40 92 179 82 
Maquina 4 : 74 167 19 21 98 100 76 157 28 99 136 166 102 135 123 47 84 95 79 41 71 16 6 
Maquina 5 : 50 193 121 195 196 190 15 144 106 174 140 187 161 75 163 148 113 30 141 162 20 103 
Maquina 6 : 22 180 108 188 130 8 38 145 114 160 146 1 184 109 27 182 12 87 39 33 120 42 63 
Maquina 7 : 61 4 183 13 53 137 155 178 175 118 60 138 45 34 78 142 134 171 10 72 24 32 
Maquina 8 : 94 101 80 65 122 29 172 69 173 139 126 55 159 143 158 90 77 194 115 88 164 124 14 54 
Maquina 9 : 2 97 176 48 181 104 83 31 56 93 17 52 85 150 67 49 86 73 149 25 68 
