Instance filename: ./instances/200jobs/instanceLarge851_m=6_n=200_l=30_c=10_s=1.PMTC
Min temperature: 0.1
Max temperature: 0.5
Melhor Solução: 3503
Temp div: 16
MCL: 400
PTL: 75000
Elapsed time was: 550646
Maquina 1 : 93 5 187 173 60 56 2 3 75 119 182 65 111 197 152 48 177 153 124 175 70 25 125 183 193 196 139 174 172 184 131 32 109 27 144 66 
Maquina 2 : 57 114 147 120 86 127 113 16 103 1 18 157 105 67 87 134 161 115 36 99 52 188 92 8 19 71 91 77 198 164 97 13 
Maquina 3 : 55 160 76 14 178 63 29 54 33 132 50 88 117 181 149 39 136 73 6 30 46 64 85 129 143 126 163 162 179 37 53 89 47 102 118 138 150 38 
Maquina 4 : 51 82 186 190 146 108 195 28 101 35 72 166 34 80 168 78 106 194 9 133 20 159 122 151 4 170 155 130 84 98 59 165 62 
Maquina 5 : 169 189 176 43 58 148 96 23 185 128 41 22 40 42 192 44 156 121 167 154 10 100 31 15 83 171 61 7 95 
Maquina 6 : 199 180 137 107 24 110 74 141 140 21 94 142 49 191 116 90 0 11 104 158 12 135 68 45 26 123 17 79 81 145 112 69 
