Instance filename: ./instances/200jobs/instanceLarge1425_m=10_n=200_l=40_c=30_s=2.PMTC
Min temperature: 0.1
Max temperature: 0.5
Melhor Solução: 664
Temp div: 16
MCL: 400
PTL: 75000
Elapsed time was: 520922
Maquina 1 : 193 110 22 152 81 89 87 10 28 140 59 54 15 159 29 191 
Maquina 2 : 120 136 78 8 148 98 128 156 4 11 137 0 82 138 105 119 144 60 83 154 
Maquina 3 : 124 43 62 49 97 23 27 80 50 95 174 118 170 172 1 153 139 109 96 21 19 
Maquina 4 : 85 31 146 157 41 125 192 79 93 184 2 143 104 47 33 179 75 
Maquina 5 : 168 3 182 175 56 51 42 106 177 165 84 199 7 52 68 195 73 34 107 32 71 25 
Maquina 6 : 149 173 14 151 44 40 39 164 69 141 123 198 185 163 86 103 94 17 53 121 26 166 91 55 161 
Maquina 7 : 36 111 30 5 169 112 102 155 196 181 38 145 134 114 180 147 72 100 35 65 9 
Maquina 8 : 76 122 37 171 176 90 13 66 194 108 189 135 132 167 77 116 99 101 188 
Maquina 9 : 190 63 130 133 158 6 67 126 48 186 74 129 92 197 18 178 131 160 150 45 57 117 
Maquina 10 : 115 64 12 61 113 24 187 16 162 58 183 88 127 20 46 70 142 
