Instance filename: ./instances/200jobs/instanceLarge1026_m=7_n=200_l=40_c=20_s=2.PMTC
Min temperature: 0.1
Max temperature: 0.5
Melhor Solução: 923
Temp div: 16
MCL: 400
PTL: 75000
Elapsed time was: 912627
Maquina 1 : 110 68 46 126 35 145 119 158 8 70 182 5 73 47 122 63 37 134 40 23 90 42 7 100 85 171 138 19 116 2 
Maquina 2 : 74 61 33 151 155 180 144 118 185 108 64 131 133 93 83 137 146 161 181 188 84 1 156 31 127 130 103 97 
Maquina 3 : 55 148 163 20 141 147 102 81 24 191 196 106 195 45 58 160 44 18 95 96 139 69 27 16 75 
Maquina 4 : 48 157 57 25 175 51 91 142 177 187 72 176 167 199 50 78 92 34 86 66 107 76 0 17 129 30 194 124 49 152 140 143 
Maquina 5 : 190 114 87 183 132 179 43 135 128 12 60 13 28 39 117 198 193 149 98 113 150 173 32 174 121 192 53 197 
Maquina 6 : 186 125 54 52 67 65 169 56 82 170 4 120 166 79 99 29 71 153 36 112 11 77 88 189 178 22 165 59 184 
Maquina 7 : 172 10 14 62 89 9 94 109 154 41 6 3 105 104 26 111 162 123 159 136 21 101 15 38 80 115 168 164 
