Instance filename: ./instances/200jobs/instanceLarge1128_m=8_n=200_l=30_c=20_s=2.PMTC
Min temperature: 0.1
Max temperature: 0.5
Melhor Solução: 762
Temp div: 16
MCL: 400
PTL: 75000
Elapsed time was: 839532
Maquina 1 : 110 146 90 131 161 175 17 199 128 83 159 13 123 125 77 133 67 160 12 81 73 108 134 63 106 147 
Maquina 2 : 75 9 145 34 48 152 157 173 95 193 32 182 43 144 115 71 42 197 69 76 
Maquina 3 : 55 22 158 177 100 137 11 166 40 23 18 4 57 59 139 121 21 101 25 114 127 47 195 122 35 124 103 189 194 
Maquina 4 : 39 176 111 143 140 74 171 154 70 96 68 29 170 149 3 120 26 27 94 102 99 169 163 36 78 0 56 64 
Maquina 5 : 151 162 66 119 16 185 85 105 181 132 142 190 28 172 130 15 141 198 19 167 60 24 135 41 80 136 
Maquina 6 : 118 153 5 58 7 187 51 184 79 112 72 30 91 196 109 180 188 126 61 82 50 97 
Maquina 7 : 117 31 191 53 52 20 54 98 107 88 10 138 165 168 183 186 38 49 150 174 164 192 46 92 104 
Maquina 8 : 65 8 37 179 14 62 6 93 156 84 116 178 1 86 87 148 89 33 113 129 45 2 44 155 
