Instance filename: ./instances/200jobs/instanceLarge1416_m=10_n=200_l=40_c=30_s=2.PMTC
Min temperature: 0.1
Max temperature: 0.5
Melhor Solução: 678
Temp div: 16
MCL: 400
PTL: 75000
Elapsed time was: 740078
Maquina 1 : 174 95 50 80 140 109 1 153 139 149 34 53 148 78 8 198 33 47 35 136 120 191 29 
Maquina 2 : 108 73 157 146 31 17 12 61 113 187 30 21 19 85 41 112 94 40 143 121 104 26 
Maquina 3 : 166 91 55 161 36 163 89 10 28 59 54 15 159 155 185 181 82 138 171 122 176 69 76 189 199 84 7 
Maquina 4 : 116 14 18 197 178 131 160 63 190 130 133 158 23 102 92 186 74 72 
Maquina 5 : 147 124 38 58 134 179 75 168 182 175 56 51 42 106 165 177 150 
Maquina 6 : 45 57 115 37 135 4 137 0 11 156 98 128 180 169 188 81 129 87 194 
Maquina 7 : 66 13 64 9 49 172 90 99 101 25 71 32 173 152 22 110 193 39 44 151 195 
Maquina 8 : 107 52 183 127 100 48 126 67 170 123 141 68 164 65 16 162 196 
Maquina 9 : 117 142 46 70 20 77 132 167 114 88 6 3 125 192 93 43 2 62 
Maquina 10 : 184 79 5 27 111 103 97 24 96 86 145 118 60 119 144 105 83 154 
