Instance filename: ./instances/200jobs/instanceLarge897_m=6_n=200_l=30_c=20_s=2.PMTC
Min temperature: 0.1
Max temperature: 0.5
Melhor Solução: 1035
Temp div: 16
MCL: 400
PTL: 75000
Elapsed time was: 365216
Maquina 1 : 55 195 92 117 106 125 197 45 177 152 72 103 44 54 13 171 157 168 104 20 105 49 50 53 24 4 199 122 5 123 193 191 77 162 
Maquina 2 : 19 32 7 102 113 87 185 58 23 153 35 18 43 176 151 41 111 39 3 38 147 144 189 61 0 128 186 163 115 181 172 98 135 
Maquina 3 : 97 36 27 14 84 65 133 59 192 16 120 47 101 160 150 91 69 78 136 90 158 28 79 134 140 148 184 173 74 146 118 198 31 75 89 109 155 
Maquina 4 : 64 34 143 154 179 130 52 188 138 40 100 142 127 196 83 137 110 33 94 57 156 145 167 159 169 166 71 129 10 68 178 
Maquina 5 : 131 175 126 51 22 132 183 141 2 99 81 73 114 88 139 112 6 37 76 180 187 85 25 107 82 66 12 63 9 116 174 17 80 21 11 29 
Maquina 6 : 93 161 86 165 149 164 67 119 56 70 95 170 30 194 48 15 124 108 121 62 60 46 26 42 190 182 1 8 96 
