Instance filename: ./instances/200jobs/instanceLarge1372_m=10_n=200_l=30_c=20_s=0.PMTC
Min temperature: 0.1
Max temperature: 0.5
Melhor Solução: 2219
Temp div: 16
MCL: 400
PTL: 75000
Elapsed time was: 601216
Maquina 1 : 70 138 198 142 106 82 154 98 99 188 133 57 18 179 180 100 89 173 155 178 72 
Maquina 2 : 195 152 166 112 196 190 7 0 73 130 71 26 104 80 169 92 85 31 84 65 2 
Maquina 3 : 128 75 44 105 22 186 171 95 5 10 132 168 61 121 181 
Maquina 4 : 151 11 108 53 16 162 184 4 36 13 14 62 119 58 27 91 21 42 93 174 187 144 118 
Maquina 5 : 177 48 185 159 192 52 110 109 56 59 113 66 79 117 28 103 78 107 87 17 49 126 
Maquina 6 : 143 39 77 172 102 135 32 137 37 64 194 3 145 125 29 116 60 150 111 129 55 158 38 146 
Maquina 7 : 191 12 74 170 68 141 120 123 24 9 148 30 41 88 40 
Maquina 8 : 115 69 20 197 50 25 101 63 43 94 161 86 97 193 76 157 19 153 
Maquina 9 : 81 47 164 134 147 131 34 8 136 175 23 163 149 15 6 182 45 140 46 167 156 67 
Maquina 10 : 124 199 1 176 160 139 83 33 127 183 165 54 189 90 96 35 114 51 122 
