Instance filename: ./instances/200jobs/instanceLarge1330_m=10_n=200_l=30_c=10_s=0.PMTC
Min temperature: 0.1
Max temperature: 0.5
Melhor Solução: 1631
Temp div: 16
MCL: 400
PTL: 75000
Elapsed time was: 810091
Maquina 1 : 6 2 162 78 137 91 175 55 114 187 96 120 22 136 67 80 122 149 30 142 
Maquina 2 : 160 192 68 66 196 100 10 134 63 186 79 37 189 104 159 5 52 
Maquina 3 : 105 97 170 125 133 39 154 27 40 21 158 193 169 77 28 195 174 163 87 14 70 72 
Maquina 4 : 8 13 12 155 124 82 59 7 102 147 23 117 197 190 176 103 194 81 71 167 69 61 
Maquina 5 : 146 99 123 9 168 191 156 45 47 58 188 132 3 178 166 43 38 0 139 33 
Maquina 6 : 1 165 184 15 119 36 65 111 46 108 110 129 11 93 53 73 181 98 138 44 
Maquina 7 : 183 89 60 50 42 143 51 198 118 92 152 90 75 179 16 182 94 76 31 85 
Maquina 8 : 107 157 177 121 26 109 83 49 135 141 126 62 35 84 161 180 144 32 148 150 
Maquina 9 : 153 48 4 101 140 185 151 164 24 25 88 64 172 19 34 20 171 74 41 
Maquina 10 : 95 127 29 131 130 145 173 113 116 57 115 56 112 106 17 86 199 128 18 54 
