Instance filename: ./instances/200jobs/instanceLarge947_m=6_n=200_l=40_c=30_s=1.PMTC
Min temperature: 0.1
Max temperature: 0.5
Melhor Solução: 5603
Temp div: 16
MCL: 400
PTL: 75000
Elapsed time was: 611083
Maquina 1 : 11 99 194 144 23 79 103 189 136 196 157 137 197 32 107 6 185 36 26 164 21 192 199 0 95 172 152 
Maquina 2 : 16 180 66 187 72 169 175 190 92 20 127 119 33 68 81 125 44 104 134 51 149 129 102 170 18 3 162 166 139 25 109 69 153 141 173 61 
Maquina 3 : 89 168 118 130 186 121 115 41 143 73 122 133 176 108 75 117 29 159 171 100 198 106 27 96 146 30 116 74 150 90 91 131 15 126 43 154 35 174 
Maquina 4 : 85 142 148 167 112 63 50 12 13 165 76 138 94 155 160 88 105 17 71 49 2 53 39 48 183 54 124 60 161 14 156 
Maquina 5 : 135 77 113 45 37 101 151 120 178 52 97 78 8 62 58 10 87 67 38 55 46 24 128 7 110 158 56 147 59 132 
Maquina 6 : 184 80 40 181 179 42 98 31 140 19 82 5 83 163 93 47 145 86 193 22 123 177 111 84 57 191 188 34 65 64 1 4 28 9 114 70 195 182 
