Instance filename: ./instances/200jobs/instanceLarge1197_m=8_n=200_l=40_c=30_s=2.PMTC
Min temperature: 0.1
Max temperature: 0.5
Melhor Solução: 788
Temp div: 16
MCL: 400
PTL: 75000
Elapsed time was: 424226
Maquina 1 : 29 86 166 109 110 28 4 39 193 6 106 121 81 58 111 122 0 131 183 118 95 12 108 19 
Maquina 2 : 56 155 125 129 123 128 3 137 60 103 170 144 179 157 59 52 151 76 104 69 54 
Maquina 3 : 147 26 182 113 195 78 102 171 132 158 43 36 30 34 172 72 22 120 192 154 194 79 162 174 153 
Maquina 4 : 143 17 150 185 114 134 71 5 68 119 152 116 163 61 23 186 16 87 139 115 169 53 67 191 
Maquina 5 : 11 64 180 8 75 101 99 136 156 90 89 83 164 181 27 91 100 145 96 149 190 126 74 146 92 141 62 175 167 
Maquina 6 : 140 117 148 13 176 105 184 65 98 35 84 20 173 198 14 57 66 47 9 21 161 77 187 7 85 94 63 
Maquina 7 : 25 142 38 82 177 135 124 73 168 80 159 107 189 18 40 51 37 70 45 199 196 50 188 10 33 97 
Maquina 8 : 197 46 112 88 49 138 44 127 133 42 24 32 178 165 130 1 31 2 48 160 93 15 41 55 
