Instance filename: ./instances/200jobs/instanceLarge1289_m=9_n=200_l=40_c=20_s=1.PMTC
Min temperature: 0.1
Max temperature: 0.5
Melhor Solução: 2887
Temp div: 16
MCL: 400
PTL: 75000
Elapsed time was: 1516873
Maquina 1 : 65 15 36 18 4 126 29 154 143 189 190 185 191 95 150 111 109 130 156 114 
Maquina 2 : 59 10 195 27 140 192 196 105 194 48 101 166 92 85 72 97 147 84 20 117 0 131 112 123 
Maquina 3 : 64 134 138 22 127 76 94 74 178 153 66 113 49 118 78 104 89 51 136 11 129 16 
Maquina 4 : 19 120 68 83 88 35 135 55 119 79 12 73 181 146 82 30 41 3 80 161 168 184 128 186 5 47 
Maquina 5 : 45 40 122 96 132 39 1 158 70 25 107 14 91 173 125 162 56 142 169 23 53 17 
Maquina 6 : 77 67 198 103 52 2 124 133 86 63 50 144 75 160 108 98 42 137 13 199 176 
Maquina 7 : 193 93 46 163 100 115 54 31 110 28 37 139 43 188 6 172 167 148 60 26 69 106 
Maquina 8 : 149 170 165 187 159 157 38 21 180 145 151 58 9 24 33 177 62 182 71 61 152 
Maquina 9 : 174 121 81 44 8 90 183 102 57 99 116 175 7 164 171 179 155 141 32 197 87 34 
