Instance filename: ./instances/200jobs/instanceLarge1279_m=9_n=200_l=40_c=20_s=0.PMTC
Min temperature: 0.1
Max temperature: 0.5
Melhor Solução: 1122
Temp div: 16
MCL: 400
PTL: 75000
Elapsed time was: 1021492
Maquina 1 : 45 66 166 96 1 40 188 103 86 54 85 82 139 41 30 161 146 144 160 59 51 111 156 93 
Maquina 2 : 150 32 65 29 15 18 4 173 71 99 100 97 163 175 7 171 164 116 137 64 
Maquina 3 : 39 179 95 185 191 58 24 62 177 21 0 129 190 187 135 143 25 126 154 169 80 72 121 
Maquina 4 : 130 182 84 112 22 83 107 35 134 138 88 87 199 123 122 117 157 12 20 73 
Maquina 5 : 131 124 181 36 70 158 79 91 49 119 94 128 110 189 198 192 140 168 27 10 195 
Maquina 6 : 75 186 174 14 183 57 90 8 81 101 165 152 159 145 63 180 108 50 44 132 167 
Maquina 7 : 2 6 133 47 19 148 60 26 197 69 170 55 106 56 23 53 113 76 125 28 31 114 
Maquina 8 : 61 92 178 147 105 194 196 151 155 34 48 149 67 77 17 142 162 141 33 78 46 109 11 16 120 3 193 184 
Maquina 9 : 37 13 5 176 68 42 98 52 127 102 74 43 104 115 136 38 9 172 118 153 89 
