Instance filename: ./instances/200jobs/instanceLarge1053_m=7_n=200_l=40_c=30_s=2.PMTC
Min temperature: 0.1
Max temperature: 0.5
Melhor Solução: 945
Temp div: 16
MCL: 400
PTL: 75000
Elapsed time was: 1026033
Maquina 1 : 2 158 178 65 20 175 29 66 128 48 122 112 23 72 164 139 62 148 59 82 52 81 146 97 117 41 88 106 
Maquina 2 : 135 132 173 126 86 103 113 85 17 71 91 9 160 138 109 140 0 142 163 94 33 11 93 170 55 189 
Maquina 3 : 44 155 162 161 76 131 57 80 77 13 70 101 169 61 36 27 34 115 15 30 165 118 19 120 83 74 28 60 63 184 
Maquina 4 : 186 152 3 150 180 193 111 8 190 50 194 42 51 167 24 99 12 26 177 114 153 133 134 105 73 1 
Maquina 5 : 45 21 185 4 16 35 10 192 6 39 90 188 174 53 40 157 68 56 137 22 18 67 49 78 110 151 168 141 14 25 
Maquina 6 : 125 144 96 37 32 196 92 171 181 69 130 89 7 124 156 121 108 159 191 47 75 38 107 136 87 46 100 123 127 58 195 176 102 179 119 
Maquina 7 : 79 84 145 43 154 183 197 198 199 129 143 104 149 116 182 172 31 64 95 147 166 187 5 54 98 
