Instance filename: ./instances/200jobs/instanceLarge959_m=6_n=200_l=40_c=30_s=1.PMTC
Min temperature: 0.1
Max temperature: 0.5
Melhor Solução: 5609
Temp div: 16
MCL: 400
PTL: 75000
Elapsed time was: 518150
Maquina 1 : 196 157 137 102 147 104 192 131 74 150 106 198 100 171 159 87 22 145 47 112 90 167 8 197 121 21 185 67 38 62 91 19 105 98 
Maquina 2 : 31 140 82 5 119 42 179 181 40 153 61 173 141 103 189 136 18 170 65 142 85 148 115 93 123 186 111 118 130 77 113 134 37 45 6 
Maquina 3 : 164 3 144 194 99 11 33 36 151 139 116 27 30 95 0 199 188 25 107 32 63 13 12 165 50 17 71 49 109 69 114 
Maquina 4 : 70 195 182 51 44 81 125 169 180 2 156 135 66 14 161 60 92 79 97 9 178 78 23 72 52 53 39 48 163 166 80 56 184 132 154 101 
Maquina 5 : 43 128 24 46 191 59 187 88 168 89 175 129 190 127 20 174 126 15 162 177 10 58 34 57 84 183 124 54 26 29 117 
Maquina 6 : 96 146 160 155 94 138 76 55 4 1 28 16 152 68 149 120 35 64 7 110 158 193 86 41 143 73 122 176 133 83 108 75 172 
