Instance filename: ./instances/200jobs/instanceLarge955_m=6_n=200_l=40_c=30_s=0.PMTC
Min temperature: 0.1
Max temperature: 0.5
Melhor Solução: 3837
Temp div: 16
MCL: 400
PTL: 75000
Elapsed time was: 788082
Maquina 1 : 107 32 16 152 28 1 4 9 60 161 63 92 68 101 120 178 23 78 97 35 117 96 146 29 105 19 98 31 91 119 5 33 127 
Maquina 2 : 80 56 184 132 59 153 40 166 42 79 12 137 13 165 76 138 94 182 195 70 114 6 45 164 3 11 99 194 144 
Maquina 3 : 154 43 15 126 174 199 192 0 95 172 108 75 83 176 122 133 73 143 41 66 115 88 190 20 169 175 147 72 160 156 180 187 181 136 155 
Maquina 4 : 196 157 14 135 53 39 48 2 17 71 49 109 69 10 58 177 111 84 183 124 54 26 57 188 191 179 140 162 64 18 170 65 142 
Maquina 5 : 85 148 167 50 149 112 47 145 22 86 193 52 158 110 7 128 24 46 55 87 159 171 100 198 106 27 30 116 131 74 150 90 113 77 130 
Maquina 6 : 118 168 89 61 141 173 189 103 104 102 37 134 129 25 51 44 125 81 34 82 163 123 93 121 21 185 67 38 62 8 197 186 139 151 36 
