Instance filename: ./instances/200jobs/instanceLarge1389_m=10_n=200_l=40_c=20_s=2.PMTC
Min temperature: 0.1
Max temperature: 0.5
Melhor Solução: 613
Temp div: 16
MCL: 400
PTL: 75000
Elapsed time was: 809148
Maquina 1 : 35 179 53 76 125 189 193 26 48 34 161 184 109 43 135 17 103 154 
Maquina 2 : 61 185 3 156 121 16 164 149 82 171 19 158 112 65 157 197 99 98 111 196 
Maquina 3 : 86 127 141 142 130 1 92 28 62 2 172 74 9 81 97 24 63 175 114 90 145 
Maquina 4 : 150 93 170 190 47 108 131 25 72 23 12 33 78 152 42 115 182 183 168 132 29 169 69 
Maquina 5 : 22 177 84 143 105 137 176 60 188 45 187 153 134 15 116 39 75 0 80 181 148 
Maquina 6 : 10 118 194 144 192 71 66 106 44 96 89 49 139 21 129 32 
Maquina 7 : 54 167 36 180 147 40 155 77 146 13 94 83 198 173 68 6 136 
Maquina 8 : 50 70 59 165 18 128 91 110 55 20 117 174 37 41 67 159 64 52 8 
Maquina 9 : 133 120 4 160 88 95 191 30 38 113 11 7 87 178 140 31 138 73 85 102 126 56 104 79 
Maquina 10 : 27 163 58 151 186 124 100 46 51 14 162 101 199 57 119 107 123 122 195 5 166 
