Instance filename: ./instances/200jobs/instanceLarge872_m=6_n=200_l=30_c=20_s=1.PMTC
Min temperature: 0.1
Max temperature: 0.5
Melhor Solução: 4240
Temp div: 16
MCL: 400
PTL: 75000
Elapsed time was: 503090
Maquina 1 : 159 169 71 166 129 101 165 149 164 54 44 36 23 110 90 198 65 56 74 146 27 116 156 145 121 9 151 63 108 111 124 
Maquina 2 : 15 48 41 28 170 194 91 35 120 16 192 59 18 187 77 37 85 180 76 6 112 139 174 19 72 176 34 103 95 171 157 
Maquina 3 : 168 104 50 172 158 135 98 181 197 152 52 130 155 30 154 143 138 188 40 100 153 58 185 87 113 60 79 32 7 80 67 189 0 
Maquina 4 : 128 186 115 11 83 196 96 8 191 86 161 25 93 29 162 70 193 5 122 199 123 47 43 49 136 78 69 150 160 178 62 
Maquina 5 : 42 26 46 167 4 13 117 119 182 147 84 14 82 66 107 22 114 17 190 127 39 142 21 148 184 88 97 1 163 89 109 144 102 3 38 131 137 10 126 
Maquina 6 : 179 175 61 68 12 94 105 20 118 45 106 125 73 81 132 183 141 51 2 99 24 177 53 33 133 57 31 173 140 134 75 64 92 195 55 
