Instance filename: ./instances/200jobs/instanceLarge1066_m=7_n=200_l=40_c=30_s=0.PMTC
Min temperature: 0.1
Max temperature: 0.5
Melhor Solução: 1288
Temp div: 16
MCL: 400
PTL: 75000
Elapsed time was: 653882
Maquina 1 : 40 197 53 199 123 100 46 136 135 94 87 107 75 16 35 10 192 6 144 25 14 26 141 168 32 68 178 20 65 85 58 
Maquina 2 : 128 66 48 180 109 156 160 121 42 125 37 96 97 154 55 198 171 181 69 22 108 124 7 89 62 191 47 165 72 
Maquina 3 : 92 196 132 51 167 24 99 130 8 193 111 150 3 186 184 63 60 28 74 83 30 102 129 170 88 41 126 
Maquina 4 : 173 120 19 118 2 158 80 101 13 70 77 113 103 86 140 174 15 115 34 27 169 36 61 119 79 12 177 4 183 
Maquina 5 : 161 187 95 64 31 172 182 116 104 57 131 159 49 67 163 142 151 110 78 127 0 143 38 39 149 179 176 195 
Maquina 6 : 137 93 147 166 11 189 44 155 162 76 185 21 45 73 1 105 148 139 164 59 82 145 71 90 56 188 134 114 33 
Maquina 7 : 157 133 153 175 43 84 18 5 54 98 117 29 9 91 146 106 81 152 52 17 122 112 23 50 194 138 190 
