Instance filename: ./instances/200jobs/instanceLarge1334_m=10_n=200_l=30_c=10_s=1.PMTC
Min temperature: 0.1
Max temperature: 0.5
Melhor Solução: 2004
Temp div: 16
MCL: 400
PTL: 75000
Elapsed time was: 539195
Maquina 1 : 38 161 9 75 79 159 186 189 37 23 147 7 59 105 102 143 73 155 104 80 50 
Maquina 2 : 60 89 183 169 53 185 77 124 101 168 58 27 47 99 122 26 137 91 61 15 11 71 
Maquina 3 : 166 33 43 36 119 1 54 151 199 86 192 181 4 115 111 22 94 56 130 76 
Maquina 4 : 57 173 113 30 85 170 48 68 66 160 65 108 6 162 78 2 131 180 175 83 29 
Maquina 5 : 127 125 19 21 17 149 0 120 191 55 97 52 5 112 32 
Maquina 6 : 116 100 196 93 128 145 129 110 123 156 142 10 187 49 133 154 158 165 106 
Maquina 7 : 164 24 82 190 40 103 117 167 194 176 69 81 146 20 172 64 88 25 28 45 
Maquina 8 : 39 121 34 195 135 140 84 126 35 62 141 109 18 12 72 8 87 70 14 163 174 150 16 
Maquina 9 : 134 182 179 31 148 63 138 44 144 107 51 198 98 13 153 42 46 152 90 118 92 
Maquina 10 : 132 74 41 193 171 95 96 114 136 139 67 177 157 188 197 3 178 184 
