Instance filename: ./instances/200jobs/instanceLarge963_m=7_n=200_l=30_c=10_s=2.PMTC
Min temperature: 0.1
Max temperature: 0.5
Melhor Solução: 968
Temp div: 16
MCL: 400
PTL: 75000
Elapsed time was: 694462
Maquina 1 : 174 97 175 152 104 198 164 85 46 107 158 171 153 25 93 48 94 177 188 36 140 73 182 70 180 141 69 
Maquina 2 : 123 26 87 101 17 156 131 80 135 78 54 57 165 67 111 159 120 44 115 86 18 37 68 172 11 74 139 42 151 14 
Maquina 3 : 51 145 27 7 129 43 23 184 173 197 196 47 39 134 116 187 149 199 183 28 40 88 63 160 147 144 6 0 
Maquina 4 : 110 106 52 192 126 169 2 3 30 132 125 130 90 179 146 103 34 83 109 60 21 142 128 185 15 72 118 100 
Maquina 5 : 102 20 148 155 55 49 65 59 62 33 76 19 13 193 31 138 122 133 186 121 194 127 176 81 
Maquina 6 : 189 61 168 99 32 181 53 24 154 191 91 38 64 58 96 10 45 50 143 56 150 66 22 163 108 195 82 79 4 162 8 
Maquina 7 : 114 89 12 157 92 35 41 16 166 95 77 136 170 124 1 161 112 98 137 178 5 84 119 9 190 113 75 29 105 117 167 71 
