Instance filename: ./instances/200jobs/instanceLarge1409_m=10_n=200_l=40_c=20_s=1.PMTC
Min temperature: 0.1
Max temperature: 0.5
Melhor Solução: 2563
Temp div: 16
MCL: 400
PTL: 75000
Elapsed time was: 843960
Maquina 1 : 60 92 149 193 36 21 48 99 157 65 66 10 71 169 44 106 118 166 170 112 
Maquina 2 : 0 2 100 46 186 160 8 52 137 25 120 190 145 72 133 156 116 61 185 17 129 
Maquina 3 : 88 188 134 15 39 181 75 80 194 167 77 196 1 49 96 89 54 142 
Maquina 4 : 143 105 128 28 148 64 30 136 173 68 6 110 38 43 132 55 117 95 174 153 20 91 
Maquina 5 : 18 50 51 70 59 9 81 93 158 4 172 141 178 140 87 7 83 67 73 
Maquina 6 : 27 94 85 56 41 13 138 113 11 102 104 123 135 37 53 131 179 114 
Maquina 7 : 175 97 139 119 187 127 32 171 164 82 16 19 130 121 3 191 155 147 
Maquina 8 : 168 33 124 78 62 152 183 115 182 12 177 23 42 86 98 111 63 150 34 109 161 154 
Maquina 9 : 76 24 47 184 58 192 163 126 108 146 79 90 144 31 151 176 159 14 162 57 101 199 165 
Maquina 10 : 45 22 29 84 69 197 35 103 74 189 26 107 125 180 195 5 40 198 122 
