Instance filename: ./instances/200jobs/instanceLarge1076_m=7_n=200_l=40_c=30_s=1.PMTC
Min temperature: 0.1
Max temperature: 0.5
Melhor Solução: 4965
Temp div: 16
MCL: 400
PTL: 75000
Elapsed time was: 862543
Maquina 1 : 46 87 136 135 58 100 179 39 149 143 0 127 102 81 155 32 152 106 52 117 29 9 91 132 158 118 19 165 120 173 126 103 
Maquina 2 : 7 22 124 108 104 121 159 162 34 27 36 169 61 101 77 70 80 13 57 131 68 157 133 175 153 174 40 53 
Maquina 3 : 197 130 89 69 181 142 1 180 107 48 128 65 20 112 12 99 24 123 119 79 84 43 189 44 55 170 
Maquina 4 : 86 177 114 16 35 10 192 6 4 164 111 8 193 183 187 161 76 185 21 45 109 160 156 66 85 17 71 
Maquina 5 : 90 188 145 73 18 5 54 98 129 199 198 88 137 38 191 23 194 2 196 92 178 56 62 139 148 105 59 134 82 63 146 
Maquina 6 : 97 154 113 51 167 42 37 96 144 125 25 141 14 26 41 195 176 50 190 138 72 15 30 115 83 74 28 60 184 
Maquina 7 : 186 150 3 122 171 47 140 75 168 151 110 78 49 67 163 94 33 166 11 93 147 95 64 31 172 182 116 
