Instance filename: ./instances/200jobs/instanceLarge950_m=6_n=200_l=40_c=30_s=1.PMTC
Min temperature: 0.1
Max temperature: 0.5
Melhor Solução: 5700
Temp div: 16
MCL: 400
PTL: 75000
Elapsed time was: 377077
Maquina 1 : 59 181 17 71 49 105 19 98 155 94 34 187 180 169 64 175 51 44 125 60 161 135 14 156 77 113 134 37 45 6 107 25 
Maquina 2 : 199 0 95 172 117 29 96 146 106 30 116 192 131 74 150 90 91 27 198 100 171 159 87 55 46 24 128 43 67 154 101 132 184 56 80 166 
Maquina 3 : 40 153 61 173 141 89 168 118 130 111 186 93 123 121 115 41 143 73 122 194 79 160 88 97 78 8 62 38 11 99 144 23 
Maquina 4 : 178 36 26 3 164 21 185 190 127 139 69 10 58 177 163 48 39 138 182 195 70 114 28 9 4 1 16 81 75 108 
Maquina 5 : 83 176 133 129 174 85 142 65 170 18 66 136 189 103 196 157 137 102 197 32 31 109 42 140 179 165 68 151 120 35 7 110 158 
Maquina 6 : 193 86 22 145 47 20 92 53 72 2 52 54 124 152 76 183 84 57 191 188 162 15 126 119 33 5 82 112 50 149 167 63 12 13 147 148 104 
