Instance filename: ./instances/200jobs/instanceLarge1099_m=8_n=200_l=30_c=10_s=0.PMTC
Min temperature: 0.1
Max temperature: 0.5
Melhor Solução: 1885
Temp div: 16
MCL: 400
PTL: 75000
Elapsed time was: 641600
Maquina 1 : 111 95 91 110 161 196 189 172 121 136 104 106 39 98 117 27 169 150 82 21 193 71 10 99 67 199 38 164 131 66 
Maquina 2 : 141 24 129 180 145 32 35 103 13 70 148 142 14 174 126 177 44 16 197 33 160 6 
Maquina 3 : 50 45 87 156 84 125 179 74 9 22 140 55 5 154 29 59 80 157 19 93 23 162 130 57 61 
Maquina 4 : 159 48 94 40 113 190 167 188 176 83 2 53 122 182 43 88 26 184 181 0 62 8 96 
Maquina 5 : 102 143 191 115 58 116 1 11 119 68 41 49 64 112 147 85 77 65 137 152 54 151 138 123 
Maquina 6 : 89 86 146 25 60 166 56 75 72 17 185 73 118 4 101 187 194 155 134 97 192 76 133 153 34 
Maquina 7 : 105 42 7 168 107 139 79 12 135 109 78 132 149 81 124 20 108 47 92 28 36 120 37 175 198 
Maquina 8 : 15 165 144 195 52 186 51 170 63 114 171 173 100 46 128 90 3 30 18 178 31 69 163 183 158 127 
