Instance filename: ./instances/200jobs/instanceLarge1266_m=9_n=200_l=40_c=20_s=2.PMTC
Min temperature: 0.1
Max temperature: 0.5
Melhor Solução: 745
Temp div: 16
MCL: 400
PTL: 75000
Elapsed time was: 1031831
Maquina 1 : 198 110 117 109 31 125 173 76 59 74 152 83 95 114 92 61 147 54 39 178 105 153 1 70 85 
Maquina 2 : 29 166 40 96 45 106 66 196 2 132 133 50 6 98 148 60 26 69 55 101 
Maquina 3 : 170 81 149 145 199 159 38 180 151 21 24 97 177 9 62 23 107 56 88 104 138 
Maquina 4 : 181 87 121 123 127 122 44 63 167 124 157 169 77 86 134 35 10 11 51 195 113 156 
Maquina 5 : 111 93 150 131 20 12 73 161 135 187 47 33 19 16 120 128 184 37 3 58 193 
Maquina 6 : 68 42 176 137 13 5 186 4 18 32 15 65 36 197 71 129 190 22 112 64 154 126 
Maquina 7 : 72 25 14 158 160 49 108 28 91 94 79 43 192 115 140 168 27 119 103 67 
Maquina 8 : 53 118 89 136 172 17 78 162 142 46 141 185 75 174 84 182 90 183 8 102 57 116 99 175 163 100 
Maquina 9 : 164 7 171 155 143 48 80 194 34 189 0 165 179 130 188 139 144 30 146 41 82 52 191 
