Instance filename: ./instances/200jobs/instanceLarge1283_m=9_n=200_l=40_c=20_s=1.PMTC
Min temperature: 0.1
Max temperature: 0.5
Melhor Solução: 2786
Temp div: 16
MCL: 400
PTL: 75000
Elapsed time was: 816470
Maquina 1 : 35 127 77 122 183 23 107 28 56 152 195 33 10 27 140 192 103 115 102 43 91 
Maquina 2 : 79 49 94 39 119 68 73 8 163 198 132 110 105 70 166 85 147 92 151 101 196 194 37 158 84 199 182 
Maquina 3 : 14 130 184 128 117 12 135 97 45 96 1 76 125 173 109 31 113 114 53 169 
Maquina 4 : 157 95 38 21 145 159 61 25 72 36 126 154 180 74 80 88 24 71 143 62 177 
Maquina 5 : 189 190 0 165 153 160 2 162 29 50 86 40 108 98 44 167 63 124 133 81 47 106 55 
Maquina 6 : 170 69 26 197 60 148 188 19 155 134 139 175 137 34 116 186 164 141 32 7 178 171 
Maquina 7 : 131 54 48 99 100 161 78 174 6 15 65 18 4 67 149 52 191 82 41 30 146 
Maquina 8 : 179 59 121 87 181 138 123 22 185 64 112 42 75 168 57 144 111 90 20 150 93 156 
Maquina 9 : 176 89 51 104 9 136 118 66 17 172 142 46 5 13 3 58 16 193 120 11 129 83 187 
