Instance filename: ./instances/200jobs/instanceLarge1440_m=10_n=200_l=40_c=30_s=2.PMTC
Min temperature: 0.1
Max temperature: 0.5
Melhor Solução: 678
Temp div: 16
MCL: 400
PTL: 75000
Elapsed time was: 383233
Maquina 1 : 12 61 17 94 115 117 57 45 0 137 11 4 156 98 128 148 8 78 124 
Maquina 2 : 198 38 103 86 30 146 18 72 118 174 145 153 46 139 1 171 176 
Maquina 3 : 37 23 129 74 92 186 155 50 162 196 142 70 164 83 101 127 154 87 108 194 
Maquina 4 : 66 13 90 81 166 91 55 161 36 111 157 120 136 65 35 100 20 167 132 114 102 6 27 
Maquina 5 : 54 110 158 133 130 190 63 160 131 178 170 31 197 126 48 67 68 173 22 141 
Maquina 6 : 123 69 5 25 165 177 106 42 56 150 51 175 182 121 104 47 26 152 138 144 119 60 
Maquina 7 : 181 185 112 184 41 85 19 21 95 80 53 82 125 3 88 183 52 195 73 
Maquina 8 : 34 107 32 71 149 96 159 15 59 28 10 77 140 135 109 151 14 116 
Maquina 9 : 199 7 84 29 191 113 97 24 187 16 39 143 58 134 179 33 75 79 168 9 49 172 64 99 
Maquina 10 : 105 89 163 62 2 43 93 192 169 180 188 147 44 189 76 122 40 193 
