Instance filename: ./instances/200jobs/instanceLarge1406_m=10_n=200_l=40_c=20_s=1.PMTC
Min temperature: 0.1
Max temperature: 0.5
Melhor Solução: 2489
Temp div: 16
MCL: 400
PTL: 75000
Elapsed time was: 1724979
Maquina 1 : 128 87 188 178 8 35 189 107 195 127 26 193 48 153 34 161 109 47 184 
Maquina 2 : 114 98 182 177 70 6 173 68 160 30 136 5 69 84 29 43 22 45 14 165 
Maquina 3 : 159 119 57 162 196 46 112 40 120 170 166 54 118 44 187 106 171 121 64 82 149 
Maquina 4 : 41 164 16 133 156 51 145 72 103 9 59 24 97 139 96 175 63 142 92 
Maquina 5 : 141 93 158 172 62 81 122 143 67 130 28 123 49 77 21 60 137 105 74 176 
Maquina 6 : 157 10 66 194 65 152 116 80 15 39 181 75 134 129 17 168 61 183 50 
Maquina 7 : 115 42 180 125 23 99 86 111 197 150 179 135 190 53 37 131 100 19 33 89 
Maquina 8 : 167 199 2 192 155 147 83 191 78 88 3 113 102 104 56 11 138 94 85 
Maquina 9 : 73 1 148 110 71 18 4 198 31 144 124 151 27 154 0 163 79 58 146 7 108 90 13 
Maquina 10 : 76 126 32 140 36 25 52 186 12 20 185 91 38 117 174 55 95 169 132 101 
