Instance filename: ./instances/200jobs/instanceLarge1102_m=8_n=200_l=30_c=10_s=0.PMTC
Min temperature: 0.1
Max temperature: 0.5
Melhor Solução: 1288
Temp div: 16
MCL: 400
PTL: 75000
Elapsed time was: 500099
Maquina 1 : 190 167 85 112 83 55 137 64 0 179 77 62 65 93 8 58 191 115 46 91 176 60 96 15 178 
Maquina 2 : 31 127 183 36 163 133 131 84 20 189 121 1 161 110 48 80 94 61 29 128 154 75 143 187 
Maquina 3 : 37 14 13 148 35 32 145 11 118 180 104 101 97 194 134 155 138 117 171 98 92 
Maquina 4 : 172 123 27 49 3 124 108 106 47 10 71 21 193 67 150 38 28 199 173 129 141 24 151 6 51 66 5 
Maquina 5 : 160 103 40 74 50 87 4 26 39 125 41 68 119 156 132 99 169 42 162 139 33 23 157 79 19 
Maquina 6 : 130 107 168 7 12 34 63 100 153 114 147 70 142 57 105 188 17 88 185 72 181 56 18 25 166 86 
Maquina 7 : 146 30 89 90 82 45 184 122 43 182 2 9 159 140 158 22 69 152 54 120 170 197 16 177 44 81 135 
Maquina 8 : 126 174 164 149 116 73 196 136 113 165 175 111 198 53 102 76 192 78 109 95 59 144 186 195 52 
