Instance filename: ./instances/200jobs/instanceLarge1070_m=7_n=200_l=40_c=30_s=1.PMTC
Min temperature: 0.1
Max temperature: 0.5
Melhor Solução: 4943
Temp div: 16
MCL: 400
PTL: 75000
Elapsed time was: 1248916
Maquina 1 : 43 161 183 187 197 199 198 22 65 88 20 178 175 48 29 128 14 141 168 151 110 78 49 67 163 94 135 136 100 87 
Maquina 2 : 46 61 173 158 167 51 24 194 30 102 129 50 118 23 112 125 25 144 123 174 53 40 38 188 56 90 180 16 35 
Maquina 3 : 10 192 6 4 185 21 45 73 84 18 5 54 98 37 124 121 159 108 142 181 62 1 89 130 69 82 59 
Maquina 4 : 134 139 105 148 79 119 154 36 169 27 126 34 115 15 138 190 41 179 39 149 143 0 127 58 195 176 96 97 
Maquina 5 : 146 81 52 106 152 32 68 117 191 47 171 122 75 107 137 93 147 95 64 31 172 182 116 104 57 131 76 
Maquina 6 : 162 155 44 189 11 170 55 86 103 7 113 77 70 13 101 42 166 80 156 140 145 109 160 9 132 91 71 17 85 66 
Maquina 7 : 33 157 133 153 114 26 177 12 99 8 164 193 111 150 3 186 184 63 60 28 165 74 83 120 19 72 196 92 2 
