Instance filename: ./instances/200jobs/instanceLarge984_m=7_n=200_l=30_c=10_s=2.PMTC
Min temperature: 0.1
Max temperature: 0.5
Melhor Solução: 891
Temp div: 16
MCL: 400
PTL: 75000
Elapsed time was: 840660
Maquina 1 : 72 118 15 100 65 55 156 155 62 59 20 74 47 30 194 127 44 94 188 48 73 182 16 41 35 166 171 
Maquina 2 : 92 157 8 4 114 89 136 162 158 79 163 101 133 76 128 91 82 142 60 109 135 64 40 183 95 18 66 139 177 151 84 
Maquina 3 : 145 51 116 88 39 169 12 27 7 160 147 129 187 126 33 131 78 80 54 36 172 140 115 120 57 159 165 67 134 28 63 17 
Maquina 4 : 2 0 6 144 106 161 77 1 124 180 21 193 13 31 11 37 167 98 86 50 56 22 150 143 45 14 195 108 198 42 46 105 152 164 
Maquina 5 : 85 175 174 107 117 153 25 19 97 141 93 3 132 192 111 148 125 130 138 90 179 146 103 34 
Maquina 6 : 110 52 71 83 104 112 137 5 113 75 119 9 178 190 154 10 38 58 96 191 181 24 53 123 87 69 199 
Maquina 7 : 149 70 186 121 68 81 189 168 99 61 176 102 197 196 184 43 23 32 49 26 185 122 29 170 173 
