Instance filename: ./instances/200jobs/instanceLarge1242_m=9_n=200_l=30_c=20_s=2.PMTC
Min temperature: 0.1
Max temperature: 0.5
Melhor Solução: 755
Temp div: 16
MCL: 400
PTL: 75000
Elapsed time was: 984283
Maquina 1 : 120 63 167 14 44 169 122 77 57 152 45 176 170 6 197 180 2 47 138 41 101 38 187 188 
Maquina 2 : 28 93 87 75 123 125 115 162 55 86 166 37 76 144 160 24 113 165 189 
Maquina 3 : 54 34 19 42 119 21 13 78 191 174 62 85 171 182 149 177 186 109 64 65 111 106 130 159 
Maquina 4 : 107 16 35 81 193 99 39 195 10 74 18 181 50 172 117 46 5 82 183 60 20 134 1 
Maquina 5 : 84 132 145 80 151 137 79 104 121 31 148 89 97 33 139 58 127 71 30 128 
Maquina 6 : 56 164 70 142 168 9 90 133 192 92 124 95 103 59 7 52 140 22 190 175 49 29 161 
Maquina 7 : 118 25 198 143 105 146 173 154 3 135 196 141 83 27 114 8 178 15 36 73 108 11 51 153 194 
Maquina 8 : 116 32 155 102 150 185 179 40 67 69 163 98 157 53 66 17 199 136 0 147 129 
Maquina 9 : 61 4 12 72 68 110 184 88 158 91 23 26 43 156 96 131 94 112 100 126 48 
