Instance filename: ./instances/200jobs/instanceLarge1035_m=7_n=200_l=40_c=20_s=2.PMTC
Min temperature: 0.1
Max temperature: 0.5
Melhor Solução: 947
Temp div: 16
MCL: 400
PTL: 75000
Elapsed time was: 1178315
Maquina 1 : 109 83 89 12 140 114 190 145 175 186 125 143 187 197 176 191 108 177 169 161 198 13 117 28 39 156 60 139 66 149 130 195 65 
Maquina 2 : 52 54 95 97 18 163 4 160 27 44 151 69 16 51 19 90 100 42 154 7 132 183 103 91 113 85 22 75 3 86 105 23 184 
Maquina 3 : 172 189 88 36 17 153 11 185 112 10 165 77 72 146 137 93 170 131 120 133 79 144 173 38 166 96 24 115 106 196 
Maquina 4 : 179 43 128 135 50 92 78 107 141 147 194 67 159 31 73 9 99 101 127 122 35 63 47 182 70 29 2 64 110 45 
Maquina 5 : 58 68 46 126 167 34 5 180 8 87 59 104 37 41 6 71 14 80 192 158 26 49 123 
Maquina 6 : 32 62 162 111 136 21 0 94 157 142 57 82 48 76 56 174 98 124 40 134 81 121 171 102 25 
Maquina 7 : 84 188 148 138 1 55 178 199 20 118 150 53 181 119 164 168 15 193 129 152 30 74 116 61 33 155 
