Instance filename: ./instances/200jobs/instanceLarge978_m=7_n=200_l=30_c=10_s=2.PMTC
Min temperature: 0.1
Max temperature: 0.5
Melhor Solução: 948
Temp div: 16
MCL: 400
PTL: 75000
Elapsed time was: 906013
Maquina 1 : 175 85 152 164 107 46 171 93 121 70 158 136 192 3 31 180 138 37 124 161 1 170 173 43 184 197 196 99 
Maquina 2 : 91 163 101 79 162 76 128 133 125 69 87 123 26 23 181 58 96 10 50 45 56 22 143 150 195 14 108 198 
Maquina 3 : 8 157 92 166 16 95 35 41 89 114 4 47 33 59 62 156 20 65 49 55 86 148 155 100 
Maquina 4 : 15 118 104 72 109 185 82 142 21 83 34 112 110 179 146 130 90 103 30 102 194 127 53 168 176 61 81 189 68 191 
Maquina 5 : 186 126 0 106 144 2 84 178 38 154 5 9 190 119 122 24 75 113 52 105 71 167 29 117 97 19 141 25 132 160 153 40 60 6 
Maquina 6 : 64 135 98 131 193 147 13 28 187 174 149 183 88 116 39 134 169 199 12 7 27 129 66 145 51 32 42 151 11 
Maquina 7 : 137 18 139 44 48 94 77 188 177 182 73 140 74 172 80 36 63 78 54 17 111 165 159 67 120 115 57 
