Instance filename: ./instances/200jobs/instanceLarge1051_m=7_n=200_l=40_c=30_s=0.PMTC
Min temperature: 0.1
Max temperature: 0.5
Melhor Solução: 4230
Temp div: 16
MCL: 400
PTL: 75000
Elapsed time was: 889042
Maquina 1 : 190 138 50 194 23 191 38 137 107 75 140 94 33 161 114 22 47 74 79 177 4 164 139 59 82 134 62 1 181 69 
Maquina 2 : 130 89 53 197 40 174 153 133 102 176 195 41 26 14 141 168 151 110 78 49 11 166 96 97 146 106 135 132 88 
Maquina 3 : 55 170 93 147 95 64 31 172 182 116 104 149 143 39 180 193 111 150 3 186 184 63 60 28 37 5 54 98 129 
Maquina 4 : 199 198 171 122 66 48 29 128 112 179 125 117 68 121 156 73 84 105 148 189 44 155 162 76 185 187 
Maquina 5 : 183 8 61 157 119 154 36 169 27 34 115 15 30 165 118 19 120 12 99 24 123 167 51 124 108 159 131 57 13 80 70 77 
Maquina 6 : 101 42 113 7 103 86 126 173 158 91 9 160 109 45 21 25 83 16 35 10 192 6 90 71 17 85 
Maquina 7 : 152 52 81 136 87 46 100 58 127 0 142 163 67 2 196 72 92 178 32 20 65 175 56 188 18 144 145 43 
