Instance filename: ./instances/200jobs/instanceLarge1368_m=10_n=200_l=30_c=20_s=2.PMTC
Min temperature: 0.1
Max temperature: 0.5
Melhor Solução: 654
Temp div: 16
MCL: 400
PTL: 75000
Elapsed time was: 570454
Maquina 1 : 109 56 69 59 113 66 79 24 28 103 97 78 107 87 90 17 49 16 126 143 
Maquina 2 : 115 3 139 20 114 35 63 179 18 14 58 42 106 82 154 159 57 
Maquina 3 : 180 100 89 23 150 147 131 8 136 144 21 27 39 164 174 47 171 95 5 187 177 48 
Maquina 4 : 118 185 110 178 55 111 129 146 60 38 191 12 127 123 120 183 54 165 51 122 140 158 
Maquina 5 : 1 81 124 199 156 167 134 46 45 182 105 15 76 88 34 40 160 121 67 132 197 10 
Maquina 6 : 181 176 43 94 161 86 148 98 0 7 130 73 195 72 152 6 173 
Maquina 7 : 155 119 25 101 108 189 11 193 151 162 53 4 13 93 192 31 84 85 92 169 80 26 50 96 133 
Maquina 8 : 188 142 99 112 9 36 61 168 74 141 68 170 138 62 70 29 125 77 102 
Maquina 9 : 172 135 32 65 137 37 194 64 91 184 75 52 128 2 44 22 186 33 83 157 153 
Maquina 10 : 104 19 166 30 196 145 116 190 71 41 117 175 149 198 163 
