Instance filename: ./instances/200jobs/instanceLarge1130_m=8_n=200_l=30_c=20_s=1.PMTC
Min temperature: 0.1
Max temperature: 0.5
Melhor Solução: 3305
Temp div: 16
MCL: 400
PTL: 75000
Elapsed time was: 989250
Maquina 1 : 110 90 131 184 25 73 108 5 134 106 147 75 9 185 126 48 188 180 109 196 198 91 4 
Maquina 2 : 112 79 37 14 179 121 125 86 148 89 77 33 113 129 45 44 155 13 76 123 183 122 
Maquina 3 : 193 35 124 61 105 195 12 160 67 133 2 55 24 51 7 159 187 139 59 57 174 58 52 53 54 
Maquina 4 : 98 107 88 10 116 117 93 186 165 38 49 150 78 164 192 104 46 92 65 8 145 34 17 135 96 60 30 70 144 
Maquina 5 : 138 118 72 85 181 142 132 190 28 172 167 130 15 141 63 82 16 81 162 64 36 182 56 151 0 
Maquina 6 : 115 177 137 11 100 166 84 40 23 41 80 176 178 22 158 119 43 32 1 42 71 197 69 103 83 
Maquina 7 : 168 128 199 175 161 171 140 66 143 146 111 39 194 189 114 136 101 163 169 99 27 102 94 26 
Maquina 8 : 18 74 47 21 156 6 62 149 127 68 154 87 29 170 3 95 120 153 152 157 19 173 97 50 20 31 191 
