Instance filename: ./instances/200jobs/instanceLarge1323_m=10_n=200_l=30_c=10_s=2.PMTC
Min temperature: 0.1
Max temperature: 0.5
Melhor Solução: 612
Temp div: 16
MCL: 400
PTL: 75000
Elapsed time was: 388007
Maquina 1 : 47 26 15 99 71 61 176 123 45 146 197 58 69 117 103 190 164 24 168 25 88 64 19 
Maquina 2 : 34 158 172 159 53 22 133 183 89 79 37 189 131 32 191 9 10 161 62 84 35 
Maquina 3 : 141 126 49 139 0 165 142 140 109 65 156 119 38 111 184 78 120 199 162 
Maquina 4 : 192 4 112 80 30 2 114 175 96 187 55 194 20 143 104 147 23 93 6 
Maquina 5 : 46 163 39 52 97 170 106 17 5 56 73 82 21 155 102 59 7 134 86 36 124 
Maquina 6 : 110 129 43 40 27 11 105 166 83 91 137 1 54 18 128 185 151 178 72 8 
Maquina 7 : 154 70 14 87 174 48 118 92 90 152 186 31 130 16 167 81 12 42 63 13 
Maquina 8 : 198 44 98 138 50 153 75 150 148 179 144 94 182 188 157 107 51 177 33 160 121 60 
Maquina 9 : 122 28 67 149 145 113 116 29 173 127 74 136 95 171 41 135 3 132 
Maquina 10 : 193 125 66 196 100 68 115 57 101 169 181 195 77 108 85 180 76 
