Instance filename: ./instances/200jobs/instanceLarge1324_m=10_n=200_l=30_c=10_s=0.PMTC
Min temperature: 0.1
Max temperature: 0.5
Melhor Solução: 1506
Temp div: 16
MCL: 400
PTL: 75000
Elapsed time was: 590548
Maquina 1 : 3 46 123 100 91 54 189 79 37 32 161 10 35 62 84 126 
Maquina 2 : 141 135 127 29 41 171 74 131 132 130 95 175 136 67 185 140 0 139 142 33 165 
Maquina 3 : 38 119 40 82 15 83 26 27 49 58 47 168 28 77 154 163 14 164 24 21 25 
Maquina 4 : 88 64 19 34 158 172 45 197 146 81 176 194 167 103 117 71 190 61 96 11 99 69 9 
Maquina 5 : 133 114 180 137 78 162 2 93 147 23 120 6 104 20 105 143 102 86 124 73 7 59 134 
Maquina 6 : 155 31 16 174 18 145 113 116 173 115 56 199 112 17 30 106 
Maquina 7 : 193 101 4 148 150 53 181 144 151 42 153 183 169 89 60 50 57 98 138 
Maquina 8 : 13 44 51 198 48 70 87 72 12 195 118 92 90 152 186 63 22 75 179 188 182 94 
Maquina 9 : 157 76 107 85 177 187 121 55 159 191 39 125 108 65 166 43 36 184 111 110 
Maquina 10 : 8 129 1 192 68 122 178 160 156 66 196 80 149 109 170 5 97 128 52 
