Instance filename: ./instances/200jobs/instanceLarge890_m=6_n=200_l=30_c=20_s=1.PMTC
Min temperature: 0.1
Max temperature: 0.5
Melhor Solução: 4155
Temp div: 16
MCL: 400
PTL: 75000
Elapsed time was: 507658
Maquina 1 : 168 43 163 9 166 123 193 191 162 160 167 65 133 59 6 112 122 139 63 85 18 25 171 95 141 73 125 92 106 117 197 45 
Maquina 2 : 61 175 126 131 10 38 152 114 12 17 66 82 132 107 86 113 189 161 77 1 128 174 96 140 134 173 150 31 75 64 91 69 78 136 
Maquina 3 : 90 97 118 198 56 74 27 146 184 195 55 8 2 148 88 182 14 84 44 36 127 54 138 40 100 183 30 143 50 99 24 177 33 94 
Maquina 4 : 156 34 116 49 104 187 0 67 188 28 37 194 57 130 155 179 144 102 80 89 109 72 110 157 176 41 151 111 124 15 192 16 
Maquina 5 : 120 21 93 178 29 11 35 83 147 153 39 142 58 185 87 7 19 32 199 47 76 186 181 103 115 154 52 3 5 13 158 
Maquina 6 : 137 48 172 170 79 196 81 108 23 62 42 26 190 46 60 135 180 4 51 98 121 70 53 22 119 164 149 165 105 101 20 68 129 145 169 71 159 
