Instance filename: ./instances/200jobs/instanceLarge1302_m=9_n=200_l=40_c=30_s=2.PMTC
Min temperature: 0.1
Max temperature: 0.5
Melhor Solução: 699
Temp div: 16
MCL: 400
PTL: 75000
Elapsed time was: 899021
Maquina 1 : 50 80 83 116 16 161 23 166 122 12 76 19 175 109 149 88 5 54 103 140 1 189 95 
Maquina 2 : 79 132 167 86 181 97 98 110 180 102 158 136 162 44 64 104 194 8 53 87 164 
Maquina 3 : 112 18 146 153 134 151 117 74 29 148 39 135 38 68 100 58 145 123 72 
Maquina 4 : 126 20 49 51 56 34 141 159 35 118 14 196 179 137 94 170 2 191 190 142 144 89 133 176 143 
Maquina 5 : 90 99 45 36 106 186 121 41 85 59 3 55 9 82 193 178 0 124 84 37 67 
Maquina 6 : 155 11 33 73 182 154 157 173 81 111 60 32 125 70 114 42 10 128 172 57 177 169 119 52 61 
Maquina 7 : 130 71 160 113 13 30 192 25 92 28 138 4 183 21 66 24 65 62 69 17 107 147 
Maquina 8 : 47 7 187 131 96 48 77 6 156 78 195 63 127 115 129 31 
Maquina 9 : 108 163 46 101 199 27 93 120 198 91 75 26 168 15 40 165 174 22 139 185 152 197 188 105 184 43 150 171 
