Instance filename: ./instances/200jobs/instanceLarge1122_m=8_n=200_l=30_c=20_s=2.PMTC
Min temperature: 0.1
Max temperature: 0.5
Melhor Solução: 784
Temp div: 16
MCL: 400
PTL: 75000
Elapsed time was: 1074362
Maquina 1 : 71 42 197 69 170 131 44 90 110 25 73 108 81 160 12 60 105 67 48 34 152 157 20 126 97 
Maquina 2 : 31 50 52 191 3 149 29 68 133 77 123 125 165 179 14 37 8 65 46 147 92 192 164 161 188 61 195 142 181 
Maquina 3 : 85 72 118 144 115 43 32 11 193 175 17 199 128 83 122 35 58 78 24 45 135 168 13 2 155 
Maquina 4 : 93 121 75 9 145 111 146 143 176 76 39 194 189 103 124 57 139 18 7 187 159 183 51 
Maquina 5 : 184 134 106 141 151 15 185 28 167 130 41 172 190 132 173 89 96 19 112 30 91 198 196 109 104 
Maquina 6 : 180 150 38 49 4 148 87 117 86 1 178 80 23 40 174 55 138 158 22 166 137 100 84 
Maquina 7 : 177 0 56 36 182 64 162 119 66 82 16 63 79 88 116 10 107 98 54 53 59 21 156 47 6 62 127 186 114 
Maquina 8 : 136 101 163 169 99 102 27 94 26 153 120 95 33 113 129 140 5 74 70 154 171 
