Instance filename: ./instances/200jobs/instanceLarge1431_m=10_n=200_l=40_c=30_s=2.PMTC
Min temperature: 0.1
Max temperature: 0.5
Melhor Solução: 657
Temp div: 16
MCL: 400
PTL: 75000
Elapsed time was: 841266
Maquina 1 : 12 157 31 146 85 21 19 41 120 191 29 136 65 35 100 20 167 114 3 125 192 
Maquina 2 : 79 184 93 180 169 188 133 63 190 130 26 151 14 77 173 149 25 71 32 
Maquina 3 : 34 53 148 8 78 124 154 5 27 30 58 111 36 161 55 91 166 81 152 22 
Maquina 4 : 110 141 69 164 123 198 163 185 199 84 52 189 135 6 88 183 117 142 47 196 
Maquina 5 : 162 50 155 87 159 15 54 59 140 28 10 89 116 99 101 83 127 
Maquina 6 : 70 132 165 177 106 42 56 51 175 182 168 75 33 179 134 43 62 2 170 131 178 160 150 45 
Maquina 7 : 57 115 61 46 1 153 139 112 104 193 122 40 17 94 121 103 129 74 186 
Maquina 8 : 92 23 102 158 48 67 126 197 18 174 95 80 109 49 64 144 105 
Maquina 9 : 119 60 118 145 86 96 24 97 38 39 108 16 187 113 7 143 107 73 68 195 4 11 
Maquina 10 : 0 137 156 98 128 181 82 138 171 37 176 76 9 172 90 13 66 194 44 147 72 
