Instance filename: ./instances/200jobs/instanceLarge1396_m=10_n=200_l=40_c=20_s=0.PMTC
Min temperature: 0.1
Max temperature: 0.5
Melhor Solução: 1708
Temp div: 16
MCL: 400
PTL: 75000
Elapsed time was: 931096
Maquina 1 : 104 97 64 175 145 45 124 99 7 13 79 108 146 31 151 
Maquina 2 : 40 2 106 10 194 144 71 139 192 163 89 142 119 196 58 130 19 126 167 33 37 131 53 
Maquina 3 : 120 179 190 161 109 34 154 150 63 93 105 128 141 11 178 65 158 127 102 113 
Maquina 4 : 172 122 81 62 9 67 28 148 1 76 42 115 86 110 46 98 182 12 177 143 
Maquina 5 : 168 22 69 84 29 35 132 197 169 157 111 47 133 90 36 176 74 92 60 21 48 
Maquina 6 : 23 125 180 189 107 123 26 193 195 57 165 101 199 162 14 183 100 147 112 166 170 
Maquina 7 : 171 118 44 16 82 121 149 114 38 95 156 185 61 17 129 164 135 155 191 18 83 88 
Maquina 8 : 4 66 78 5 54 152 80 75 39 116 181 15 43 153 134 20 55 174 117 91 
Maquina 9 : 159 30 70 136 6 173 68 27 198 94 56 85 73 138 140 137 96 
Maquina 10 : 187 188 49 25 77 32 186 50 52 8 87 51 59 103 160 72 24 3 184 41 0 
