Instance filename: ./instances/200jobs/instanceLarge977_m=7_n=200_l=30_c=10_s=1.PMTC
Min temperature: 0.1
Max temperature: 0.5
Melhor Solução: 2966
Temp div: 16
MCL: 400
PTL: 75000
Elapsed time was: 625167
Maquina 1 : 49 184 197 196 162 62 163 79 76 187 174 47 39 149 116 183 88 134 169 132 27 51 145 151 32 178 137 
Maquina 2 : 161 1 128 138 124 43 77 180 82 136 31 193 13 30 3 170 2 40 190 0 84 6 106 186 119 9 122 75 173 113 
Maquina 3 : 24 112 5 83 109 142 135 60 63 28 160 153 25 147 64 129 192 7 68 59 156 20 65 86 155 148 55 15 100 118 115 
Maquina 4 : 104 72 91 154 99 81 189 168 61 176 37 53 96 38 58 181 182 177 48 44 188 94 73 140 74 36 102 80 172 199 
Maquina 5 : 139 18 11 42 152 175 164 107 46 158 121 70 93 114 4 89 12 8 198 157 92 171 16 95 166 35 41 
Maquina 6 : 10 50 45 56 22 143 150 195 108 67 127 144 14 179 103 146 90 130 125 21 194 69 133 123 87 101 159 
Maquina 7 : 191 17 57 120 165 126 33 131 141 19 85 66 97 111 78 117 29 105 167 71 98 52 185 110 34 26 54 23 
