Instance filename: ./instances/200jobs/instanceLarge936_m=6_n=200_l=40_c=30_s=2.PMTC
Min temperature: 0.1
Max temperature: 0.5
Melhor Solução: 1097
Temp div: 16
MCL: 400
PTL: 75000
Elapsed time was: 498147
Maquina 1 : 104 147 56 20 115 88 186 130 118 168 89 153 173 141 175 190 169 180 92 152 16 28 1 4 9 23 178 79 194 122 73 
Maquina 2 : 143 41 66 161 63 14 135 156 160 19 98 105 179 57 84 183 124 54 60 55 185 149 6 114 51 44 125 81 109 182 132 184 80 40 181 12 13 
Maquina 3 : 165 76 138 94 77 113 134 37 45 112 50 123 148 85 142 167 62 8 78 97 52 72 189 87 38 10 58 111 177 163 191 59 69 49 71 17 2 
Maquina 4 : 48 39 53 195 0 95 172 70 36 26 164 3 199 61 162 43 126 15 119 34 65 91 188 170 18 25 64 7 110 158 93 47 145 22 
Maquina 5 : 193 144 99 11 21 139 166 42 187 174 136 129 68 120 151 67 101 154 127 33 140 35 5 82 46 24 128 121 86 75 108 83 
Maquina 6 : 176 133 30 116 146 96 29 117 159 171 100 27 106 198 131 74 192 150 90 107 32 197 102 31 137 157 196 155 103 
