Instance filename: ./instances/200jobs/instanceLarge1362_m=10_n=200_l=30_c=20_s=2.PMTC
Min temperature: 0.1
Max temperature: 0.5
Melhor Solução: 645
Temp div: 16
MCL: 400
PTL: 75000
Elapsed time was: 794912
Maquina 1 : 148 94 86 171 69 6 95 197 5 132 168 71 61 36 9 138 62 70 179 192 166 52 
Maquina 2 : 154 141 18 100 89 173 155 25 101 3 104 189 63 140 20 139 115 180 
Maquina 3 : 40 88 108 41 137 37 32 10 135 102 172 77 39 143 126 49 16 107 136 8 34 131 147 
Maquina 4 : 167 116 153 19 157 83 1 81 199 176 181 156 129 55 111 110 185 178 118 177 187 144 21 174 
Maquina 5 : 93 106 12 57 191 146 38 43 28 48 15 182 105 163 198 149 175 117 59 60 109 
Maquina 6 : 56 186 22 44 103 2 23 75 128 65 85 84 92 26 80 133 87 68 170 74 142 
Maquina 7 : 99 188 90 98 72 120 152 17 190 113 79 82 7 130 73 195 
Maquina 8 : 76 0 66 194 64 145 29 125 45 150 124 67 27 121 160 193 91 158 42 
Maquina 9 : 151 53 4 162 184 159 13 14 119 11 58 47 164 30 196 
Maquina 10 : 112 46 169 134 123 24 31 78 97 127 161 33 183 165 54 50 96 35 114 51 122 
