Instance filename: ./instances/200jobs/instanceLarge1251_m=9_n=200_l=30_c=20_s=2.PMTC
Min temperature: 0.1
Max temperature: 0.5
Melhor Solução: 719
Temp div: 16
MCL: 400
PTL: 75000
Elapsed time was: 713815
Maquina 1 : 171 85 165 189 113 24 7 149 93 181 25 75 123 179 169 185 82 198 107 155 160 152 50 77 183 166 
Maquina 2 : 5 46 42 193 11 128 13 34 120 161 73 36 188 83 141 196 57 154 121 59 31 
Maquina 3 : 148 89 38 162 97 1 33 139 58 127 56 164 70 74 176 45 119 32 167 194 150 98 157 3 53 66 17 4 
Maquina 4 : 2 61 136 72 55 14 191 178 44 21 78 122 54 94 112 8 142 90 192 92 124 114 
Maquina 5 : 168 9 30 71 175 180 40 12 111 143 67 65 173 106 174 108 15 129 103 10 
Maquina 6 : 95 125 18 195 99 187 115 69 163 197 170 47 101 172 28 39 68 118 117 76 
Maquina 7 : 37 147 6 0 105 63 64 87 29 27 49 126 144 16 48 138 131 100 96 156 26 
Maquina 8 : 88 41 43 110 102 91 116 153 104 158 52 109 140 51 22 190 146 133 199 130 159 35 
Maquina 9 : 81 86 177 182 186 62 19 135 60 145 20 134 84 80 23 132 184 151 137 79 
