Instance filename: ./instances/200jobs/instanceLarge981_m=7_n=200_l=30_c=10_s=2.PMTC
Min temperature: 0.1
Max temperature: 0.5
Melhor Solução: 885
Temp div: 16
MCL: 400
PTL: 75000
Elapsed time was: 1040868
Maquina 1 : 83 34 82 127 173 23 184 197 196 32 114 51 162 89 136 70 158 171 46 42 107 85 164 175 39 149 116 187 174 13 88 193 
Maquina 2 : 133 31 180 3 79 76 26 69 87 101 123 17 177 159 120 57 165 28 134 63 183 18 151 11 139 140 167 54 172 
Maquina 3 : 36 131 80 78 98 71 29 121 111 117 97 153 25 19 141 192 182 102 77 73 94 188 44 48 35 124 
Maquina 4 : 21 138 128 72 155 15 100 118 198 8 157 4 92 67 93 68 115 163 56 108 84 195 22 41 143 45 66 99 58 
Maquina 5 : 96 53 168 176 61 81 181 189 194 126 191 186 161 1 6 0 106 52 110 144 2 14 146 
Maquina 6 : 90 130 125 47 30 86 148 49 65 20 62 156 55 59 74 33 129 145 12 7 27 160 147 199 150 105 169 132 103 179 
Maquina 7 : 152 104 185 91 142 109 60 40 43 135 64 170 166 16 95 10 50 37 38 154 178 122 137 5 190 119 9 75 113 24 112 
