Instance filename: ./instances/200jobs/instanceLarge1209_m=9_n=200_l=30_c=10_s=2.PMTC
Min temperature: 0.1
Max temperature: 0.5
Melhor Solução: 658
Temp div: 16
MCL: 400
PTL: 75000
Elapsed time was: 833182
Maquina 1 : 164 44 54 124 105 128 133 51 80 101 32 149 94 138 76 183 13 157 36 116 4 43 147 109 
Maquina 2 : 23 191 35 165 199 189 153 194 2 14 72 176 88 168 181 48 104 83 53 30 141 26 
Maquina 3 : 180 22 161 97 135 73 171 10 134 142 154 152 132 61 169 64 65 170 1 174 27 
Maquina 4 : 120 75 148 198 162 95 146 187 96 98 126 159 158 112 143 89 55 0 49 46 139 78 
Maquina 5 : 197 193 37 167 74 82 24 179 40 92 127 111 150 91 81 59 113 151 52 45 66 79 
Maquina 6 : 70 77 177 6 41 71 131 119 25 18 188 8 190 137 115 155 144 118 196 175 15 16 
Maquina 7 : 34 195 145 129 140 117 3 192 58 5 90 110 184 185 50 42 186 62 130 114 68 87 33 
Maquina 8 : 182 39 160 12 99 11 166 123 102 60 136 84 107 106 57 125 93 121 21 28 85 17 86 67 
Maquina 9 : 108 19 100 56 38 7 103 172 20 29 173 122 69 9 156 47 163 178 31 63 
