Instance filename: ./instances/200jobs/instanceLarge1182_m=8_n=200_l=40_c=30_s=2.PMTC
Min temperature: 0.1
Max temperature: 0.5
Melhor Solução: 856
Temp div: 16
MCL: 400
PTL: 75000
Elapsed time was: 502170
Maquina 1 : 146 74 126 149 153 190 174 69 54 41 128 199 114 40 60 172 39 6 8 80 168 73 163 116 
Maquina 2 : 101 135 148 13 176 105 159 184 186 33 103 49 139 102 28 110 38 197 97 178 44 96 127 109 133 79 
Maquina 3 : 162 158 55 56 152 167 140 3 117 10 50 181 150 145 170 157 88 124 112 51 94 9 47 46 165 1 
Maquina 4 : 57 130 111 32 87 180 142 16 100 160 91 27 164 141 92 193 83 4 169 115 11 67 53 24 
Maquina 5 : 189 0 107 15 85 7 187 77 161 122 106 121 81 58 34 166 20 119 68 5 71 134 18 154 192 120 
Maquina 6 : 93 22 2 48 144 179 59 52 196 151 188 104 155 191 125 129 123 66 14 198 26 63 61 23 175 
Maquina 7 : 194 82 177 185 75 182 72 19 70 138 89 45 37 143 171 25 132 43 36 31 30 137 42 65 173 98 
Maquina 8 : 62 35 84 90 156 21 147 113 78 195 17 108 95 64 12 131 183 118 99 136 76 86 29 
