Instance filename: ./instances/200jobs/instanceLarge1179_m=8_n=200_l=40_c=30_s=2.PMTC
Min temperature: 0.1
Max temperature: 0.5
Melhor Solução: 820
Temp div: 16
MCL: 400
PTL: 75000
Elapsed time was: 616563
Maquina 1 : 199 196 22 10 33 3 117 51 72 19 155 70 138 156 37 177 74 190 149 17 126 108 165 136 
Maquina 2 : 99 101 163 82 116 68 119 5 71 134 18 174 124 69 54 26 113 182 195 78 102 171 49 88 170 157 145 
Maquina 3 : 150 185 94 85 15 107 159 80 168 73 186 16 139 133 184 127 96 44 178 97 197 38 
Maquina 4 : 110 28 4 83 90 84 35 62 98 173 105 93 176 13 148 135 143 89 140 167 175 141 164 100 91 27 125 
Maquina 5 : 25 75 129 29 86 34 40 24 60 158 65 137 42 87 32 180 8 142 92 6 193 121 81 58 111 130 46 47 9 21 63 
Maquina 6 : 0 39 112 153 7 187 77 57 198 183 131 118 106 122 161 14 66 123 128 1 41 45 31 2 
Maquina 7 : 48 160 12 95 64 50 189 114 147 103 144 179 59 52 151 188 104 76 109 132 181 36 152 
Maquina 8 : 43 30 172 61 23 56 55 162 79 166 194 154 192 120 11 53 191 67 115 169 146 20 
