Instance filename: ./instances/200jobs/instanceLarge1145_m=8_n=200_l=40_c=20_s=1.PMTC
Min temperature: 0.1
Max temperature: 0.5
Melhor Solução: 3244
Temp div: 16
MCL: 400
PTL: 75000
Elapsed time was: 1028215
Maquina 1 : 195 93 148 60 162 79 194 64 134 88 1 183 139 135 153 94 97 84 144 104 159 90 5 37 105 163 
Maquina 2 : 17 20 66 78 73 39 149 54 80 197 28 65 179 36 27 21 40 19 196 10 89 176 116 193 32 
Maquina 3 : 70 43 191 7 150 113 109 74 140 8 184 30 53 12 175 6 117 130 25 126 141 91 190 48 46 
Maquina 4 : 192 35 67 154 4 107 83 96 129 45 0 72 185 199 57 34 106 102 114 166 9 172 55 122 51 186 
Maquina 5 : 59 85 136 95 198 169 145 3 181 143 23 170 119 120 71 24 68 133 177 82 156 16 2 173 187 
Maquina 6 : 168 188 50 62 33 63 56 29 75 47 138 101 15 52 98 22 155 123 125 160 108 131 38 92 137 164 112 182 
Maquina 7 : 13 146 61 178 11 189 152 118 99 157 171 128 127 167 161 142 121 14 124 58 86 147 
Maquina 8 : 180 69 42 49 87 132 81 151 103 100 31 110 18 174 76 41 44 115 26 158 111 165 77 
