Instance filename: ./instances/200jobs/instanceLarge1271_m=9_n=200_l=40_c=20_s=1.PMTC
Min temperature: 0.1
Max temperature: 0.5
Melhor Solução: 2876
Temp div: 16
MCL: 400
PTL: 75000
Elapsed time was: 905133
Maquina 1 : 173 134 71 129 109 135 40 187 33 12 45 153 66 158 14 151 70 61 51 194 89 196 48 92 
Maquina 2 : 105 58 67 110 155 69 198 132 149 52 39 103 127 84 182 96 1 166 54 169 85 117 131 100 
Maquina 3 : 118 93 20 5 29 4 15 18 65 36 59 80 143 32 175 116 164 7 163 99 171 64 154 
Maquina 4 : 72 126 25 47 97 35 88 123 56 106 95 147 128 120 37 13 193 16 46 86 142 78 125 
Maquina 5 : 172 136 11 10 195 178 27 168 140 192 73 141 17 162 87 139 23 77 122 
Maquina 6 : 43 98 104 188 74 68 49 28 79 42 102 8 183 90 179 76 161 94 174 108 165 34 
Maquina 7 : 189 190 177 62 176 9 53 119 113 156 150 121 191 111 185 24 137 75 180 57 
Maquina 8 : 144 133 50 124 160 2 63 6 167 19 148 60 26 115 184 3 30 181 146 82 197 41 130 22 
Maquina 9 : 0 112 138 81 199 55 186 101 83 152 107 170 44 157 159 145 38 21 114 91 31 
