Instance filename: ./instances/200jobs/instanceLarge947_m=6_n=200_l=40_c=30_s=1.PMTC
Min temperature: 0.1
Max temperature: 0.5
Melhor Solução: 5610
Temp div: 16
MCL: 400
PTL: 75000
Elapsed time was: 843506
Maquina 1 : 172 95 0 199 3 185 62 8 38 87 10 58 177 111 84 183 76 53 52 138 9 114 70 195 92 20 190 135 157 196 176 
Maquina 2 : 103 23 141 166 139 151 36 178 144 194 99 11 69 59 56 153 173 61 89 168 118 130 77 34 94 182 44 78 72 189 
Maquina 3 : 97 79 175 17 71 49 105 19 160 155 146 117 29 96 39 48 163 93 47 145 22 86 193 158 110 7 35 120 68 136 156 64 66 
Maquina 4 : 18 170 65 91 15 126 127 33 5 82 140 98 31 32 107 6 45 164 197 21 123 186 137 121 115 41 143 73 133 122 83 108 75 16 152 28 
Maquina 5 : 4 1 26 54 124 60 161 14 2 180 169 109 81 125 25 51 129 134 37 102 104 148 147 13 12 165 50 63 149 112 167 142 85 174 181 
Maquina 6 : 187 42 119 40 88 80 184 101 154 132 67 43 128 24 46 55 57 191 188 162 179 159 171 100 198 27 106 30 116 192 131 74 150 90 113 
