Instance filename: ./instances/200jobs/instanceLarge1407_m=10_n=200_l=40_c=20_s=2.PMTC
Min temperature: 0.1
Max temperature: 0.5
Melhor Solução: 632
Temp div: 16
MCL: 400
PTL: 75000
Elapsed time was: 814197
Maquina 1 : 138 94 25 85 73 67 1 28 148 113 65 81 102 158 7 197 11 87 128 48 
Maquina 2 : 99 157 123 10 173 68 30 136 177 6 70 114 175 124 110 71 4 121 5 198 
Maquina 3 : 122 195 26 74 107 193 189 125 35 15 134 188 187 18 45 153 43 20 
Maquina 4 : 170 101 57 159 199 162 22 130 165 77 196 112 178 27 46 31 96 58 90 146 
Maquina 5 : 79 13 126 108 104 100 186 163 151 150 93 0 56 184 24 34 154 109 161 47 
Maquina 6 : 63 179 98 111 86 23 141 41 127 97 190 135 37 131 53 88 83 191 155 16 64 
Maquina 7 : 133 156 185 164 116 17 61 129 51 95 91 117 38 174 50 55 149 176 92 105 
Maquina 8 : 137 60 143 139 142 89 62 54 172 19 171 66 44 118 82 145 72 9 59 3 103 160 
Maquina 9 : 80 39 75 49 194 144 192 167 21 119 33 106 147 40 180 36 32 76 140 120 8 52 
Maquina 10 : 181 78 14 166 152 2 12 115 183 42 169 182 132 168 84 69 29 
