Instance filename: ./instances/200jobs/instanceLarge1428_m=10_n=200_l=40_c=30_s=2.PMTC
Min temperature: 0.1
Max temperature: 0.5
Melhor Solução: 666
Temp div: 16
MCL: 400
PTL: 75000
Elapsed time was: 467391
Maquina 1 : 154 87 83 10 28 140 59 54 15 159 127 135 125 189 76 69 176 122 171 82 
Maquina 2 : 138 181 196 155 162 16 187 113 61 12 134 38 58 183 117 21 
Maquina 3 : 18 151 14 173 149 71 32 107 34 53 148 8 198 123 164 141 68 41 19 
Maquina 4 : 17 85 146 157 23 92 186 74 72 147 180 188 169 44 129 
Maquina 5 : 194 66 13 90 89 124 36 161 55 166 81 152 22 110 193 39 97 24 96 109 139 153 
Maquina 6 : 1 172 9 25 3 114 88 142 70 184 105 144 119 60 118 145 86 163 185 
Maquina 7 : 84 52 199 7 73 108 29 191 120 136 65 35 100 20 167 132 77 99 116 101 64 30 
Maquina 8 : 111 27 5 112 103 102 168 182 175 56 51 42 106 177 165 150 45 57 
Maquina 9 : 115 37 46 195 94 11 0 137 4 156 98 128 6 31 170 178 131 160 63 190 130 133 158 48 
Maquina 10 : 67 126 197 40 104 26 91 121 143 2 62 93 179 33 75 47 78 49 79 43 192 174 95 50 80 
