Instance filename: ./instances/200jobs/instanceLarge1336_m=10_n=200_l=30_c=10_s=0.PMTC
Min temperature: 0.1
Max temperature: 0.5
Melhor Solução: 1357
Temp div: 16
MCL: 400
PTL: 75000
Elapsed time was: 759406
Maquina 1 : 97 52 170 133 39 85 121 177 51 188 75 198 98 13 138 107 44 148 150 
Maquina 2 : 60 42 50 134 153 183 53 89 108 144 128 79 37 189 55 186 124 59 63 7 155 73 
Maquina 3 : 40 143 102 23 147 6 104 95 152 90 118 92 72 12 8 70 87 14 163 174 159 28 
Maquina 4 : 77 191 185 47 58 117 103 194 176 167 81 190 82 24 25 164 168 21 38 45 146 
Maquina 5 : 154 158 10 19 9 161 84 35 62 141 135 127 29 41 74 171 132 130 182 34 
Maquina 6 : 109 172 69 20 64 157 197 88 33 46 91 3 123 100 178 192 160 
Maquina 7 : 110 67 145 113 116 173 48 66 80 149 122 136 22 120 187 114 162 96 2 
Maquina 8 : 175 131 180 78 36 65 184 126 111 93 71 26 15 61 99 137 105 27 11 83 49 166 
Maquina 9 : 165 142 139 43 156 0 119 1 151 140 18 195 86 54 199 112 125 193 101 
Maquina 10 : 4 30 106 169 17 5 32 56 115 57 94 31 76 68 181 16 196 179 129 
