Instance filename: ./instances/200jobs/instanceLarge1073_m=7_n=200_l=40_c=30_s=1.PMTC
Min temperature: 0.1
Max temperature: 0.5
Melhor Solução: 4955
Temp div: 16
MCL: 400
PTL: 75000
Elapsed time was: 633639
Maquina 1 : 76 57 104 116 182 172 31 64 95 147 145 166 75 107 16 35 10 192 6 144 25 28 74 83 120 19 118 165 30 
Maquina 2 : 115 15 29 188 90 71 91 9 17 89 69 181 62 59 82 52 81 146 97 154 55 102 131 87 46 100 123 
Maquina 3 : 127 162 155 44 189 63 109 140 0 142 163 67 49 11 96 176 195 41 14 141 168 151 110 78 
Maquina 4 : 94 136 58 179 38 39 143 193 183 161 160 187 27 34 126 175 153 133 134 114 26 177 178 196 2 56 158 65 20 32 92 
Maquina 5 : 152 33 85 66 112 128 180 48 23 194 24 51 167 139 108 159 47 191 117 72 106 135 132 88 173 93 170 129 199 
Maquina 6 : 22 198 171 122 3 150 186 184 60 197 40 53 174 157 68 137 50 190 138 99 111 12 130 8 164 4 185 21 45 1 148 
Maquina 7 : 105 84 73 18 37 5 54 98 125 121 156 124 42 149 7 86 103 113 80 77 70 13 101 169 61 36 119 79 43 
