Instance filename: ./instances/200jobs/instanceLarge1257_m=9_n=200_l=30_c=20_s=2.PMTC
Min temperature: 0.1
Max temperature: 0.5
Melhor Solução: 745
Temp div: 16
MCL: 400
PTL: 75000
Elapsed time was: 776365
Maquina 1 : 168 142 171 166 85 62 186 182 177 86 0 180 37 76 143 10 68 118 117 111 105 190 
Maquina 2 : 141 83 36 188 9 162 82 47 66 170 197 147 6 2 69 42 13 11 73 108 
Maquina 3 : 72 55 119 14 21 44 78 75 178 124 92 114 192 136 90 24 189 191 113 165 
Maquina 4 : 160 34 88 120 144 63 167 54 122 172 115 104 123 84 150 198 15 8 149 94 96 156 26 
Maquina 5 : 43 109 64 65 128 106 130 159 174 107 35 57 77 152 45 74 52 32 103 95 125 18 
Maquina 6 : 195 99 138 25 48 16 185 199 183 5 193 58 127 46 126 110 38 93 7 137 135 133 41 101 158 
Maquina 7 : 194 28 181 50 139 33 187 131 97 89 121 148 59 31 184 151 79 100 80 132 23 20 60 134 61 
Maquina 8 : 173 129 22 140 51 112 176 70 164 56 153 116 155 91 102 81 1 196 154 87 
Maquina 9 : 161 27 29 39 49 71 19 145 30 175 169 179 67 40 12 163 98 157 3 53 146 4 17 
