Instance filename: ./instances/200jobs/instanceLarge1155_m=8_n=200_l=40_c=20_s=2.PMTC
Min temperature: 0.1
Max temperature: 0.5
Melhor Solução: 750
Temp div: 16
MCL: 400
PTL: 75000
Elapsed time was: 948704
Maquina 1 : 115 158 101 186 17 173 65 107 111 153 77 92 38 176 3 165 164 26 88 199 43 47 116 167 
Maquina 2 : 127 128 161 59 23 11 9 99 51 140 20 72 150 113 109 8 68 122 7 13 146 61 152 36 48 
Maquina 3 : 6 117 100 82 151 132 81 87 49 42 41 1 134 64 162 183 118 86 171 121 58 94 
Maquina 4 : 189 14 69 124 84 179 169 191 57 55 114 166 141 185 24 168 35 193 30 80 148 195 93 130 172 60 147 
Maquina 5 : 76 44 159 56 125 37 180 90 5 163 19 139 187 126 110 97 105 135 34 79 133 156 74 190 
Maquina 6 : 197 28 67 119 33 177 31 18 103 25 131 46 45 112 16 182 96 154 83 53 12 91 78 
Maquina 7 : 85 174 66 192 62 54 71 120 102 4 198 170 145 136 95 143 184 15 194 70 32 106 104 144 50 178 52 22 155 98 
Maquina 8 : 160 123 10 21 108 138 29 175 63 75 157 2 188 89 73 142 39 149 129 137 0 181 27 196 40 
