Instance filename: ./instances/200jobs/instanceLarge1220_m=9_n=200_l=30_c=10_s=1.PMTC
Min temperature: 0.1
Max temperature: 0.5
Melhor Solução: 2268
Temp div: 16
MCL: 400
PTL: 75000
Elapsed time was: 759364
Maquina 1 : 60 45 138 190 71 18 193 132 139 134 103 7 38 100 19 85 150 88 72 67 108 17 
Maquina 2 : 86 157 76 21 28 36 43 147 23 109 198 180 104 53 168 151 83 30 31 141 178 
Maquina 3 : 149 188 145 25 8 20 99 126 187 163 148 170 131 174 161 47 183 135 73 27 105 171 65 146 101 
Maquina 4 : 32 51 94 78 10 34 142 13 137 155 118 154 129 70 140 117 64 80 128 162 50 
Maquina 5 : 167 74 82 179 98 127 160 1 184 12 191 120 152 35 46 197 90 112 89 87 159 55 143 164 
Maquina 6 : 77 115 124 54 185 169 44 40 96 24 6 144 75 15 16 175 195 196 199 37 
Maquina 7 : 0 181 48 9 156 172 29 173 69 122 4 114 116 3 97 61 63 119 42 39 33 
Maquina 8 : 95 11 121 79 182 52 59 81 66 113 91 111 26 22 49 194 153 165 92 189 14 176 2 
Maquina 9 : 110 68 133 5 41 58 158 177 56 186 130 93 192 62 125 57 107 106 123 84 102 136 166 
