Instance filename: ./instances/200jobs/instanceLarge1319_m=9_n=200_l=40_c=30_s=1.PMTC
Min temperature: 0.1
Max temperature: 0.5
Melhor Solução: 3758
Temp div: 16
MCL: 400
PTL: 75000
Elapsed time was: 638110
Maquina 1 : 129 31 108 163 46 101 168 15 54 5 88 109 175 169 38 127 192 149 91 59 77 
Maquina 2 : 21 48 174 165 30 53 188 105 184 43 78 171 150 41 25 92 28 33 11 155 67 121 
Maquina 3 : 89 2 131 152 158 162 123 133 176 49 193 68 29 34 4 57 156 183 56 42 26 75 198 136 63 
Maquina 4 : 191 190 170 180 50 84 80 83 106 37 119 94 52 81 61 195 20 126 72 40 145 64 104 194 
Maquina 5 : 8 103 164 18 112 134 10 115 172 6 178 185 82 9 197 27 93 186 199 144 179 196 
Maquina 6 : 14 159 22 102 118 55 3 13 113 160 71 138 98 167 132 79 189 1 143 35 177 
Maquina 7 : 51 142 173 117 140 111 85 187 19 24 65 62 17 69 107 147 7 47 0 95 124 60 32 
Maquina 8 : 139 125 70 114 120 128 66 151 153 130 146 36 86 99 90 45 182 137 97 181 110 44 
Maquina 9 : 157 154 73 74 58 100 96 141 87 76 12 122 166 23 161 16 116 135 39 148 
