Instance filename: ./instances/200jobs/instanceLarge1375_m=10_n=200_l=30_c=20_s=0.PMTC
Min temperature: 0.1
Max temperature: 0.5
Melhor Solução: 1847
Temp div: 16
MCL: 400
PTL: 75000
Elapsed time was: 994875
Maquina 1 : 25 101 155 173 89 100 179 18 72 180 57 133 188 166 152 145 59 66 76 113 79 85 
Maquina 2 : 171 6 69 95 34 39 10 158 88 117 115 139 20 197 63 140 29 102 77 172 148 
Maquina 3 : 162 91 195 27 130 7 73 114 35 96 90 189 181 121 67 160 40 104 19 153 157 
Maquina 4 : 83 33 183 54 165 51 122 0 112 24 86 123 120 161 97 78 107 16 21 
Maquina 5 : 144 136 8 147 131 50 134 26 80 169 92 125 84 196 184 64 194 65 31 82 60 191 146 
Maquina 6 : 127 38 43 48 28 56 109 1 81 124 199 3 46 167 45 182 15 105 150 198 149 
Maquina 7 : 163 175 41 190 178 71 129 111 156 176 118 177 110 185 52 128 75 23 2 103 
Maquina 8 : 44 186 22 192 94 193 151 42 53 4 13 14 116 47 
Maquina 9 : 58 119 11 49 17 170 68 141 74 87 5 187 132 168 61 36 9 138 70 
Maquina 10 : 142 154 12 99 62 98 55 93 135 30 174 106 159 164 126 143 108 137 37 32 
