Instance filename: ./instances/200jobs/instanceLarge1232_m=9_n=200_l=30_c=20_s=1.PMTC
Min temperature: 0.1
Max temperature: 0.5
Melhor Solução: 2727
Temp div: 16
MCL: 400
PTL: 75000
Elapsed time was: 726688
Maquina 1 : 121 31 110 79 12 100 80 132 23 151 134 60 135 5 183 169 82 107 46 155 106 174 77 
Maquina 2 : 148 122 57 35 166 81 111 16 197 2 42 13 128 11 21 153 116 91 102 30 19 136 71 
Maquina 3 : 145 188 90 168 142 70 164 127 193 58 139 33 97 38 1 162 184 89 61 199 3 98 
Maquina 4 : 157 53 104 158 109 52 22 190 140 129 4 17 66 47 170 146 180 37 64 147 0 173 154 143 105 36 
Maquina 5 : 83 141 196 51 10 86 177 182 186 62 85 171 131 94 125 18 25 48 126 
Maquina 6 : 84 156 96 165 26 138 194 41 43 101 20 172 54 167 6 118 63 39 27 161 29 49 175 
Maquina 7 : 73 150 115 187 99 74 195 189 113 24 160 76 114 117 185 152 40 163 69 179 198 9 
Maquina 8 : 181 123 87 75 50 133 192 124 92 95 103 59 7 93 137 28 159 130 67 65 
Maquina 9 : 108 15 8 149 88 112 32 176 45 119 68 120 144 34 78 56 191 44 178 14 55 72 
