Instance filename: ./instances/200jobs/instanceLarge886_m=6_n=200_l=30_c=20_s=0.PMTC
Min temperature: 0.1
Max temperature: 0.5
Melhor Solução: 3193
Temp div: 16
MCL: 400
PTL: 75000
Elapsed time was: 847701
Maquina 1 : 55 195 89 109 36 54 44 169 71 145 159 156 2 99 50 182 104 173 12 184 148 53 1 57 177 33 116 24 91 138 28 79 4 69 
Maquina 2 : 78 136 49 199 160 90 56 150 198 74 167 146 23 62 121 108 94 124 110 41 176 151 111 63 9 166 123 193 191 162 66 187 85 
Maquina 3 : 113 25 147 51 119 22 164 149 165 105 101 20 129 68 131 126 175 61 45 197 117 103 141 118 31 134 140 75 64 30 194 170 178 
Maquina 4 : 92 35 60 153 83 196 100 142 112 6 39 59 192 16 120 47 133 65 77 70 46 76 135 98 180 181 172 115 186 128 0 189 
Maquina 5 : 144 102 14 163 157 80 168 43 10 171 95 18 139 88 114 107 58 185 87 7 19 32 8 3 38 152 67 188 86 161 
Maquina 6 : 93 21 11 29 37 106 15 17 84 40 13 158 5 48 122 137 155 82 130 143 179 34 72 154 52 127 97 132 27 183 81 73 125 190 42 26 174 96 
