Instance filename: ./instances/200jobs/instanceLarge1093_m=8_n=200_l=30_c=10_s=0.PMTC
Min temperature: 0.1
Max temperature: 0.5
Melhor Solução: 1332
Temp div: 16
MCL: 400
PTL: 75000
Elapsed time was: 995488
Maquina 1 : 101 155 180 160 194 187 97 118 143 12 76 130 192 95 78 59 109 132 102 93 176 80 73 149 
Maquina 2 : 124 89 128 13 148 70 170 100 153 114 171 82 63 105 133 151 7 34 134 168 42 107 79 139 
Maquina 3 : 169 157 23 162 19 50 29 33 197 177 16 44 81 135 126 174 142 57 66 116 99 164 131 
Maquina 4 : 67 20 0 193 10 36 21 150 28 92 27 49 3 108 123 35 8 96 120 30 178 84 45 90 
Maquina 5 : 31 183 69 158 86 38 127 129 32 24 163 1 115 191 58 199 179 173 4 91 46 11 119 41 68 
Maquina 6 : 40 122 156 87 125 26 88 43 184 62 154 55 5 9 2 182 140 61 6 159 94 103 85 111 167 190 
Maquina 7 : 17 75 72 18 185 56 60 25 166 181 39 117 136 71 106 47 161 110 121 104 189 196 48 175 172 198 165 15 37 
Maquina 8 : 98 53 188 146 138 145 112 64 113 77 137 83 65 54 152 22 147 74 14 51 141 144 195 52 186 
