Instance filename: ./instances/200jobs/instanceLarge1307_m=9_n=200_l=40_c=30_s=1.PMTC
Min temperature: 0.1
Max temperature: 0.5
Melhor Solução: 3791
Temp div: 16
MCL: 400
PTL: 75000
Elapsed time was: 652604
Maquina 1 : 164 103 8 194 104 64 145 72 126 20 195 127 32 60 111 140 117 173 191 190 
Maquina 2 : 142 186 39 100 47 98 61 130 71 160 113 13 30 37 106 27 52 81 63 9 70 23 166 122 
Maquina 3 : 12 54 76 87 141 35 118 22 14 196 179 97 144 137 94 170 148 135 4 40 11 155 
Maquina 4 : 65 92 28 25 192 149 58 86 33 74 73 182 154 157 139 124 0 95 51 45 49 
Maquina 5 : 53 29 90 143 176 133 89 123 162 158 102 136 44 110 181 99 119 169 177 57 16 161 128 116 159 
Maquina 6 : 114 125 198 75 180 26 42 36 55 193 34 68 153 146 18 185 7 91 112 78 156 6 
Maquina 7 : 77 48 183 21 24 66 62 93 138 147 187 131 2 172 38 129 31 108 163 46 199 3 120 10 115 
Maquina 8 : 134 82 150 171 174 88 109 175 96 67 56 41 121 19 85 59 15 168 101 
Maquina 9 : 165 152 197 188 105 184 50 83 80 84 178 43 151 107 5 17 69 1 189 79 132 167 
