Instance filename: ./instances/200jobs/instanceLarge904_m=6_n=200_l=40_c=20_s=0.PMTC
Min temperature: 0.1
Max temperature: 0.5
Melhor Solução: 1748
Temp div: 16
MCL: 400
PTL: 75000
Elapsed time was: 1063468
Maquina 1 : 160 170 38 80 124 41 110 94 126 43 55 174 83 17 182 118 79 108 27 162 149 158 103 136 122 59 121 87 163 165 72 34 36 
Maquina 2 : 77 99 35 147 66 138 199 18 178 44 74 60 73 153 183 67 50 70 140 190 58 198 193 0 134 194 1 168 89 107 105 
Maquina 3 : 63 46 96 12 53 71 148 90 29 191 85 82 185 76 93 33 117 92 184 75 154 21 19 175 39 181 128 37 78 56 113 25 57 145 
Maquina 4 : 139 164 98 161 22 176 42 81 13 68 144 150 10 133 84 155 192 48 169 88 52 142 120 131 11 26 114 166 189 135 196 125 3 
Maquina 5 : 129 115 106 15 127 180 65 116 167 119 156 179 86 137 112 51 102 69 143 62 157 151 31 28 8 2 123 109 187 152 47 101 40 141 14 
Maquina 6 : 16 54 6 195 49 24 173 20 64 130 171 172 23 30 177 32 97 7 9 132 111 159 91 188 4 197 104 146 186 5 100 61 95 45 
