Instance filename: ./instances/200jobs/instanceLarge987_m=7_n=200_l=30_c=10_s=2.PMTC
Min temperature: 0.1
Max temperature: 0.5
Melhor Solução: 925
Temp div: 16
MCL: 400
PTL: 75000
Elapsed time was: 790944
Maquina 1 : 62 33 59 156 20 65 148 49 86 155 100 55 15 118 72 128 138 1 161 77 106 144 6 0 2 165 57 54 
Maquina 2 : 111 78 67 17 159 80 131 123 87 69 135 191 96 58 127 194 53 181 32 99 81 189 168 61 176 76 
Maquina 3 : 193 31 21 180 82 44 137 182 94 48 66 141 3 192 153 25 132 63 28 109 101 64 40 91 142 183 60 188 95 18 152 85 104 198 115 
Maquina 4 : 120 175 164 24 163 107 8 158 112 170 136 186 92 79 157 133 125 130 146 90 103 179 102 30 169 126 134 39 47 116 196 
Maquina 5 : 197 184 43 173 23 187 129 7 160 27 12 145 51 151 14 199 42 74 11 139 172 68 140 73 177 35 124 
Maquina 6 : 114 4 93 117 89 162 171 121 70 46 149 13 97 88 174 19 84 147 56 150 108 195 143 22 
Maquina 7 : 45 166 16 41 10 50 38 37 178 154 5 190 9 119 75 122 113 29 167 105 98 52 71 110 34 26 36 185 83 
