Instance filename: ./instances/200jobs/instanceLarge1201_m=9_n=200_l=30_c=10_s=0.PMTC
Min temperature: 0.1
Max temperature: 0.5
Melhor Solução: 1256
Temp div: 16
MCL: 400
PTL: 75000
Elapsed time was: 949056
Maquina 1 : 43 147 4 116 23 3 11 36 78 117 50 195 70 22 26 171 68 12 49 46 45 197 
Maquina 2 : 79 37 48 181 156 9 69 172 173 29 122 65 94 32 128 80 51 25 18 109 133 27 1 
Maquina 3 : 5 184 110 120 58 42 39 33 186 192 62 130 93 114 152 38 100 19 0 85 28 193 40 179 74 
Maquina 4 : 167 121 182 168 151 52 59 81 91 111 150 66 63 113 178 31 141 30 83 104 53 
Maquina 5 : 180 101 170 41 71 6 177 16 175 15 199 75 144 148 54 164 115 129 163 188 
Maquina 6 : 140 73 183 161 174 131 47 135 160 127 82 57 107 84 166 102 106 136 99 123 189 
Maquina 7 : 77 90 158 88 143 55 126 87 159 35 112 139 89 162 64 96 187 146 198 98 103 8 
Maquina 8 : 20 145 56 67 108 2 72 97 17 86 21 190 196 125 176 118 155 137 157 76 13 138 
Maquina 9 : 34 60 10 142 134 132 119 61 95 149 169 44 154 124 185 24 14 105 92 194 153 165 7 191 
