Instance filename: ./instances/200jobs/instanceLarge979_m=7_n=200_l=30_c=10_s=0.PMTC
Min temperature: 0.1
Max temperature: 0.5
Melhor Solução: 1977
Temp div: 16
MCL: 400
PTL: 75000
Elapsed time was: 683347
Maquina 1 : 8 108 37 42 11 14 146 52 71 179 34 110 167 105 98 103 193 102 26 13 133 31 180 122 9 190 119 113 75 173 
Maquina 2 : 112 5 24 104 29 83 63 154 28 91 109 142 60 135 40 195 101 64 162 82 76 163 79 196 197 184 43 23 
Maquina 3 : 137 48 151 145 51 89 32 41 66 99 50 61 176 168 81 53 194 181 189 126 186 18 139 149 183 116 
Maquina 4 : 134 39 88 169 12 132 199 27 129 7 160 150 56 143 45 10 177 58 96 191 123 69 87 187 0 6 144 2 106 
Maquina 5 : 68 136 17 78 54 165 111 67 159 120 115 57 93 192 3 19 141 25 153 171 97 117 46 121 70 158 22 107 164 85 
Maquina 6 : 175 152 174 147 131 182 80 172 74 36 140 73 127 94 188 30 38 90 130 125 47 156 15 62 148 86 49 20 155 
Maquina 7 : 65 55 59 100 33 114 35 4 124 138 72 84 128 21 178 161 44 1 77 170 166 95 16 92 157 198 118 185 
