Instance filename: ./instances/200jobs/instanceLarge875_m=6_n=200_l=30_c=20_s=1.PMTC
Min temperature: 0.1
Max temperature: 0.5
Melhor Solução: 4175
Temp div: 16
MCL: 400
PTL: 75000
Elapsed time was: 502140
Maquina 1 : 156 167 159 169 71 97 129 68 101 105 165 149 164 14 13 110 36 177 195 55 63 3 130 143 125 52 72 127 103 171 
Maquina 2 : 145 40 82 25 132 107 86 85 18 186 172 115 181 98 155 95 109 53 100 154 138 28 188 91 24 99 50 2 116 33 118 141 84 182 51 
Maquina 3 : 119 19 32 79 113 76 162 180 66 160 199 49 136 90 150 56 198 74 146 173 134 140 31 75 57 194 64 183 30 170 142 83 147 23 58 185 
Maquina 4 : 87 189 11 21 29 93 161 8 128 1 96 174 26 190 42 46 135 60 4 70 69 62 121 108 78 124 94 111 151 41 176 157 34 168 43 
Maquina 5 : 163 9 166 123 193 37 191 77 67 0 187 104 81 73 117 106 92 35 178 47 120 16 192 59 133 65 15 122 5 48 
Maquina 6 : 137 158 20 197 61 45 152 12 175 179 126 131 10 38 22 80 144 102 89 153 54 148 184 44 7 39 196 27 114 17 88 139 112 6 
