Instance filename: ./instances/200jobs/instanceLarge909_m=6_n=200_l=40_c=20_s=2.PMTC
Min temperature: 0.1
Max temperature: 0.5
Melhor Solução: 1065
Temp div: 16
MCL: 400
PTL: 75000
Elapsed time was: 721952
Maquina 1 : 11 183 199 26 191 96 29 85 71 90 113 148 70 22 179 69 112 119 137 116 143 31 65 15 198 9 163 167 156 86 99 184 32 28 122 57 
Maquina 2 : 1 115 39 107 117 175 134 5 168 37 42 176 102 3 124 27 74 106 127 192 16 100 59 87 95 146 186 45 104 33 
Maquina 3 : 188 76 77 125 166 135 196 114 144 120 88 131 169 81 93 172 185 21 43 130 20 55 64 174 75 155 19 181 110 118 182 
Maquina 4 : 44 79 103 162 136 149 128 173 180 30 48 157 62 23 84 150 10 24 94 132 97 49 195 13 4 197 193 0 190 140 82 51 67 46 
Maquina 5 : 111 73 177 14 34 194 63 105 7 89 159 52 78 139 56 161 98 108 145 50 164 189 40 133 72 92 158 61 165 68 121 153 60 142 91 36 147 35 
Maquina 6 : 66 138 18 129 178 101 54 47 152 25 8 141 151 58 12 187 123 109 53 2 6 154 17 126 83 171 41 80 170 38 160 
