Instance filename: ./instances/200jobs/instanceLarge1269_m=9_n=200_l=40_c=20_s=2.PMTC
Min temperature: 0.1
Max temperature: 0.5
Melhor Solução: 724
Temp div: 16
MCL: 400
PTL: 75000
Elapsed time was: 1259524
Maquina 1 : 58 142 46 17 115 34 155 141 162 32 186 20 13 5 175 4 163 47 96 45 40 
Maquina 2 : 122 14 29 153 2 50 160 199 137 66 132 106 148 60 26 69 55 67 149 98 52 
Maquina 3 : 39 102 127 43 74 136 183 28 107 23 77 134 49 139 87 179 97 7 197 24 64 171 
Maquina 4 : 116 164 191 95 185 189 190 177 62 176 9 51 178 89 118 53 54 104 78 172 42 68 110 101 
Maquina 5 : 105 85 166 92 169 72 70 154 126 80 143 158 61 25 151 196 21 38 180 145 159 157 170 165 138 
Maquina 6 : 135 187 123 35 88 83 129 152 59 71 36 15 65 18 6 11 195 27 140 194 93 192 1 
Maquina 7 : 131 117 198 48 100 103 76 173 125 31 113 188 114 156 10 150 109 111 108 57 90 121 144 
Maquina 8 : 79 184 119 12 73 30 168 161 181 146 41 82 130 22 0 112 94 91 
Maquina 9 : 37 19 147 128 120 16 193 33 182 3 84 56 174 75 81 8 99 44 86 63 124 133 167 
