Instance filename: ./instances/200jobs/instanceLarge1288_m=9_n=200_l=40_c=20_s=0.PMTC
Min temperature: 0.1
Max temperature: 0.5
Melhor Solução: 2440
Temp div: 16
MCL: 400
PTL: 75000
Elapsed time was: 793045
Maquina 1 : 24 9 145 38 136 172 79 91 160 97 119 181 12 73 124 161 146 3 82 41 144 30 130 184 93 27 
Maquina 2 : 168 192 140 43 139 179 34 87 174 185 75 108 175 42 176 29 13 199 137 186 
Maquina 3 : 47 106 66 2 44 132 167 50 86 81 63 121 99 36 8 183 102 198 76 173 31 125 28 
Maquina 4 : 95 113 53 114 101 78 115 68 188 98 49 104 169 23 94 14 122 85 96 153 45 33 16 
Maquina 5 : 120 62 143 128 110 158 133 111 57 20 150 156 59 10 157 195 11 6 65 18 
Maquina 6 : 71 180 165 152 159 107 170 83 35 88 0 162 123 134 138 112 22 182 191 40 39 
Maquina 7 : 131 109 15 117 100 64 147 70 194 48 105 151 196 178 61 89 92 51 19 154 126 72 25 1 135 
Maquina 8 : 129 187 21 190 177 189 155 197 80 171 141 164 7 32 193 116 54 84 163 56 37 58 166 4 
Maquina 9 : 5 46 142 17 77 127 103 74 118 52 149 67 55 69 90 26 60 148 
