Instance filename: ./instances/200jobs/instanceLarge1377_m=10_n=200_l=30_c=20_s=2.PMTC
Min temperature: 0.1
Max temperature: 0.5
Melhor Solução: 662
Temp div: 16
MCL: 400
PTL: 75000
Elapsed time was: 910110
Maquina 1 : 109 145 29 102 77 172 148 98 0 7 130 73 195 91 184 4 13 14 
Maquina 2 : 119 116 11 62 58 47 164 30 196 112 178 80 84 125 92 85 192 169 170 68 141 
Maquina 3 : 87 74 99 188 90 133 50 26 71 96 35 114 3 69 20 197 25 108 101 189 181 135 63 
Maquina 4 : 61 36 70 138 142 154 106 82 48 93 174 144 39 187 118 177 185 110 
Maquina 5 : 111 55 129 60 150 41 175 198 149 163 117 182 105 15 104 190 66 56 76 113 
Maquina 6 : 79 16 49 126 143 34 115 88 10 40 32 37 65 137 194 64 167 
Maquina 7 : 45 140 122 51 165 54 183 179 83 33 12 186 22 44 2 191 146 128 75 
Maquina 8 : 161 23 153 19 157 193 176 156 131 147 27 21 136 8 162 53 42 94 166 86 
Maquina 9 : 158 160 67 121 132 168 5 43 59 17 139 38 46 81 199 124 1 134 123 24 9 
Maquina 10 : 31 127 97 103 28 78 107 120 72 152 52 57 159 180 18 100 89 173 155 151 171 6 95 
