Instance filename: ./instances/200jobs/instanceLarge843_m=6_n=200_l=30_c=10_s=2.PMTC
Min temperature: 0.1
Max temperature: 0.5
Melhor Solução: 1003
Temp div: 16
MCL: 400
PTL: 75000
Elapsed time was: 896945
Maquina 1 : 179 102 37 68 163 135 45 26 95 104 71 19 74 76 188 198 49 94 99 169 176 43 117 189 93 197 84 13 60 96 
Maquina 2 : 155 48 153 44 145 131 124 38 42 52 112 62 36 98 59 128 141 140 110 142 24 107 167 137 180 138 21 81 172 158 193 125 196 25 
Maquina 3 : 175 70 23 185 41 9 183 147 194 53 20 133 177 159 157 79 97 7 191 171 195 168 31 113 73 103 16 1 75 115 77 92 50 154 187 5 164 
Maquina 4 : 121 91 156 173 162 2 56 126 136 29 39 65 15 111 165 119 130 6 108 89 190 47 129 30 63 199 143 64 192 
Maquina 5 : 85 8 61 46 69 123 182 149 4 151 122 170 17 109 82 22 150 160 51 174 100 33 10 118 66 144 27 114 120 127 57 
Maquina 6 : 86 181 58 55 28 146 90 178 14 152 186 72 35 101 3 105 166 34 80 18 67 134 161 87 54 88 132 106 32 184 40 12 139 0 148 116 78 83 11 
