Instance filename: ./instances/200jobs/instanceLarge1129_m=8_n=200_l=30_c=20_s=0.PMTC
Min temperature: 0.1
Max temperature: 0.5
Melhor Solução: 2859
Temp div: 16
MCL: 400
PTL: 75000
Elapsed time was: 606545
Maquina 1 : 87 68 29 50 191 31 20 52 54 98 88 10 107 117 79 63 141 19 167 166 40 23 18 149 26 94 102 
Maquina 2 : 99 169 163 188 180 109 196 198 91 30 72 112 8 65 104 46 92 192 15 199 128 146 111 143 
Maquina 3 : 39 194 193 58 124 35 189 119 114 101 53 21 47 156 6 62 183 14 179 37 108 5 134 184 187 
Maquina 4 : 7 51 24 135 168 13 76 123 125 130 172 28 190 132 181 105 85 185 16 81 162 36 64 
Maquina 5 : 56 0 27 11 177 100 137 84 55 22 158 86 93 121 57 59 139 122 83 78 174 69 170 131 110 
Maquina 6 : 82 66 126 61 176 97 25 195 12 160 60 67 133 77 73 95 120 153 3 103 136 182 43 175 161 17 142 89 
Maquina 7 : 173 151 157 96 152 48 34 197 145 127 9 75 147 106 70 74 171 140 164 154 148 4 150 186 38 49 165 
Maquina 8 : 115 80 178 1 33 113 129 41 2 44 155 116 71 42 32 90 45 159 118 138 144 
