Instance filename: ./instances/200jobs/instanceLarge1384_m=10_n=200_l=40_c=20_s=0.PMTC
Min temperature: 0.1
Max temperature: 0.5
Melhor Solução: 772
Temp div: 16
MCL: 400
PTL: 75000
Elapsed time was: 940029
Maquina 1 : 186 87 52 59 9 72 145 139 0 24 184 11 13 64 97 187 104 175 114 
Maquina 2 : 98 86 99 111 23 125 43 78 35 189 195 107 26 193 50 48 150 60 130 
Maquina 3 : 128 105 137 62 96 169 89 49 77 167 143 196 119 141 28 127 92 142 93 31 90 71 151 
Maquina 4 : 66 106 44 118 181 148 121 19 171 164 16 82 149 3 133 156 61 17 191 88 83 
Maquina 5 : 129 4 168 146 155 21 147 180 36 32 140 56 94 138 25 1 73 41 85 108 
Maquina 6 : 198 122 81 172 158 113 157 197 74 194 80 65 182 152 124 183 115 
Maquina 7 : 45 42 12 165 126 57 100 2 101 159 199 162 22 29 84 14 5 166 116 
Maquina 8 : 40 102 120 8 170 178 112 39 75 185 15 54 134 188 176 18 153 20 132 55 
Maquina 9 : 174 95 117 38 51 91 67 110 177 70 6 68 136 173 10 30 144 160 69 154 34 109 161 
Maquina 10 : 47 76 179 103 131 37 190 53 123 33 135 63 192 58 163 79 7 27 46 
