Instance filename: ./instances/200jobs/instanceLarge1075_m=7_n=200_l=40_c=30_s=0.PMTC
Min temperature: 0.1
Max temperature: 0.5
Melhor Solução: 2621
Temp div: 16
MCL: 400
PTL: 75000
Elapsed time was: 616828
Maquina 1 : 43 84 105 134 133 153 174 175 188 56 90 39 6 192 166 16 35 10 33 94 163 67 49 78 110 87 107 75 122 171 
Maquina 2 : 198 179 136 142 9 91 161 13 76 162 155 44 189 63 109 160 168 140 55 93 170 173 88 135 132 106 41 
Maquina 3 : 32 146 97 117 68 121 156 73 18 5 54 98 37 199 187 183 40 197 53 130 89 69 181 1 62 145 59 
Maquina 4 : 81 52 152 85 17 71 137 195 176 58 127 0 143 131 102 30 129 50 118 23 120 19 72 92 196 2 178 65 20 112 
Maquina 5 : 128 48 29 66 157 151 148 124 108 101 7 149 42 113 77 70 80 158 86 103 38 114 22 47 191 159 51 167 123 
Maquina 6 : 24 99 26 180 14 147 95 64 31 172 182 116 104 57 82 60 184 186 3 150 111 193 164 8 4 12 177 141 
Maquina 7 : 79 119 36 61 169 27 126 34 115 15 138 190 194 125 25 144 185 45 21 28 74 83 165 154 11 96 139 100 46 
