Instance filename: ./instances/200jobs/instanceLarge1440_m=10_n=200_l=40_c=30_s=2.PMTC
Min temperature: 0.1
Max temperature: 0.5
Melhor Solução: 674
Temp div: 16
MCL: 400
PTL: 75000
Elapsed time was: 928577
Maquina 1 : 154 41 118 174 192 79 43 49 30 113 187 24 97 162 16 65 9 76 122 17 
Maquina 2 : 68 94 61 23 12 108 134 93 179 33 75 168 103 182 171 37 176 189 
Maquina 3 : 52 199 84 7 14 18 197 131 178 160 123 69 164 39 193 110 22 152 81 
Maquina 4 : 166 55 91 161 36 111 58 70 142 38 150 45 57 117 115 62 2 170 67 126 48 186 74 
Maquina 5 : 72 147 180 188 169 194 66 13 90 172 99 89 10 28 140 59 15 159 
Maquina 6 : 87 155 50 95 80 82 53 125 157 146 31 85 21 19 109 135 56 20 100 35 136 120 191 29 175 
Maquina 7 : 51 141 42 106 177 165 5 6 102 27 54 196 184 181 138 119 60 105 144 64 
Maquina 8 : 1 153 139 77 173 149 86 163 185 198 124 78 8 148 116 4 
Maquina 9 : 11 0 137 98 128 156 132 167 114 3 183 88 25 127 83 101 71 32 
Maquina 10 : 34 107 73 46 195 151 44 143 121 40 47 104 26 63 190 130 133 158 92 145 112 129 96 
