Instance filename: ./instances/200jobs/instanceLarge1044_m=7_n=200_l=40_c=20_s=2.PMTC
Min temperature: 0.1
Max temperature: 0.5
Melhor Solução: 815
Temp div: 16
MCL: 400
PTL: 75000
Elapsed time was: 1211492
Maquina 1 : 155 37 29 134 40 44 86 109 193 81 171 141 33 76 174 105 59 104 185 112 72 11 165 153 82 36 17 88 92 
Maquina 2 : 78 179 50 135 132 43 121 183 114 140 190 64 8 178 98 34 20 156 63 102 55 127 147 103 97 195 0 84 
Maquina 3 : 61 111 116 154 74 90 19 100 7 85 22 83 106 196 24 146 94 137 133 56 142 93 120 131 170 79 169 95 161 197 108 
Maquina 4 : 176 187 175 199 119 118 181 164 168 152 26 129 124 69 194 45 188 49 1 150 191 21 15 159 136 123 162 128 12 101 
Maquina 5 : 107 130 13 139 28 60 66 39 149 65 145 117 38 173 99 87 71 115 198 113 182 58 167 110 148 68 46 126 
Maquina 6 : 35 122 158 62 54 52 67 4 163 18 27 160 151 180 42 144 166 96 177 25 30 16 51 91 
Maquina 7 : 57 75 48 157 3 125 53 186 32 9 192 143 23 5 73 47 70 138 2 89 80 172 14 184 6 41 77 189 10 31 
