Instance filename: ./instances/200jobs/instanceLarge1270_m=9_n=200_l=40_c=20_s=0.PMTC
Min temperature: 0.1
Max temperature: 0.5
Melhor Solução: 1205
Temp div: 16
MCL: 400
PTL: 75000
Elapsed time was: 835184
Maquina 1 : 197 60 26 148 188 82 168 41 184 146 161 30 181 144 12 160 73 119 79 55 135 35 129 152 
Maquina 2 : 83 22 91 112 44 75 108 42 50 63 2 133 124 132 47 137 128 199 13 28 120 
Maquina 3 : 193 3 33 107 16 45 49 23 94 122 1 96 14 76 173 125 31 117 113 114 187 190 59 
Maquina 4 : 150 156 32 141 84 111 191 29 162 0 15 147 166 169 85 70 105 92 89 194 118 66 24 153 131 20 9 62 
Maquina 5 : 177 189 196 95 185 87 179 121 186 97 123 106 170 149 165 81 8 183 57 
Maquina 6 : 116 90 56 174 195 88 51 54 178 99 100 163 7 48 175 164 171 80 36 155 134 167 
Maquina 7 : 71 18 6 65 157 180 159 145 38 151 21 37 158 61 143 25 126 154 72 101 74 19 40 139 
Maquina 8 : 130 138 176 5 93 4 182 58 46 142 77 34 17 192 140 115 27 10 109 11 
Maquina 9 : 172 43 136 104 78 68 98 52 127 64 86 103 102 67 53 39 69 110 198 
