Instance filename: ./instances/200jobs/instanceLarge1037_m=7_n=200_l=40_c=20_s=1.PMTC
Min temperature: 0.1
Max temperature: 0.5
Melhor Solução: 3806
Temp div: 16
MCL: 400
PTL: 75000
Elapsed time was: 1301829
Maquina 1 : 92 78 72 177 50 176 108 34 167 29 190 145 114 35 135 197 125 132 192 186 121 101 147 6 9 94 159 67 52 54 
Maquina 2 : 21 4 130 85 7 79 38 144 32 87 71 100 37 111 62 96 166 158 97 17 8 118 150 119 143 182 
Maquina 3 : 181 164 168 124 30 129 152 194 31 1 191 53 175 25 161 66 0 103 156 28 13 139 183 60 184 22 
Maquina 4 : 14 43 109 83 12 89 104 105 41 82 10 112 185 11 77 189 165 88 36 172 80 188 153 45 49 107 199 142 123 178 55 102 
Maquina 5 : 127 63 20 81 15 24 106 196 95 115 128 146 137 133 131 120 56 170 93 86 169 3 75 48 157 51 16 91 57 
Maquina 6 : 187 173 76 174 59 179 90 42 162 65 117 193 39 195 113 198 148 46 68 154 64 58 110 84 2 122 126 149 138 5 
Maquina 7 : 73 23 134 47 40 70 74 116 61 33 155 99 26 140 136 180 98 151 27 160 18 163 44 69 141 171 19 
