Instance filename: ./instances/200jobs/instanceLarge1342_m=10_n=200_l=30_c=10_s=0.PMTC
Min temperature: 0.1
Max temperature: 0.5
Melhor Solução: 1162
Temp div: 16
MCL: 400
PTL: 75000
Elapsed time was: 541540
Maquina 1 : 161 141 180 126 62 35 84 135 49 46 163 39 140 164 24 165 2 175 9 
Maquina 2 : 191 0 139 156 166 43 145 113 116 173 115 56 57 125 193 68 196 136 66 170 122 97 
Maquina 3 : 22 110 11 61 52 38 96 199 95 37 79 133 189 63 186 50 183 153 150 
Maquina 4 : 148 42 60 159 128 80 54 192 112 30 142 4 179 103 67 160 178 1 65 
Maquina 5 : 119 151 59 36 134 82 7 155 124 73 86 120 102 114 23 147 20 6 162 78 
Maquina 6 : 137 111 184 93 143 15 105 33 27 26 47 99 71 40 190 117 69 58 197 167 
Maquina 7 : 176 194 146 88 64 172 25 158 45 19 10 55 154 21 75 106 17 149 127 109 
Maquina 8 : 8 81 152 14 87 70 72 12 18 48 92 174 34 29 16 31 74 182 130 132 
Maquina 9 : 171 41 90 118 131 104 123 100 91 157 129 3 187 76 32 144 94 83 169 138 
Maquina 10 : 107 44 5 98 13 51 198 89 188 121 177 28 85 108 181 195 77 185 168 53 101 
