Instance filename: ./instances/200jobs/instanceLarge850_m=6_n=200_l=30_c=10_s=0.PMTC
Min temperature: 0.1
Max temperature: 0.5
Melhor Solução: 1248
Temp div: 16
MCL: 400
PTL: 75000
Elapsed time was: 704552
Maquina 1 : 180 145 79 81 149 69 123 17 109 4 122 151 18 31 105 67 150 157 136 134 182 103 1 16 113 50 181 86 127 57 55 146 28 174 100 
Maquina 2 : 10 199 167 12 78 176 83 148 189 43 197 60 96 84 56 23 118 75 13 102 53 25 125 70 175 196 170 97 7 61 171 191 168 
Maquina 3 : 108 195 14 190 72 35 140 152 74 19 177 153 193 139 71 172 155 11 0 48 116 128 185 169 160 41 22 42 44 156 40 21 77 
Maquina 4 : 121 52 154 66 111 15 39 165 29 34 65 162 93 2 173 119 187 126 98 164 5 110 24 141 49 107 198 76 188 
Maquina 5 : 94 36 99 62 87 142 92 115 73 104 137 158 112 26 8 95 38 45 166 178 80 186 82 51 47 130 138 91 59 6 89 129 30 46 63 179 
Maquina 6 : 64 143 192 85 124 144 159 3 27 163 131 58 114 120 90 135 68 37 184 132 88 33 54 32 117 101 106 9 133 161 194 147 20 183 
