Instance filename: ./instances/200jobs/instanceLarge1021_m=7_n=200_l=40_c=20_s=0.PMTC
Min temperature: 0.1
Max temperature: 0.5
Melhor Solução: 2321
Temp div: 16
MCL: 400
PTL: 75000
Elapsed time was: 1749647
Maquina 1 : 196 191 106 150 7 85 22 134 171 141 94 199 81 109 40 9 6 43 132 28 86 14 184 12 23 182 37 65 
Maquina 2 : 71 100 60 183 139 32 130 127 162 66 111 104 105 70 5 73 90 74 154 2 19 33 61 151 155 159 136 123 
Maquina 3 : 15 21 38 0 34 198 117 174 179 121 192 53 197 186 125 3 157 82 75 48 16 51 91 57 142 25 98 175 187 108 176 167 
Maquina 4 : 50 78 92 116 17 148 135 143 45 152 181 164 168 20 115 24 193 84 47 31 102 156 63 80 128 165 10 189 
Maquina 5 : 185 77 11 112 13 153 188 172 138 1 166 29 99 144 36 79 4 89 88 95 169 170 56 120 131 93 137 83 133 
Maquina 6 : 146 55 161 149 118 35 177 122 64 119 101 126 46 68 110 97 58 42 158 41 178 180 173 72 8 87 59 190 
Maquina 7 : 114 145 67 62 44 49 52 54 163 113 18 27 160 96 69 30 129 26 140 76 107 103 124 39 147 195 194 
