Instance filename: ./instances/200jobs/instanceLarge1306_m=9_n=200_l=40_c=30_s=0.PMTC
Min temperature: 0.1
Max temperature: 0.5
Melhor Solução: 2336
Temp div: 16
MCL: 400
PTL: 75000
Elapsed time was: 369558
Maquina 1 : 164 112 18 4 34 193 68 153 7 19 174 147 88 109 175 121 67 155 11 
Maquina 2 : 33 28 92 74 197 93 27 120 199 3 55 9 81 97 181 98 137 179 196 14 22 118 
Maquina 3 : 159 35 141 87 76 54 12 122 166 23 161 116 165 139 188 53 105 184 63 10 134 115 82 
Maquina 4 : 186 43 151 66 107 24 65 17 69 1 189 79 167 86 152 144 2 131 187 172 6 78 156 
Maquina 5 : 44 162 158 123 89 133 73 182 154 157 111 117 140 5 103 171 150 25 132 192 149 58 145 
Maquina 6 : 100 142 173 47 96 64 104 194 8 16 13 113 135 102 29 30 45 62 180 39 148 128 168 57 
Maquina 7 : 177 51 169 38 185 178 72 126 20 49 56 138 110 195 124 0 95 70 114 125 42 26 
Maquina 8 : 75 198 91 136 191 170 190 32 60 160 71 130 61 52 94 119 37 106 80 84 83 50 127 
Maquina 9 : 129 31 108 163 46 101 40 146 15 41 85 59 183 77 48 21 36 99 90 143 176 
