Instance filename: ./instances/200jobs/instanceLarge1402_m=10_n=200_l=40_c=20_s=0.PMTC
Min temperature: 0.1
Max temperature: 0.5
Melhor Solução: 863
Temp div: 16
MCL: 400
PTL: 75000
Elapsed time was: 1133830
Maquina 1 : 147 168 183 42 115 182 12 132 197 69 22 29 84 162 199 101 170 119 14 159 146 62 176 172 28 
Maquina 2 : 143 148 130 36 60 110 21 71 96 44 129 164 17 61 181 116 152 
Maquina 3 : 80 39 75 54 15 134 188 187 169 55 174 95 117 51 91 185 38 43 133 20 41 
Maquina 4 : 16 156 149 82 160 121 106 118 2 171 166 112 31 90 178 8 120 40 18 5 
Maquina 5 : 144 198 122 195 107 35 189 125 26 180 48 153 161 193 34 109 63 111 86 
Maquina 6 : 98 114 175 177 70 6 136 30 68 173 10 154 99 92 47 74 157 150 158 127 
Maquina 7 : 65 11 141 104 128 105 64 123 13 78 108 7 87 151 81 93 50 9 103 
Maquina 8 : 59 3 72 145 19 45 124 190 4 33 191 155 135 88 83 53 179 131 
Maquina 9 : 102 113 76 97 37 126 23 57 165 79 46 27 1 94 137 73 67 85 138 25 
Maquina 10 : 56 52 140 32 0 184 24 49 58 186 100 163 192 194 66 142 167 196 77 139 89 
