Instance filename: ./instances/200jobs/instanceLarge1376_m=10_n=200_l=30_c=20_s=1.PMTC
Min temperature: 0.1
Max temperature: 0.5
Melhor Solução: 2563
Temp div: 16
MCL: 400
PTL: 75000
Elapsed time was: 726330
Maquina 1 : 13 14 50 152 155 6 16 151 173 119 25 138 70 36 61 168 
Maquina 2 : 132 121 67 158 160 193 166 118 94 192 22 186 103 44 2 128 75 184 
Maquina 3 : 49 145 125 29 102 77 172 148 78 9 86 24 123 62 97 120 107 136 8 
Maquina 4 : 34 131 147 134 156 167 182 174 117 126 143 39 90 71 7 130 73 91 195 27 162 4 
Maquina 5 : 53 108 11 40 104 161 153 157 83 33 183 54 165 51 122 60 81 199 124 
Maquina 6 : 46 111 1 180 115 3 140 45 105 15 5 150 175 149 163 23 79 100 18 52 
Maquina 7 : 57 159 72 82 178 185 177 187 144 21 48 154 12 42 106 58 164 47 30 112 196 80 169 84 
Maquina 8 : 31 85 92 170 68 141 87 74 188 99 98 133 142 26 127 19 88 10 41 129 
Maquina 9 : 176 89 55 93 179 96 35 114 139 20 197 110 101 63 189 135 181 32 137 37 65 
Maquina 10 : 194 64 66 0 43 38 146 191 28 198 109 59 113 76 17 56 190 116 69 171 95 
