Instance filename: ./instances/200jobs/instanceLarge870_m=6_n=200_l=30_c=10_s=2.PMTC
Min temperature: 0.1
Max temperature: 0.5
Melhor Solução: 1030
Temp div: 16
MCL: 400
PTL: 75000
Elapsed time was: 1019908
Maquina 1 : 167 78 12 43 135 83 58 90 148 142 116 68 173 162 37 163 192 143 64 61 46 126 85 129 30 47 195 91 13 164 189 199 66 
Maquina 2 : 130 59 89 138 108 6 119 56 2 15 21 77 121 156 44 40 42 160 22 41 169 185 128 124 153 48 0 11 25 172 193 139 
Maquina 3 : 158 175 70 177 18 35 102 190 150 73 45 72 29 39 136 182 65 60 111 179 75 3 197 96 23 118 100 159 134 161 31 105 87 
Maquina 4 : 115 67 34 166 80 178 186 165 51 82 14 174 155 55 146 52 131 28 127 176 57 86 120 114 27 144 157 10 184 125 196 97 7 191 171 
Maquina 5 : 168 113 63 50 16 1 103 5 49 74 198 19 71 187 183 147 53 9 20 133 194 106 101 33 154 32 132 188 54 88 117 181 99 36 62 
Maquina 6 : 94 104 92 26 95 38 8 76 141 137 110 98 107 24 140 180 149 81 145 112 79 84 93 123 69 4 152 151 122 170 17 109 
