Instance filename: ./instances/200jobs/instanceLarge880_m=6_n=200_l=30_c=20_s=0.PMTC
Min temperature: 0.1
Max temperature: 0.5
Melhor Solução: 1571
Temp div: 16
MCL: 400
PTL: 75000
Elapsed time was: 458181
Maquina 1 : 169 71 166 159 42 167 60 135 4 180 46 190 26 62 121 108 18 85 86 107 132 113 128 0 104 53 158 155 89 177 195 
Maquina 2 : 117 92 106 63 168 157 171 84 44 54 36 110 23 90 182 198 56 74 146 72 33 13 14 88 173 149 164 165 178 21 29 77 93 25 161 189 187 
Maquina 3 : 66 51 30 130 52 5 48 15 17 163 124 111 151 41 176 19 32 79 11 186 115 172 181 98 109 70 67 64 105 
Maquina 4 : 20 197 45 103 156 94 9 123 193 162 37 160 150 69 78 136 49 43 116 199 50 101 129 145 122 97 34 82 65 133 76 47 120 
Maquina 5 : 16 192 59 6 112 39 142 139 114 179 152 12 175 61 68 22 126 137 10 131 38 3 80 102 144 148 24 91 28 188 138 40 154 
Maquina 6 : 100 183 143 27 81 125 73 141 2 57 99 119 147 7 87 185 58 35 153 174 127 196 83 170 194 95 118 31 75 140 134 184 1 96 8 191 55 
