Instance filename: ./instances/200jobs/instanceLarge1042_m=7_n=200_l=40_c=20_s=0.PMTC
Min temperature: 0.1
Max temperature: 0.5
Melhor Solução: 1877
Temp div: 16
MCL: 400
PTL: 75000
Elapsed time was: 1031901
Maquina 1 : 110 58 68 46 101 35 65 182 177 49 126 52 15 54 122 67 114 190 145 108 16 51 75 19 116 90 2 74 154 
Maquina 2 : 87 134 73 47 70 123 5 104 10 23 105 150 57 157 82 48 187 20 178 80 165 55 63 34 168 97 148 124 164 8 121 
Maquina 3 : 64 183 132 43 66 135 53 3 197 125 192 186 9 94 32 174 117 0 21 136 111 162 159 42 7 62 158 69 
Maquina 4 : 96 163 195 18 160 27 151 180 113 155 33 61 30 152 45 143 191 161 175 119 84 181 25 29 133 127 138 31 
Maquina 5 : 156 129 1 102 17 149 115 193 188 24 106 196 179 40 81 28 171 86 194 169 88 85 4 120 166 99 
Maquina 6 : 170 56 36 95 11 112 153 26 13 130 103 139 60 100 37 71 41 6 59 79 38 173 144 44 118 185 131 93 
Maquina 7 : 141 137 146 128 77 189 172 184 22 14 109 83 12 89 140 76 147 107 142 92 199 72 78 167 176 98 39 91 50 198 
