Instance filename: ./instances/200jobs/instanceLarge974_m=7_n=200_l=30_c=10_s=1.PMTC
Min temperature: 0.1
Max temperature: 0.5
Melhor Solução: 2877
Temp div: 16
MCL: 400
PTL: 75000
Elapsed time was: 609438
Maquina 1 : 55 33 59 74 156 65 20 86 49 148 100 29 155 64 135 185 160 171 78 68 54 81 176 61 168 53 15 189 126 186 194 24 
Maquina 2 : 138 161 44 127 178 83 37 122 112 98 34 40 190 119 9 113 75 137 152 105 5 104 146 130 125 90 30 
Maquina 3 : 103 102 179 169 92 1 124 192 77 170 166 95 16 41 35 66 60 109 188 91 82 183 142 133 128 76 79 26 101 163 99 62 
Maquina 4 : 197 196 184 173 43 23 129 7 12 27 145 51 151 199 63 28 134 165 120 115 159 67 57 17 106 2 144 
Maquina 5 : 0 6 110 111 14 52 42 11 71 167 18 139 46 107 85 164 175 97 174 147 131 80 182 172 140 73 36 177 94 48 
Maquina 6 : 117 93 4 70 114 162 89 136 158 3 31 180 21 193 13 149 39 47 116 187 121 88 84 132 25 141 19 153 
Maquina 7 : 69 87 123 58 96 191 181 32 38 154 10 45 50 56 150 143 22 108 195 8 198 157 118 72 
