Instance filename: ./instances/200jobs/instanceLarge895_m=6_n=200_l=30_c=20_s=0.PMTC
Min temperature: 0.1
Max temperature: 0.5
Melhor Solução: 3506
Temp div: 16
MCL: 400
PTL: 75000
Elapsed time was: 993757
Maquina 1 : 55 195 92 125 73 81 106 9 145 12 104 157 168 63 171 95 25 56 3 130 52 127 72 34 49 177 123 199 122 5 15 
Maquina 2 : 17 163 111 124 85 108 78 62 121 69 160 70 162 191 193 77 37 67 194 57 24 91 138 79 188 27 196 83 11 115 48 
Maquina 3 : 30 170 137 100 143 154 183 50 0 61 144 102 22 147 51 119 189 182 99 2 156 116 33 94 88 80 14 110 36 54 44 180 135 98 
Maquina 4 : 172 181 186 40 113 41 176 151 43 18 35 153 178 174 96 8 1 128 148 39 38 152 7 23 184 136 158 64 28 75 89 109 155 97 164 90 150 
Maquina 5 : 198 74 146 173 134 140 31 53 141 118 103 117 197 45 20 105 101 165 149 29 93 161 187 86 132 82 66 133 76 65 47 120 16 192 
Maquina 6 : 59 6 112 142 139 114 107 42 26 190 46 60 167 13 4 84 159 71 166 169 129 68 10 131 126 175 179 58 185 87 21 19 32 
