Instance filename: ./instances/200jobs/instanceLarge1192_m=8_n=200_l=40_c=30_s=0.PMTC
Min temperature: 0.1
Max temperature: 0.5
Melhor Solução: 1196
Temp div: 16
MCL: 400
PTL: 75000
Elapsed time was: 863485
Maquina 1 : 98 62 35 84 90 156 181 89 83 164 27 91 100 96 145 190 149 126 74 146 92 141 31 160 48 
Maquina 2 : 2 93 22 120 11 53 115 3 10 50 199 176 13 148 117 167 140 106 6 170 28 110 38 21 
Maquina 3 : 4 137 65 158 60 24 40 169 125 25 76 104 188 196 151 52 59 179 144 130 1 46 47 112 197 97 
Maquina 4 : 178 44 49 157 88 138 193 9 77 187 36 43 152 135 132 182 171 143 17 150 153 127 109 133 
Maquina 5 : 102 139 87 16 186 33 103 189 39 0 86 29 95 165 163 136 57 101 99 114 82 185 147 75 113 78 
Maquina 6 : 195 68 37 177 45 41 128 123 14 66 161 122 198 26 15 63 55 116 67 71 5 119 18 134 154 
Maquina 7 : 192 111 142 8 180 191 32 42 30 172 72 56 19 155 108 51 70 12 64 118 131 183 121 81 58 34 166 20 173 
Maquina 8 : 129 105 7 80 168 73 85 107 159 184 61 175 23 194 79 162 174 124 94 69 54 
