Instance filename: ./instances/200jobs/instanceLarge1119_m=8_n=200_l=30_c=20_s=2.PMTC
Min temperature: 0.1
Max temperature: 0.5
Melhor Solução: 828
Temp div: 16
MCL: 400
PTL: 75000
Elapsed time was: 501823
Maquina 1 : 179 14 183 62 6 156 21 53 90 47 168 52 191 31 20 50 97 117 192 78 147 46 92 104 36 161 175 
Maquina 2 : 199 128 135 45 24 13 76 123 108 44 110 30 144 43 32 193 95 73 163 169 99 120 102 94 26 
Maquina 3 : 3 18 149 153 23 182 80 178 40 138 56 0 27 11 115 177 100 137 84 55 22 166 164 
Maquina 4 : 158 174 69 170 131 154 87 29 68 133 197 60 67 81 160 119 12 186 25 136 101 114 189 39 194 176 146 143 111 145 127 
Maquina 5 : 75 57 17 59 83 122 140 35 8 103 65 54 98 93 88 10 116 165 38 49 150 4 180 109 196 
Maquina 6 : 198 91 72 112 79 37 63 134 106 70 74 171 19 9 124 107 34 48 152 157 190 41 132 139 
Maquina 7 : 188 126 61 195 142 181 105 85 121 155 2 129 113 33 77 89 148 86 125 
Maquina 8 : 173 28 66 162 64 16 82 96 151 141 15 130 172 184 51 159 187 7 58 1 185 167 5 118 71 42 
