Instance filename: ./instances/200jobs/instanceLarge934_m=6_n=200_l=40_c=30_s=0.PMTC
Min temperature: 0.1
Max temperature: 0.5
Melhor Solução: 2058
Temp div: 16
MCL: 400
PTL: 75000
Elapsed time was: 807416
Maquina 1 : 105 19 98 31 155 160 146 96 117 29 159 54 26 124 183 23 103 176 196 157 32 107 192 147 169 190 175 79 9 97 189 60 161 66 
Maquina 2 : 10 58 177 163 166 34 59 69 153 141 89 168 118 130 77 15 35 156 127 67 154 43 173 199 61 162 91 188 11 99 194 144 
Maquina 3 : 178 36 151 139 116 27 30 95 0 20 134 113 90 150 74 131 106 198 100 126 33 119 5 140 42 179 181 40 88 80 56 184 132 182 94 
Maquina 4 : 138 76 78 17 71 49 135 14 2 72 52 53 39 48 84 57 191 24 46 128 136 87 1 4 28 114 6 45 164 3 62 38 8 197 
Maquina 5 : 121 21 185 111 82 158 193 86 22 145 47 55 171 93 123 186 115 41 143 73 133 122 83 108 75 172 70 195 16 152 92 
Maquina 6 : 180 187 174 13 12 165 63 120 101 68 81 109 125 44 104 102 37 129 51 137 112 149 50 167 148 85 142 65 170 18 25 64 7 110 
