Instance filename: ./instances/200jobs/instanceLarge988_m=7_n=200_l=30_c=10_s=0.PMTC
Min temperature: 0.1
Max temperature: 0.5
Melhor Solução: 2097
Temp div: 16
MCL: 400
PTL: 75000
Elapsed time was: 701440
Maquina 1 : 184 197 196 62 99 154 91 128 76 79 133 162 125 4 2 47 67 163 159 134 57 120 17 123 96 58 53 191 
Maquina 2 : 181 32 168 176 61 68 81 189 15 194 65 69 21 144 87 186 0 106 28 63 13 147 174 64 187 116 149 183 
Maquina 3 : 88 39 169 12 199 129 27 7 150 160 56 22 143 50 45 10 37 38 5 9 152 175 107 164 85 46 
Maquina 4 : 158 70 93 192 3 141 132 19 25 97 153 26 23 34 110 52 71 105 167 29 121 117 51 145 84 126 151 14 42 11 139 
Maquina 5 : 172 140 80 36 73 77 182 188 94 48 115 24 30 90 190 44 119 178 161 35 1 114 124 122 138 31 180 101 136 193 
Maquina 6 : 131 156 98 135 6 40 43 170 66 60 109 18 95 41 16 54 177 165 111 78 195 198 108 8 157 118 72 
Maquina 7 : 142 185 104 75 113 82 173 137 112 83 146 130 179 103 127 166 102 92 89 171 100 59 33 55 155 20 74 148 49 86 
