Instance filename: ./instances/200jobs/instanceLarge1121_m=8_n=200_l=30_c=20_s=1.PMTC
Min temperature: 0.1
Max temperature: 0.5
Melhor Solução: 3298
Temp div: 16
MCL: 400
PTL: 75000
Elapsed time was: 834668
Maquina 1 : 0 151 56 64 36 162 81 119 66 82 16 185 139 161 188 96 61 195 25 52 174 103 69 131 110 
Maquina 2 : 160 12 60 67 197 48 34 152 157 50 97 165 184 183 51 54 37 179 14 8 156 6 62 186 114 
Maquina 3 : 101 136 163 169 99 53 27 26 94 120 4 102 71 42 63 159 116 155 44 2 129 113 33 77 89 148 125 
Maquina 4 : 86 93 121 57 83 128 199 175 17 70 154 171 140 74 47 122 35 124 193 78 189 39 194 76 
Maquina 5 : 176 143 146 111 145 127 9 75 1 105 181 85 72 118 138 73 158 55 45 137 177 100 11 84 166 40 23 41 
Maquina 6 : 18 153 19 29 87 68 170 133 90 134 106 5 141 15 130 167 28 172 142 173 132 190 112 30 91 
Maquina 7 : 196 109 180 80 178 187 21 10 88 117 107 79 20 98 65 104 46 147 92 192 164 150 49 
Maquina 8 : 38 31 191 3 126 58 149 7 59 198 108 123 13 168 24 135 22 95 32 43 115 182 144 
