Instance filename: ./instances/200jobs/instanceLarge871_m=6_n=200_l=30_c=20_s=0.PMTC
Min temperature: 0.1
Max temperature: 0.5
Melhor Solução: 3728
Temp div: 16
MCL: 400
PTL: 75000
Elapsed time was: 921678
Maquina 1 : 156 159 71 169 166 22 67 119 19 32 7 21 87 185 58 147 60 150 11 40 138 154 188 100 183 143 30 64 172 194 75 118 31 57 182 
Maquina 2 : 76 115 70 180 135 190 46 42 26 62 69 121 78 136 90 95 120 178 47 35 142 112 6 139 88 23 114 132 107 66 82 25 117 171 157 
Maquina 3 : 168 16 89 158 98 181 197 152 113 186 111 124 108 9 17 106 81 73 125 92 195 184 134 148 140 96 8 1 128 
Maquina 4 : 161 86 93 29 37 77 162 191 193 123 122 5 48 109 155 97 129 145 101 34 49 199 160 51 91 165 164 149 173 24 4 177 33 116 53 2 
Maquina 5 : 99 50 104 187 0 189 61 144 102 80 14 110 56 36 54 44 39 13 84 167 20 146 27 74 198 141 103 45 94 12 105 131 68 175 
Maquina 6 : 126 179 10 38 192 59 133 65 15 163 85 18 151 43 176 41 28 170 79 137 83 153 196 174 72 127 52 130 3 63 55 
