Instance filename: ./instances/200jobs/instanceLarge1067_m=7_n=200_l=40_c=30_s=1.PMTC
Min temperature: 0.1
Max temperature: 0.5
Melhor Solução: 5013
Temp div: 16
MCL: 400
PTL: 75000
Elapsed time was: 607747
Maquina 1 : 173 158 167 51 194 24 42 121 156 7 124 161 47 165 114 177 12 99 111 8 164 79 119 154 36 169 27 
Maquina 2 : 126 34 115 15 138 190 50 101 77 70 80 61 113 17 85 71 90 188 6 192 166 10 35 16 186 150 3 122 75 107 87 
Maquina 3 : 110 78 49 67 2 56 178 175 20 151 157 97 32 117 29 9 91 145 109 160 4 185 21 45 180 
Maquina 4 : 48 128 66 112 65 133 153 174 140 86 103 22 129 98 54 5 18 73 84 148 105 134 13 139 82 59 63 146 81 52 152 120 106 
Maquina 5 : 135 132 41 88 170 55 44 168 26 141 68 155 162 127 0 142 163 11 33 23 118 19 72 196 92 62 171 1 181 
Maquina 6 : 69 89 130 108 159 191 198 193 143 149 39 179 58 136 94 46 100 123 199 187 183 40 53 197 60 184 131 76 
Maquina 7 : 57 104 116 182 172 31 64 38 102 95 189 147 93 137 195 176 14 25 125 144 96 37 28 74 83 30 43 
