Instance filename: ./instances/200jobs/instanceLarge983_m=7_n=200_l=30_c=10_s=1.PMTC
Min temperature: 0.1
Max temperature: 0.5
Melhor Solução: 2902
Temp div: 16
MCL: 400
PTL: 75000
Elapsed time was: 611519
Maquina 1 : 127 166 179 82 103 180 102 193 31 138 37 98 21 156 11 62 128 60 133 109 91 15 72 119 178 190 137 77 112 1 161 170 
Maquina 2 : 43 184 197 196 92 23 118 129 64 7 169 132 12 27 51 145 50 134 151 183 191 76 69 87 
Maquina 3 : 194 123 36 96 58 38 5 32 154 53 24 181 99 168 61 176 81 189 18 139 68 172 74 140 188 73 177 44 94 48 182 
Maquina 4 : 16 10 28 63 45 143 135 155 95 66 41 22 195 108 84 56 150 147 19 13 88 174 39 149 187 116 47 164 107 8 
Maquina 5 : 163 162 158 79 125 3 160 199 192 141 25 153 117 71 29 105 167 185 26 101 142 83 34 146 130 90 14 
Maquina 6 : 126 144 52 110 106 0 6 2 40 121 136 57 54 78 111 165 80 17 159 67 97 131 175 104 198 85 120 42 115 173 46 
Maquina 7 : 152 113 9 75 186 122 70 93 4 35 124 114 89 171 157 65 100 55 33 49 59 30 148 20 86 
