Instance filename: ./instances/200jobs/instanceLarge900_m=6_n=200_l=30_c=20_s=2.PMTC
Min temperature: 0.1
Max temperature: 0.5
Melhor Solução: 1058
Temp div: 16
MCL: 400
PTL: 75000
Elapsed time was: 807698
Maquina 1 : 170 79 83 196 100 40 138 188 52 127 72 34 49 179 143 130 3 63 80 102 144 61 0 50 104 182 2 99 57 133 59 
Maquina 2 : 192 38 152 10 28 4 24 177 33 163 156 53 132 81 183 73 125 117 106 92 168 16 155 55 195 184 148 109 97 89 153 142 
Maquina 3 : 39 6 112 139 17 88 114 190 96 8 1 174 128 11 186 181 172 98 115 135 76 70 180 42 46 26 60 62 121 108 124 111 41 176 151 18 
Maquina 4 : 95 171 13 44 54 36 110 14 84 66 145 82 25 9 123 191 193 162 37 21 29 93 161 77 86 187 85 107 113 30 147 119 67 194 32 189 
Maquina 5 : 19 7 23 87 185 58 35 178 120 47 199 15 122 5 48 137 157 158 154 43 116 146 74 56 198 167 65 160 150 51 90 136 
Maquina 6 : 69 78 91 64 75 134 164 140 173 31 118 141 103 197 45 101 165 149 94 20 105 68 12 175 22 126 131 169 129 166 71 27 159 
