Instance filename: ./instances/200jobs/instanceLarge1076_m=7_n=200_l=40_c=30_s=1.PMTC
Min temperature: 0.1
Max temperature: 0.5
Melhor Solução: 4987
Temp div: 16
MCL: 400
PTL: 75000
Elapsed time was: 720798
Maquina 1 : 43 50 140 101 80 13 70 77 7 113 55 154 97 157 33 66 92 85 152 52 17 122 3 150 186 184 60 28 165 83 120 19 118 
Maquina 2 : 12 2 194 23 38 137 88 86 103 114 16 35 10 166 192 6 144 25 21 45 185 187 160 161 183 193 
Maquina 3 : 143 39 149 58 179 176 195 41 26 14 141 168 68 32 20 175 178 158 188 56 90 71 59 82 145 62 191 47 72 196 132 
Maquina 4 : 51 167 139 108 159 121 181 115 125 189 147 95 64 31 172 182 116 104 57 131 76 162 155 
Maquina 5 : 44 63 109 148 180 48 128 112 30 65 0 127 102 15 138 190 24 99 111 8 164 4 177 74 79 119 36 61 
Maquina 6 : 169 27 126 34 96 11 49 67 163 142 151 110 78 94 135 136 87 46 100 123 156 42 124 37 98 54 5 18 84 73 105 1 
Maquina 7 : 134 133 153 174 40 197 53 89 130 69 171 198 22 199 129 170 93 173 81 75 107 106 146 91 9 29 117 
