Instance filename: ./instances/200jobs/instanceLarge1255_m=9_n=200_l=30_c=20_s=0.PMTC
Min temperature: 0.1
Max temperature: 0.5
Melhor Solução: 2347
Temp div: 16
MCL: 400
PTL: 75000
Elapsed time was: 810862
Maquina 1 : 47 66 170 197 146 2 67 17 4 129 53 104 157 52 140 120 144 63 6 0 109 64 
Maquina 2 : 65 173 106 174 108 14 72 55 119 191 78 122 21 112 94 149 77 176 45 167 194 
Maquina 3 : 150 147 73 98 180 84 115 50 181 28 188 187 99 195 95 103 59 7 93 75 87 
Maquina 4 : 123 179 9 25 27 49 161 29 39 154 196 44 57 54 34 113 24 189 125 18 131 
Maquina 5 : 126 48 143 83 141 82 105 160 76 37 36 68 118 152 16 81 35 159 130 22 133 185 117 155 
Maquina 6 : 172 198 192 124 12 92 90 168 142 70 74 164 56 127 71 30 136 19 145 175 102 
Maquina 7 : 190 111 199 3 61 89 162 110 38 97 58 33 139 1 31 121 184 151 79 100 80 132 137 23 134 60 
Maquina 8 : 183 135 107 169 46 5 166 40 42 163 13 11 128 178 51 153 193 116 15 114 8 91 88 
Maquina 9 : 32 20 101 158 43 41 69 138 148 10 26 165 156 96 171 85 62 186 182 177 86 
