Instance filename: ./instances/200jobs/instanceLarge1031_m=7_n=200_l=40_c=20_s=1.PMTC
Min temperature: 0.1
Max temperature: 0.5
Melhor Solução: 3803
Temp div: 16
MCL: 400
PTL: 75000
Elapsed time was: 732490
Maquina 1 : 168 164 181 115 20 24 106 196 179 135 121 132 128 159 60 28 39 66 12 198 32 117 38 21 123 130 136 94 147 
Maquina 2 : 180 151 155 33 61 116 74 182 34 195 122 35 126 46 68 58 110 97 139 17 13 153 112 11 165 36 144 
Maquina 3 : 188 141 77 118 185 64 108 95 169 197 133 131 93 137 146 55 149 178 63 40 37 86 15 193 26 81 111 162 
Maquina 4 : 109 9 41 154 2 70 47 29 8 138 73 5 158 49 62 54 52 192 125 3 186 174 76 173 142 57 91 75 48 157 16 
Maquina 5 : 119 80 187 83 104 105 177 148 152 129 191 143 175 25 161 84 82 1 127 189 31 156 103 53 102 183 6 184 59 43 14 
Maquina 6 : 172 120 56 170 89 88 4 79 166 99 71 65 96 18 44 27 160 113 176 199 78 167 10 72 92 50 107 124 
Maquina 7 : 194 30 0 45 69 171 85 134 22 7 100 42 90 163 19 23 67 51 145 98 150 140 101 87 190 114 
