Instance filename: ./instances/200jobs/instanceLarge912_m=6_n=200_l=40_c=20_s=2.PMTC
Min temperature: 0.1
Max temperature: 0.5
Melhor Solução: 1103
Temp div: 16
MCL: 400
PTL: 75000
Elapsed time was: 905273
Maquina 1 : 140 0 10 74 58 4 198 197 120 52 131 33 68 36 17 165 14 73 60 121 99 153 88 142 45 133 95 100 61 81 185 158 21 28 122 
Maquina 2 : 157 168 31 143 32 128 193 51 82 65 160 37 102 78 148 179 176 119 86 92 163 164 189 145 161 108 98 139 53 90 29 191 71 96 
Maquina 3 : 199 11 26 123 182 85 112 109 113 22 187 47 40 101 141 151 8 25 156 184 154 12 152 177 97 76 93 16 41 188 159 
Maquina 4 : 132 91 9 111 48 7 84 150 146 1 94 24 49 195 6 30 67 137 46 149 192 169 173 136 162 103 27 147 127 138 180 15 167 118 110 171 43 126 
Maquina 5 : 83 129 170 38 80 172 190 116 50 79 183 115 39 134 175 87 117 57 44 70 107 72 89 194 62 105 59 64 63 130 56 20 144 23 
Maquina 6 : 104 5 186 19 181 155 75 13 174 54 124 42 114 55 3 106 125 135 196 166 178 77 34 2 18 69 35 66 
