Instance filename: ./instances/200jobs/instanceLarge1312_m=9_n=200_l=40_c=30_s=0.PMTC
Min temperature: 0.1
Max temperature: 0.5
Melhor Solução: 1454
Temp div: 16
MCL: 400
PTL: 75000
Elapsed time was: 765539
Maquina 1 : 76 87 96 19 175 109 149 88 5 54 1 140 103 78 105 184 143 176 162 152 158 
Maquina 2 : 90 99 91 59 85 188 197 27 93 120 82 132 192 25 138 4 183 21 66 24 62 65 69 17 
Maquina 3 : 107 147 108 45 29 180 148 39 135 116 16 161 23 166 122 8 194 104 64 47 38 127 
Maquina 4 : 129 115 9 81 198 106 63 52 186 43 151 134 153 26 75 42 193 36 86 98 167 144 102 
Maquina 5 : 189 160 113 13 3 55 199 163 46 101 168 15 146 40 136 77 114 70 125 139 53 30 165 
Maquina 6 : 174 7 185 178 72 126 20 195 49 51 56 34 141 159 35 118 22 14 196 179 94 137 97 181 31 68 
Maquina 7 : 119 169 177 57 61 130 71 12 117 173 142 89 121 67 37 83 80 84 50 170 190 191 
Maquina 8 : 187 131 2 100 58 145 128 123 79 171 150 41 92 28 33 11 155 111 133 73 182 154 157 
Maquina 9 : 44 110 74 124 60 32 95 0 48 6 156 10 172 112 18 164 
