Instance filename: ./instances/200jobs/instanceLarge970_m=7_n=200_l=30_c=10_s=0.PMTC
Min temperature: 0.1
Max temperature: 0.5
Melhor Solução: 1239
Temp div: 16
MCL: 400
PTL: 75000
Elapsed time was: 856160
Maquina 1 : 192 3 106 93 141 19 25 97 153 117 107 29 72 155 118 47 33 59 49 65 62 100 55 157 30 
Maquina 2 : 194 148 20 86 71 42 70 68 121 46 158 162 114 89 4 8 92 35 41 166 95 16 171 83 48 44 94 182 77 127 
Maquina 3 : 73 188 102 36 140 74 172 80 63 144 52 14 164 110 34 132 103 179 130 146 90 125 69 21 87 96 58 
Maquina 4 : 181 38 32 191 91 154 99 50 10 66 45 143 150 56 195 163 22 108 198 104 105 185 152 175 131 174 28 147 165 57 67 159 
Maquina 5 : 120 136 115 17 78 123 85 111 189 61 168 176 126 53 81 54 186 133 138 122 31 37 11 156 167 98 180 193 13 26 76 
Maquina 6 : 79 197 101 196 184 43 23 129 160 7 27 12 199 169 39 88 183 149 134 116 51 145 84 139 177 151 
Maquina 7 : 18 5 137 24 75 113 173 9 170 119 190 112 0 64 15 40 2 6 187 135 142 82 60 109 128 1 124 178 161 
