Instance filename: ./instances/200jobs/instanceLarge1210_m=9_n=200_l=30_c=10_s=0.PMTC
Min temperature: 0.1
Max temperature: 0.5
Melhor Solução: 2066
Temp div: 16
MCL: 400
PTL: 75000
Elapsed time was: 433241
Maquina 1 : 146 101 65 51 32 94 128 16 71 15 6 2 176 92 189 80 194 115 152 77 90 89 
Maquina 2 : 7 154 134 132 139 142 138 118 76 137 157 155 36 192 116 3 13 183 34 61 63 
Maquina 3 : 42 130 62 114 119 121 39 182 33 125 10 97 86 17 98 95 166 123 153 99 35 91 111 
Maquina 4 : 59 66 52 88 67 108 150 72 81 26 24 141 30 172 198 102 18 83 53 104 180 49 
Maquina 5 : 5 165 0 151 112 177 186 158 103 163 31 162 113 93 85 21 28 74 167 19 
Maquina 6 : 100 168 8 38 188 145 190 149 178 4 173 20 107 57 106 136 196 199 37 179 40 193 78 197 45 
Maquina 7 : 79 84 181 48 156 9 122 69 29 126 55 159 143 129 187 164 96 64 44 169 
Maquina 8 : 54 133 25 68 82 56 175 195 110 50 120 22 105 70 140 117 11 46 23 124 14 
Maquina 9 : 147 43 191 127 12 184 160 60 1 47 75 131 144 27 174 161 148 170 87 109 41 185 58 135 73 171 
