Instance filename: ./instances/200jobs/instanceLarge926_m=6_n=200_l=40_c=20_s=1.PMTC
Min temperature: 0.1
Max temperature: 0.5
Melhor Solução: 3970
Temp div: 16
MCL: 400
PTL: 75000
Elapsed time was: 1294882
Maquina 1 : 173 30 184 64 31 7 49 195 93 6 169 24 104 73 72 190 193 82 91 67 2 53 140 194 111 9 97 132 23 48 62 84 160 59 1 168 157 28 
Maquina 2 : 122 57 154 32 8 25 47 187 101 199 129 18 51 35 128 149 136 65 66 147 178 158 76 103 166 77 163 34 87 165 36 152 
Maquina 3 : 196 50 185 151 38 3 41 110 170 80 83 17 182 118 79 183 175 117 94 134 115 39 107 126 108 89 70 189 40 44 92 54 
Maquina 4 : 198 13 4 141 58 0 95 45 100 186 146 61 127 125 174 55 144 124 10 106 74 121 60 153 133 52 88 145 164 
Maquina 5 : 188 159 135 162 150 114 42 81 181 43 148 68 27 143 102 37 176 78 139 161 113 112 69 119 22 179 86 137 116 15 167 156 
Maquina 6 : 138 180 63 105 14 177 71 12 46 90 96 191 29 85 11 26 171 109 123 131 16 120 99 197 142 192 5 21 33 172 130 155 56 98 75 20 19 
