Instance filename: ./instances/200jobs/instanceLarge1185_m=8_n=200_l=40_c=30_s=2.PMTC
Min temperature: 0.1
Max temperature: 0.5
Melhor Solução: 799
Temp div: 16
MCL: 400
PTL: 75000
Elapsed time was: 897722
Maquina 1 : 125 25 187 129 123 14 66 122 161 198 57 77 165 46 47 21 7 9 127 96 44 178 97 197 38 143 177 
Maquina 2 : 37 70 45 51 108 155 19 56 48 2 22 93 120 192 154 18 134 71 5 68 119 191 115 53 
Maquina 3 : 11 67 169 142 4 28 110 72 172 193 39 6 106 121 81 58 166 34 40 24 60 158 65 137 36 
Maquina 4 : 43 152 135 132 140 117 10 50 199 176 13 148 141 175 167 89 146 92 171 102 78 195 74 126 149 
Maquina 5 : 17 190 174 124 94 69 54 147 26 105 42 32 87 180 8 182 75 101 99 136 76 104 188 151 196 
Maquina 6 : 52 33 114 82 185 150 145 170 157 138 49 88 112 160 15 16 139 30 133 79 162 83 164 181 27 
Maquina 7 : 91 100 20 173 111 1 130 179 144 95 59 64 12 131 118 0 183 113 109 29 
Maquina 8 : 86 3 128 41 98 62 35 84 156 90 85 194 23 186 61 184 159 80 63 55 153 116 163 73 168 107 31 103 189 
