Instance filename: ./instances/200jobs/instanceLarge1388_m=10_n=200_l=40_c=20_s=1.PMTC
Min temperature: 0.1
Max temperature: 0.5
Melhor Solução: 2483
Temp div: 16
MCL: 400
PTL: 75000
Elapsed time was: 648021
Maquina 1 : 13 79 168 58 180 146 147 21 36 32 140 52 59 72 103 3 145 12 
Maquina 2 : 70 90 170 93 158 172 81 9 2 31 44 118 124 6 148 68 173 121 64 30 
Maquina 3 : 38 82 149 16 164 41 133 156 51 171 185 181 116 61 17 83 129 135 155 78 191 88 33 
Maquina 4 : 62 71 92 67 186 130 157 10 65 66 194 152 80 39 15 18 75 192 108 
Maquina 5 : 163 19 77 119 167 87 48 99 7 27 94 73 25 138 49 126 85 
Maquina 6 : 56 11 102 104 113 97 175 24 63 114 184 34 109 161 47 127 76 154 86 
Maquina 7 : 141 28 1 143 142 69 139 89 106 177 110 105 96 128 132 137 60 45 176 
Maquina 8 : 187 188 54 134 43 153 55 169 20 117 95 50 91 174 101 57 159 165 199 14 22 162 100 42 
Maquina 9 : 29 115 84 182 98 183 160 46 196 0 112 151 166 120 40 8 178 4 136 5 144 198 
Maquina 10 : 122 195 74 107 193 150 26 123 189 23 125 111 35 197 179 53 131 37 190 
