Instance filename: ./instances/200jobs/instanceLarge919_m=6_n=200_l=40_c=20_s=0.PMTC
Min temperature: 0.1
Max temperature: 0.5
Melhor Solução: 1422
Temp div: 16
MCL: 400
PTL: 75000
Elapsed time was: 748618
Maquina 1 : 165 196 76 36 77 34 2 147 35 66 154 6 54 16 49 195 1 172 24 13 174 140 0 194 5 63 59 64 173 14 7 98 30 20 26 171 11 96 
Maquina 2 : 191 71 46 12 148 90 29 85 177 130 144 127 180 56 25 57 113 139 70 161 168 22 58 78 105 184 164 88 89 39 87 134 115 129 15 
Maquina 3 : 106 149 3 68 27 162 169 136 79 118 182 110 17 83 126 41 170 108 38 160 80 42 81 133 43 114 150 99 4 141 
Maquina 4 : 18 67 51 138 198 116 137 65 167 119 156 179 86 189 28 151 185 32 93 50 122 100 21 192 131 142 120 19 52 153 152 
Maquina 5 : 181 61 44 117 175 92 155 75 95 146 45 186 33 104 10 73 190 193 72 183 82 158 84 23 48 62 97 94 107 123 132 159 
Maquina 6 : 91 188 111 135 197 125 9 178 166 121 55 103 60 74 199 69 112 40 37 124 109 101 47 102 187 157 8 128 31 143 53 163 176 145 
