Instance filename: ./instances/200jobs/instanceLarge1197_m=8_n=200_l=40_c=30_s=2.PMTC
Min temperature: 0.1
Max temperature: 0.5
Melhor Solução: 790
Temp div: 16
MCL: 400
PTL: 75000
Elapsed time was: 490640
Maquina 1 : 20 129 154 192 187 77 161 165 163 57 136 25 75 99 101 33 76 95 52 151 196 59 179 
Maquina 2 : 157 144 103 116 153 55 119 5 71 199 45 70 37 177 74 126 149 17 104 190 18 174 124 94 69 54 
Maquina 3 : 147 109 86 29 81 137 121 106 6 39 63 21 38 142 4 28 110 41 128 123 14 198 3 
Maquina 4 : 156 90 84 35 62 98 65 68 19 155 108 51 12 118 183 131 122 162 79 133 127 96 9 0 
Maquina 5 : 138 88 193 49 44 178 97 197 117 112 47 46 1 130 111 56 194 175 7 23 61 184 159 80 
Maquina 6 : 166 58 171 102 78 195 26 113 15 182 114 82 185 150 50 10 188 36 43 152 132 135 140 167 89 146 
Maquina 7 : 169 115 67 191 53 134 93 2 48 160 31 100 91 27 181 83 164 141 34 92 105 176 13 148 8 180 32 42 
Maquina 8 : 30 172 72 170 22 120 143 64 168 73 186 16 87 139 66 60 158 24 40 189 107 85 11 145 173 125 
