Instance filename: ./instances/200jobs/instanceLarge1386_m=10_n=200_l=40_c=20_s=2.PMTC
Min temperature: 0.1
Max temperature: 0.5
Melhor Solução: 660
Temp div: 16
MCL: 400
PTL: 75000
Elapsed time was: 734312
Maquina 1 : 114 175 144 45 99 10 50 68 173 6 136 70 30 177 43 132 51 110 77 96 149 86 111 
Maquina 2 : 48 27 168 34 161 109 24 76 179 165 103 90 195 26 107 189 180 125 
Maquina 3 : 23 147 183 115 42 169 182 98 29 84 69 197 35 153 193 91 95 174 
Maquina 4 : 117 55 20 185 187 134 188 15 156 38 82 121 118 44 171 61 164 17 
Maquina 5 : 129 63 53 131 33 123 135 37 167 89 196 19 22 126 127 142 163 192 184 0 186 47 
Maquina 6 : 150 160 157 74 71 36 60 143 130 28 148 122 198 4 18 5 66 194 65 152 
Maquina 7 : 80 54 181 75 39 170 178 112 116 166 102 31 46 2 100 151 124 162 14 101 
Maquina 8 : 199 159 57 62 176 12 92 105 119 154 49 128 97 59 9 72 145 120 190 52 
Maquina 9 : 8 140 7 87 93 139 141 81 67 104 158 172 32 40 83 191 88 78 3 155 64 
Maquina 10 : 16 41 133 13 113 11 25 138 56 85 94 73 137 108 106 21 1 79 58 146 
