Instance filename: ./instances/200jobs/instanceLarge1025_m=7_n=200_l=40_c=20_s=1.PMTC
Min temperature: 0.1
Max temperature: 0.5
Melhor Solução: 3782
Temp div: 16
MCL: 400
PTL: 75000
Elapsed time was: 1602903
Maquina 1 : 115 24 196 106 81 40 150 7 85 22 147 44 109 94 6 154 86 148 111 162 104 105 41 60 139 197 3 179 66 39 195 
Maquina 2 : 124 20 177 97 103 0 194 69 30 26 17 152 129 161 45 143 191 175 77 119 25 181 188 84 1 121 102 31 156 193 59 130 
Maquina 3 : 159 173 180 42 37 34 47 155 98 9 53 186 140 190 178 8 199 35 114 67 71 87 19 171 
Maquina 4 : 174 33 76 189 51 16 91 142 57 48 187 157 55 82 163 118 185 108 169 170 131 56 93 83 137 133 146 43 
Maquina 5 : 128 135 92 78 72 50 176 10 107 64 160 151 18 95 52 65 113 27 167 68 46 126 101 110 127 58 182 63 
Maquina 6 : 149 5 134 73 70 138 90 2 74 61 14 116 12 132 28 184 23 80 13 172 153 112 11 165 36 88 89 4 166 120 
Maquina 7 : 99 79 54 144 29 145 75 125 192 49 123 136 15 21 198 38 117 32 168 164 183 100 141 122 62 158 96 
