Instance filename: ./instances/200jobs/instanceLarge1124_m=8_n=200_l=30_c=20_s=1.PMTC
Min temperature: 0.1
Max temperature: 0.5
Melhor Solução: 3269
Temp div: 16
MCL: 400
PTL: 75000
Elapsed time was: 832103
Maquina 1 : 184 183 51 187 7 41 18 153 26 120 3 95 174 150 91 198 196 109 180 188 77 197 133 68 29 
Maquina 2 : 154 170 131 69 4 110 160 12 25 42 71 61 45 141 130 167 172 28 190 142 132 173 
Maquina 3 : 97 50 20 31 191 38 49 117 89 148 86 33 113 129 140 5 70 74 171 161 175 199 128 
Maquina 4 : 17 143 146 111 145 9 75 147 106 134 21 156 47 6 62 119 127 114 101 136 163 169 99 193 27 102 
Maquina 5 : 44 73 32 43 182 144 30 96 118 159 90 78 181 105 85 72 10 88 98 53 52 1 39 58 194 
Maquina 6 : 189 124 35 195 186 126 164 81 192 92 46 104 65 8 112 79 37 14 179 165 125 123 76 13 
Maquina 7 : 83 122 168 87 139 59 57 121 116 93 22 158 151 138 55 54 100 178 176 80 23 40 166 84 137 177 11 115 
Maquina 8 : 0 56 64 36 162 66 16 185 63 19 82 94 107 149 15 157 152 48 34 60 67 135 24 2 108 103 155 
