Instance filename: ./instances/200jobs/instanceLarge1090_m=8_n=200_l=30_c=10_s=0.PMTC
Min temperature: 0.1
Max temperature: 0.5
Melhor Solução: 1330
Temp div: 16
MCL: 400
PTL: 75000
Elapsed time was: 716394
Maquina 1 : 11 170 14 116 15 142 174 126 177 44 33 81 149 135 132 5 22 92 62 140 159 6 9 1 40 
Maquina 2 : 151 68 16 150 82 27 0 169 123 136 35 8 145 32 24 66 129 69 146 138 139 155 97 
Maquina 3 : 194 101 180 118 187 154 109 128 59 61 29 50 94 99 160 87 71 113 83 74 85 190 167 176 115 
Maquina 4 : 191 58 46 199 41 93 119 23 162 79 157 107 19 168 7 130 114 63 153 100 105 192 
Maquina 5 : 171 127 163 31 183 121 18 158 90 84 45 30 178 80 47 89 108 124 49 3 106 104 39 98 60 75 25 
Maquina 6 : 166 117 64 96 95 102 53 111 86 77 54 65 137 152 55 147 143 112 188 72 17 185 73 13 
Maquina 7 : 148 103 173 70 91 165 51 141 186 195 52 120 28 197 36 144 37 175 172 198 48 196 110 189 4 57 
Maquina 8 : 181 43 184 56 88 2 122 182 26 125 156 78 134 20 12 34 133 164 131 76 38 10 21 193 179 42 67 161 
