Instance filename: ./instances/200jobs/instanceLarge903_m=6_n=200_l=40_c=20_s=2.PMTC
Min temperature: 0.1
Max temperature: 0.5
Melhor Solução: 1083
Temp div: 16
MCL: 400
PTL: 75000
Elapsed time was: 1157894
Maquina 1 : 15 106 115 134 89 117 39 108 160 175 198 156 163 119 86 189 179 145 161 164 139 98 78 102 56 37 176 27 130 
Maquina 2 : 143 31 128 168 126 162 77 97 107 59 60 7 105 55 63 64 5 1 173 30 49 195 24 54 75 174 197 13 61 186 
Maquina 3 : 104 45 146 92 33 10 95 4 144 150 81 133 42 190 80 127 85 38 3 124 110 41 170 43 83 17 182 118 44 79 183 96 70 72 147 91 103 166 
Maquina 4 : 125 135 121 188 141 159 9 48 132 177 62 94 171 29 191 90 11 71 26 114 172 20 185 93 32 122 100 192 21 131 142 73 16 120 88 52 
Maquina 5 : 155 19 153 84 66 112 180 136 137 149 53 28 157 199 51 82 0 193 67 111 140 194 14 6 184 40 101 47 152 123 2 154 23 187 109 12 
Maquina 6 : 34 58 8 99 151 50 113 57 196 129 87 22 25 167 69 65 148 181 35 116 18 138 178 74 76 36 68 165 169 158 46 
