Instance filename: ./instances/200jobs/instanceLarge1113_m=8_n=200_l=30_c=20_s=2.PMTC
Min temperature: 0.1
Max temperature: 0.5
Melhor Solução: 822
Temp div: 16
MCL: 400
PTL: 75000
Elapsed time was: 953198
Maquina 1 : 110 146 90 131 69 60 25 101 171 74 140 96 103 70 144 142 115 43 32 11 44 129 113 33 86 100 
Maquina 2 : 178 80 41 23 40 18 7 88 59 51 184 183 187 167 172 28 190 132 181 85 72 118 159 42 71 12 
Maquina 3 : 81 160 105 168 133 68 170 29 87 19 154 149 3 95 120 153 26 94 102 27 99 163 36 169 78 
Maquina 4 : 0 56 64 182 162 119 66 82 16 185 45 61 126 188 180 109 196 198 91 30 112 197 145 34 48 
Maquina 5 : 152 157 151 173 89 125 4 148 20 49 38 150 164 192 104 46 92 65 8 
Maquina 6 : 37 14 179 93 121 116 155 2 13 123 130 15 141 63 79 186 165 117 97 31 50 191 137 52 174 
Maquina 7 : 84 57 139 193 76 24 135 77 67 73 108 5 134 106 147 75 143 111 166 176 22 158 55 138 10 107 98 9 161 53 1 
Maquina 8 : 177 195 21 156 47 6 62 127 136 114 189 39 194 54 58 124 35 122 83 128 199 17 175 
