Instance filename: ./instances/200jobs/instanceLarge963_m=7_n=200_l=30_c=10_s=2.PMTC
Min temperature: 0.1
Max temperature: 0.5
Melhor Solução: 972
Temp div: 16
MCL: 400
PTL: 75000
Elapsed time was: 1085233
Maquina 1 : 160 154 63 28 29 147 7 12 199 103 169 102 179 30 163 13 101 193 136 82 180 31 138 124 1 161 35 90 190 119 77 
Maquina 2 : 38 178 5 137 24 113 122 75 15 9 84 98 167 131 80 78 17 54 57 165 120 115 159 67 68 99 168 61 189 81 
Maquina 3 : 176 126 53 194 127 58 181 96 87 21 69 123 26 76 79 133 3 125 192 128 153 25 132 141 19 97 117 
Maquina 4 : 93 4 70 158 114 89 51 32 162 151 48 44 94 73 188 140 36 182 134 191 172 106 144 52 110 0 121 40 6 
Maquina 5 : 2 170 111 41 95 16 166 10 45 50 143 56 150 145 177 66 22 129 185 195 105 198 8 108 37 11 42 146 
Maquina 6 : 14 112 130 34 83 142 135 109 60 64 91 104 118 72 157 155 100 171 92 173 23 43 184 196 27 197 47 39 116 88 183 
Maquina 7 : 187 149 174 107 164 175 152 139 18 85 46 186 71 86 148 74 20 49 65 55 33 156 59 62 
