Instance filename: ./instances/200jobs/instanceLarge1328_m=10_n=200_l=30_c=10_s=1.PMTC
Min temperature: 0.1
Max temperature: 0.5
Melhor Solução: 1975
Temp div: 16
MCL: 400
PTL: 75000
Elapsed time was: 998064
Maquina 1 : 183 50 151 185 60 42 153 150 148 53 181 144 79 128 37 189 63 186 75 161 
Maquina 2 : 32 10 170 100 66 196 80 149 30 67 145 113 173 193 116 
Maquina 3 : 4 101 179 156 160 192 68 122 178 1 59 65 184 33 36 119 43 166 165 
Maquina 4 : 129 73 11 110 71 15 61 99 123 38 137 180 78 2 162 106 111 86 57 94 22 
Maquina 5 : 56 5 17 21 19 29 127 0 109 62 35 126 141 84 139 140 135 39 
Maquina 6 : 18 83 26 27 125 108 49 46 3 187 76 85 177 121 107 51 157 89 
Maquina 7 : 188 198 13 98 138 44 169 133 97 34 52 158 91 54 199 112 142 96 136 175 
Maquina 8 : 114 95 41 171 134 131 130 182 132 74 31 92 16 48 195 12 72 118 90 8 14 152 87 
Maquina 9 : 163 174 70 154 77 24 28 55 164 25 146 159 45 191 168 9 58 47 103 117 
Maquina 10 : 190 197 176 69 81 167 20 172 64 88 115 104 6 194 93 143 23 120 147 40 105 124 102 155 82 7 
