Instance filename: ./instances/200jobs/instanceLarge1202_m=9_n=200_l=30_c=10_s=1.PMTC
Min temperature: 0.1
Max temperature: 0.5
Melhor Solução: 2283
Temp div: 16
MCL: 400
PTL: 75000
Elapsed time was: 862117
Maquina 1 : 195 50 145 129 70 140 117 13 3 152 86 149 97 10 142 34 118 24 2 18 72 80 
Maquina 2 : 171 134 119 139 132 109 198 38 103 7 143 89 55 112 159 126 182 11 151 35 150 52 81 66 
Maquina 3 : 59 111 127 43 147 23 87 46 191 1 184 12 114 5 110 68 135 73 
Maquina 4 : 183 21 157 76 98 100 19 0 123 49 17 108 67 85 88 164 133 105 128 124 25 54 154 169 96 
Maquina 5 : 44 64 65 174 94 51 32 47 122 69 29 173 172 48 20 9 156 144 199 196 37 181 
Maquina 6 : 79 45 197 193 78 138 186 36 33 39 120 42 63 4 61 53 116 155 137 106 15 161 
Maquina 7 : 6 75 148 185 58 158 90 77 14 194 92 153 165 168 104 176 83 30 26 31 8 141 113 
Maquina 8 : 162 56 163 180 188 22 130 170 131 175 177 62 16 41 71 95 121 101 40 179 74 28 
Maquina 9 : 91 167 160 82 146 60 27 187 189 178 115 166 102 99 136 84 190 192 125 57 107 93 
