Instance filename: ./instances/200jobs/instanceLarge1351_m=10_n=200_l=30_c=20_s=0.PMTC
Min temperature: 0.1
Max temperature: 0.5
Melhor Solução: 1460
Temp div: 16
MCL: 400
PTL: 75000
Elapsed time was: 1006143
Maquina 1 : 109 111 81 1 199 124 141 55 158 129 60 191 127 146 38 43 48 28 15 108 88 10 
Maquina 2 : 41 37 65 137 181 32 135 40 30 164 175 198 149 163 23 167 147 8 131 
Maquina 3 : 136 34 140 156 162 53 4 13 16 101 25 197 20 110 114 73 3 35 63 33 
Maquina 4 : 83 153 19 157 193 176 177 185 192 52 89 150 173 71 119 90 126 143 
Maquina 5 : 7 130 195 64 194 0 104 112 196 178 184 49 139 125 29 145 69 31 85 84 
Maquina 6 : 92 169 26 80 133 57 98 99 188 142 50 96 189 151 70 138 36 61 168 
Maquina 7 : 132 121 67 94 86 161 148 172 102 77 11 116 91 134 58 39 182 46 115 6 
Maquina 8 : 27 45 21 160 166 12 154 106 62 42 93 174 82 159 144 87 5 187 74 68 170 72 180 18 
Maquina 9 : 100 79 190 56 113 66 17 155 152 24 107 78 103 75 128 2 44 186 118 22 
Maquina 10 : 105 59 117 9 120 123 97 183 165 54 51 122 179 14 47 171 76 95 
