Instance filename: ./instances/200jobs/instanceLarge1005_m=7_n=200_l=30_c=20_s=2.PMTC
Min temperature: 0.1
Max temperature: 0.5
Melhor Solução: 925
Temp div: 16
MCL: 400
PTL: 75000
Elapsed time was: 907257
Maquina 1 : 134 26 121 131 132 99 182 38 93 142 164 198 116 51 19 49 75 161 104 195 103 57 180 9 77 50 194 55 98 2 85 
Maquina 2 : 118 140 89 68 108 173 0 188 177 6 81 174 152 114 141 11 113 76 187 158 165 184 151 160 102 16 107 
Maquina 3 : 29 44 14 82 112 40 7 135 69 162 70 155 67 88 48 18 95 185 175 91 186 191 32 96 46 115 110 
Maquina 4 : 86 105 157 92 125 133 3 143 63 43 42 61 159 87 106 80 147 146 66 30 178 153 94 163 137 25 100 21 127 20 197 31 169 
Maquina 5 : 28 190 35 97 34 167 74 183 52 4 73 109 149 126 33 22 181 54 168 64 129 1 128 78 
Maquina 6 : 192 139 122 39 90 119 199 176 83 79 154 166 62 45 189 101 145 59 124 60 65 37 23 170 15 84 150 156 196 
Maquina 7 : 179 138 27 144 12 53 130 47 120 72 56 41 136 117 10 58 13 17 36 24 5 172 148 111 71 123 193 171 8 
