Instance filename: ./instances/200jobs/instanceLarge1057_m=7_n=200_l=40_c=30_s=0.PMTC
Min temperature: 0.1
Max temperature: 0.5
Melhor Solução: 2558
Temp div: 16
MCL: 400
PTL: 75000
Elapsed time was: 1199517
Maquina 1 : 119 154 36 169 27 126 34 115 15 30 165 118 19 120 72 196 132 51 167 24 99 23 191 38 137 88 22 171 198 135 
Maquina 2 : 179 58 39 149 143 0 127 162 155 44 189 83 74 28 144 60 173 93 170 55 86 103 26 114 105 134 62 
Maquina 3 : 148 139 59 71 17 85 152 52 82 69 63 90 6 192 10 35 16 186 150 3 122 113 42 101 13 70 77 80 57 104 
Maquina 4 : 116 182 172 31 64 95 147 166 11 96 176 195 41 14 25 125 194 138 190 50 164 111 8 193 183 187 160 161 
Maquina 5 : 33 94 163 142 1 180 107 123 100 46 136 81 146 97 32 92 106 68 20 178 56 158 2 67 49 78 110 151 168 87 140 
Maquina 6 : 75 47 197 129 184 131 76 185 21 45 109 156 7 181 121 159 108 124 37 98 5 54 199 53 89 130 40 
Maquina 7 : 157 61 79 177 141 4 12 48 128 66 112 65 133 153 174 175 188 102 117 29 9 91 145 73 18 84 43 
