Instance filename: ./instances/200jobs/instanceLarge996_m=7_n=200_l=30_c=20_s=2.PMTC
Min temperature: 0.1
Max temperature: 0.5
Melhor Solução: 903
Temp div: 16
MCL: 400
PTL: 75000
Elapsed time was: 694534
Maquina 1 : 149 109 60 174 65 127 19 21 100 85 158 113 98 118 89 6 172 81 96 23 37 184 155 151 16 160 45 
Maquina 2 : 102 188 40 168 64 164 14 93 182 170 177 11 111 141 58 117 41 56 120 47 130 53 12 52 138 144 27 152 
Maquina 3 : 68 140 134 80 131 105 132 91 38 30 66 146 147 43 198 63 173 97 74 10 187 114 121 108 116 143 49 75 20 26 161 104 
Maquina 4 : 9 57 180 0 50 42 154 22 126 2 55 165 194 171 8 84 196 179 193 107 29 44 54 159 150 156 61 87 15 
Maquina 5 : 95 185 136 110 148 5 24 112 82 69 123 71 175 7 135 162 70 103 67 48 73 79 83 176 166 189 
Maquina 6 : 124 59 195 46 115 51 186 32 191 3 133 76 125 157 92 86 99 199 119 122 39 1 192 90 139 
Maquina 7 : 128 78 106 31 169 197 28 190 35 33 34 72 77 183 142 4 145 25 137 62 163 167 94 153 178 13 17 181 18 36 101 129 88 
