Instance filename: ./instances/200jobs/instanceLarge1143_m=8_n=200_l=40_c=20_s=2.PMTC
Min temperature: 0.1
Max temperature: 0.5
Melhor Solução: 824
Temp div: 16
MCL: 400
PTL: 75000
Elapsed time was: 744162
Maquina 1 : 135 153 65 139 94 169 26 183 86 85 83 162 121 188 164 15 159 136 104 56 49 90 84 112 69 58 189 124 
Maquina 2 : 36 152 148 179 170 119 133 28 145 4 154 30 43 35 3 176 180 193 174 70 32 88 19 191 172 150 
Maquina 3 : 74 165 7 102 120 114 71 24 54 129 106 192 66 73 78 101 110 134 115 111 41 158 116 13 146 61 
Maquina 4 : 178 68 46 18 100 151 108 31 81 57 37 132 103 44 87 147 122 166 89 51 34 168 50 187 186 
Maquina 5 : 173 2 16 175 177 156 82 130 163 141 6 97 22 105 67 48 91 126 118 142 39 
Maquina 6 : 149 107 76 27 80 196 40 10 98 155 52 21 123 160 194 0 72 38 143 92 131 45 199 
Maquina 7 : 185 144 62 96 5 125 17 138 167 128 161 59 198 95 77 47 29 75 157 63 190 33 197 25 
Maquina 8 : 8 113 109 20 99 9 171 14 11 23 137 181 140 184 1 42 79 182 117 12 53 55 127 64 93 60 195 
