Instance filename: ./instances/200jobs/instanceLarge941_m=6_n=200_l=40_c=30_s=1.PMTC
Min temperature: 0.1
Max temperature: 0.5
Melhor Solução: 5602
Temp div: 16
MCL: 400
PTL: 75000
Elapsed time was: 744336
Maquina 1 : 11 99 194 144 32 31 98 140 5 91 105 160 146 29 96 117 81 125 169 74 131 4 28 152 1 54 124 52 48 39 53 38 58 10 
Maquina 2 : 69 121 108 75 83 122 176 133 73 143 41 115 116 192 30 27 179 171 198 106 100 33 36 172 95 0 20 113 77 156 14 135 161 60 
Maquina 3 : 66 159 57 19 84 111 177 163 191 59 188 21 82 34 107 90 150 137 102 157 196 155 189 103 23 183 26 3 164 45 6 114 70 195 
Maquina 4 : 182 44 62 8 197 87 55 46 24 128 43 67 154 101 132 184 80 186 166 151 139 127 190 175 168 89 61 141 173 153 40 119 42 
Maquina 5 : 187 181 136 174 85 142 65 170 18 64 162 199 25 126 15 68 120 35 7 110 158 118 130 88 76 138 94 165 72 180 
Maquina 6 : 92 178 78 9 97 79 17 185 93 47 145 193 86 22 123 112 129 167 51 37 134 104 148 147 13 12 63 50 149 16 2 109 56 71 49 
