Instance filename: ./instances/200jobs/instanceLarge1138_m=8_n=200_l=30_c=20_s=0.PMTC
Min temperature: 0.1
Max temperature: 0.5
Melhor Solução: 1138
Temp div: 16
MCL: 400
PTL: 75000
Elapsed time was: 641249
Maquina 1 : 144 43 158 55 138 22 86 178 80 135 24 2 108 73 44 110 131 170 69 174 103 78 52 
Maquina 2 : 147 190 132 195 157 188 61 142 25 96 97 50 191 31 168 38 186 150 199 117 148 89 
Maquina 3 : 139 81 164 15 192 104 46 92 65 8 37 112 72 30 91 198 196 4 180 109 169 152 48 34 197 145 
Maquina 4 : 127 75 121 59 57 146 111 6 100 93 84 137 177 115 0 56 182 64 36 162 126 42 71 12 160 67 60 
Maquina 5 : 133 68 29 19 87 153 149 3 18 41 23 40 166 185 16 82 79 63 141 5 106 134 187 7 51 184 76 
Maquina 6 : 58 1 194 39 189 114 66 28 120 119 77 130 136 167 172 163 173 151 95 193 32 175 161 
Maquina 7 : 176 171 154 74 90 183 62 47 21 53 156 101 99 27 26 102 33 113 129 70 155 116 14 179 165 125 
Maquina 8 : 123 13 83 128 17 143 11 122 140 35 49 20 94 124 9 54 98 107 88 10 85 105 181 159 45 118 
