Instance filename: ./instances/200jobs/instanceLarge901_m=6_n=200_l=40_c=20_s=0.PMTC
Min temperature: 0.1
Max temperature: 0.5
Melhor Solução: 1772
Temp div: 16
MCL: 400
PTL: 75000
Elapsed time was: 1292681
Maquina 1 : 94 117 175 134 39 107 115 126 97 199 53 130 25 57 113 139 59 161 168 105 194 78 89 70 50 183 36 72 87 184 167 156 
Maquina 2 : 196 76 189 125 135 106 129 178 166 103 165 74 121 60 153 142 95 92 133 164 145 163 86 179 40 119 44 112 69 31 143 116 137 22 
Maquina 3 : 51 138 18 66 35 67 172 77 152 34 2 28 151 185 93 122 32 41 30 128 173 180 136 149 169 162 155 79 118 17 182 108 83 
Maquina 4 : 147 85 80 160 38 170 124 110 68 3 27 181 81 43 65 171 15 99 102 127 37 176 42 4 150 144 114 120 11 109 88 26 71 96 29 
Maquina 5 : 191 56 90 12 98 63 20 64 154 174 55 75 19 52 131 21 33 100 146 61 186 197 13 195 49 6 24 148 23 
Maquina 6 : 73 5 1 177 104 46 91 188 159 132 47 123 187 101 16 54 141 7 14 157 111 62 9 48 84 192 45 158 82 10 8 193 198 190 58 0 140 
