Instance filename: ./instances/200jobs/instanceLarge887_m=6_n=200_l=30_c=20_s=1.PMTC
Min temperature: 0.1
Max temperature: 0.5
Melhor Solução: 4238
Temp div: 16
MCL: 400
PTL: 75000
Elapsed time was: 838408
Maquina 1 : 45 197 125 106 117 92 195 148 89 109 97 158 98 172 181 186 43 176 151 41 111 17 85 18 63 139 88 114 107 58 185 47 21 123 
Maquina 2 : 193 191 162 37 160 150 69 78 136 49 184 1 174 96 8 55 70 57 118 31 95 194 64 75 134 140 173 146 27 74 167 198 65 133 90 
Maquina 3 : 23 110 36 54 44 127 138 188 100 143 50 99 2 116 33 4 24 91 52 20 199 154 34 40 177 66 124 180 15 122 5 48 13 137 170 79 
Maquina 4 : 83 196 53 156 159 71 166 169 129 101 105 165 164 149 61 67 28 152 12 175 68 22 126 131 182 38 3 80 102 144 155 179 
Maquina 5 : 130 86 161 77 93 29 11 87 7 19 32 60 113 30 189 119 51 147 84 14 163 72 103 145 82 25 56 171 157 168 104 
Maquina 6 : 187 0 128 132 81 183 73 141 10 9 94 108 121 62 26 42 190 46 135 115 76 6 112 153 142 39 35 178 120 16 192 59 
