Instance filename: ./instances/200jobs/instanceLarge1206_m=9_n=200_l=30_c=10_s=2.PMTC
Min temperature: 0.1
Max temperature: 0.5
Melhor Solução: 739
Temp div: 16
MCL: 400
PTL: 75000
Elapsed time was: 426954
Maquina 1 : 107 57 136 84 144 178 97 47 145 149 125 190 18 71 193 65 24 119 171 198 109 132 134 
Maquina 2 : 64 152 154 94 142 34 118 138 172 122 29 156 69 9 48 181 37 197 0 46 184 35 
Maquina 3 : 1 12 160 127 82 179 40 74 101 32 80 25 128 2 133 83 30 31 162 26 141 20 173 
Maquina 4 : 103 7 38 163 98 56 176 19 100 21 76 157 195 106 196 175 15 199 6 75 174 27 120 
Maquina 5 : 131 170 41 58 22 70 146 188 140 86 17 153 166 102 167 168 81 91 52 59 150 111 43 79 
Maquina 6 : 3 67 88 108 85 45 105 147 66 104 62 49 92 72 180 23 116 155 137 53 
Maquina 7 : 183 13 4 61 63 42 33 39 114 130 192 182 93 36 28 121 60 95 78 50 110 
Maquina 8 : 51 113 117 68 73 10 135 191 5 186 165 151 177 16 189 90 14 115 77 194 124 185 
Maquina 9 : 54 169 44 96 158 148 161 8 143 187 129 159 99 164 123 126 139 11 112 89 55 87 
