Instance filename: ./instances/200jobs/instanceLarge1200_m=8_n=200_l=40_c=30_s=2.PMTC
Min temperature: 0.1
Max temperature: 0.5
Melhor Solução: 822
Temp div: 16
MCL: 400
PTL: 75000
Elapsed time was: 641081
Maquina 1 : 20 173 198 57 66 14 123 128 41 1 98 62 35 84 90 156 21 94 17 9 96 127 109 133 143 199 
Maquina 2 : 196 45 70 37 163 99 113 107 159 80 168 73 85 8 150 186 103 33 189 114 177 82 185 75 
Maquina 3 : 134 130 179 59 50 64 95 12 108 160 91 27 181 164 141 92 146 195 78 102 142 180 
Maquina 4 : 16 87 139 6 4 28 110 38 197 97 178 44 138 49 124 157 170 88 39 86 0 29 31 119 116 188 71 
Maquina 5 : 5 68 18 40 24 60 137 65 184 171 105 93 176 13 148 135 83 193 34 7 175 23 61 172 30 42 
Maquina 6 : 32 191 101 169 67 115 11 53 120 22 2 48 144 56 19 155 51 36 43 152 129 25 125 76 151 52 112 
Maquina 7 : 47 46 111 58 81 121 183 131 118 122 162 79 166 194 154 192 187 77 161 106 165 136 74 126 149 100 145 
Maquina 8 : 174 190 153 104 69 54 147 26 15 63 55 158 132 167 89 140 182 72 3 117 10 
