Instance filename: ./instances/200jobs/instanceLarge1245_m=9_n=200_l=30_c=20_s=2.PMTC
Min temperature: 0.1
Max temperature: 0.5
Melhor Solução: 666
Temp div: 16
MCL: 400
PTL: 75000
Elapsed time was: 578131
Maquina 1 : 47 180 37 170 197 45 32 74 52 150 147 84 115 122 54 167 118 63 64 135 148 
Maquina 2 : 31 38 58 97 33 139 162 59 53 196 193 81 155 16 102 91 116 153 128 104 11 42 13 108 55 72 119 
Maquina 3 : 112 94 171 166 62 110 46 107 35 159 130 28 10 152 111 68 39 50 76 24 9 189 113 
Maquina 4 : 191 160 34 120 184 79 100 80 1 23 134 151 60 136 19 183 5 82 117 40 
Maquina 5 : 185 169 179 123 181 87 182 177 186 109 146 65 173 106 85 77 57 14 44 21 174 
Maquina 6 : 178 78 75 73 15 149 8 142 114 90 12 168 132 67 17 199 66 4 61 129 140 2 22 
Maquina 7 : 51 176 70 164 127 145 30 71 175 49 27 29 154 105 198 188 36 161 141 83 
Maquina 8 : 143 88 48 126 131 18 125 195 99 187 69 144 121 86 89 0 6 190 25 3 163 98 157 
Maquina 9 : 165 96 156 26 138 194 41 43 137 158 101 20 103 56 95 124 92 192 172 133 93 7 
