Instance filename: ./instances/200jobs/instanceLarge1350_m=10_n=200_l=30_c=10_s=2.PMTC
Min temperature: 0.1
Max temperature: 0.5
Melhor Solução: 647
Temp div: 16
MCL: 400
PTL: 75000
Elapsed time was: 555663
Maquina 1 : 131 29 127 109 195 18 141 126 84 62 161 63 144 93 32 100 196 135 46 171 
Maquina 2 : 41 95 39 193 125 139 0 160 166 43 31 38 178 3 132 188 197 
Maquina 3 : 177 142 121 122 191 123 9 45 91 168 49 11 71 99 61 26 27 47 69 
Maquina 4 : 117 58 185 172 22 33 52 165 192 112 54 199 86 17 56 5 133 83 
Maquina 5 : 107 94 138 157 51 98 13 198 44 60 153 50 42 92 169 34 118 90 152 14 75 186 150 35 
Maquina 6 : 74 182 48 72 8 12 70 87 163 174 28 77 82 21 134 59 155 73 7 124 37 
Maquina 7 : 189 128 79 159 89 183 151 53 148 16 101 140 4 181 113 115 116 173 130 76 
Maquina 8 : 85 66 170 68 57 97 154 158 10 19 106 55 175 187 96 114 136 80 149 
Maquina 9 : 30 67 145 179 129 110 156 1 36 119 65 108 180 2 78 162 137 20 120 104 143 147 23 
Maquina 10 : 102 40 105 6 64 184 88 146 24 164 25 190 167 103 81 194 176 15 111 
