Instance filename: ./instances/200jobs/instanceLarge898_m=6_n=200_l=30_c=20_s=0.PMTC
Min temperature: 0.1
Max temperature: 0.5
Melhor Solução: 2413
Temp div: 16
MCL: 400
PTL: 75000
Elapsed time was: 1266574
Maquina 1 : 55 195 177 117 72 24 33 141 103 118 94 20 12 190 152 17 163 97 89 109 144 80 102 63 191 193 123 9 116 85 124 111 
Maquina 2 : 108 121 62 60 4 46 70 79 84 167 159 145 169 166 71 129 101 105 165 149 164 67 119 51 22 147 44 36 54 14 86 8 25 161 93 
Maquina 3 : 29 77 162 113 11 19 189 32 7 21 87 185 58 153 18 43 151 176 41 110 157 137 48 15 192 59 6 112 139 88 114 107 
Maquina 4 : 26 42 174 96 1 148 39 184 53 23 38 182 10 131 126 179 68 175 61 45 197 106 92 35 178 120 47 76 37 65 133 66 82 180 98 135 
Maquina 5 : 172 181 115 186 128 0 187 104 168 16 158 13 5 122 40 155 171 95 56 3 130 52 91 28 138 188 154 100 83 196 127 142 
Maquina 6 : 170 30 183 194 64 75 31 150 134 140 173 146 74 198 90 136 78 69 160 199 34 49 50 143 125 73 81 27 132 99 57 2 156 
