Instance filename: ./instances/200jobs/instanceLarge1267_m=9_n=200_l=40_c=20_s=0.PMTC
Min temperature: 0.1
Max temperature: 0.5
Melhor Solução: 2310
Temp div: 16
MCL: 400
PTL: 75000
Elapsed time was: 1041448
Maquina 1 : 82 184 41 146 160 30 144 50 197 63 108 167 6 148 19 60 26 106 122 127 123 87 
Maquina 2 : 44 157 77 142 103 17 34 149 67 169 69 53 46 58 182 84 102 100 57 90 8 
Maquina 3 : 36 183 101 179 121 165 189 190 177 62 187 178 9 23 51 89 176 194 93 111 156 150 113 
Maquina 4 : 73 119 79 181 151 158 20 12 97 91 162 81 94 49 188 28 68 110 105 85 92 72 1 70 153 39 
Maquina 5 : 131 24 64 66 154 118 80 143 171 155 141 164 7 32 116 193 42 161 99 175 163 78 54 174 191 
Maquina 6 : 14 56 75 185 95 147 37 128 120 196 13 199 47 137 132 133 124 2 52 40 166 96 
Maquina 7 : 45 5 186 98 4 29 126 134 48 15 18 65 135 35 138 170 88 16 104 136 11 
Maquina 8 : 172 195 10 27 140 115 168 192 43 139 86 130 112 0 22 114 198 
Maquina 9 : 31 125 117 173 33 76 3 71 59 109 129 83 74 107 152 55 61 25 180 159 21 145 38 
