Instance filename: ./instances/200jobs/instanceLarge1006_m=7_n=200_l=30_c=20_s=0.PMTC
Min temperature: 0.1
Max temperature: 0.5
Melhor Solução: 2623
Temp div: 16
MCL: 400
PTL: 75000
Elapsed time was: 533185
Maquina 1 : 134 140 152 144 52 165 12 53 130 47 170 100 21 19 127 75 20 49 189 166 62 163 94 
Maquina 2 : 149 109 174 60 31 65 124 145 59 116 143 192 90 78 128 122 39 41 74 54 10 50 1 77 57 117 9 27 198 110 66 
Maquina 3 : 108 191 32 186 38 3 133 125 51 92 157 131 86 36 46 114 115 96 138 45 121 132 142 182 93 99 56 136 58 187 13 101 119 199 
Maquina 4 : 83 176 79 159 154 48 88 18 178 153 102 29 14 160 16 151 17 126 181 42 2 11 141 111 148 5 
Maquina 5 : 24 112 82 23 37 184 162 155 70 26 67 89 118 85 113 98 55 33 179 190 196 175 71 123 69 76 7 40 
Maquina 6 : 44 84 107 193 8 30 171 194 167 4 73 97 25 164 168 64 129 139 147 150 156 80 106 61 87 15 172 95 185 
Maquina 7 : 91 6 177 81 188 0 173 68 180 105 22 63 43 169 28 35 137 146 197 103 161 104 195 183 72 120 34 135 158 
