Instance filename: ./instances/200jobs/instanceLarge1395_m=10_n=200_l=40_c=20_s=2.PMTC
Min temperature: 0.1
Max temperature: 0.5
Melhor Solução: 701
Temp div: 16
MCL: 400
PTL: 75000
Elapsed time was: 851737
Maquina 1 : 97 175 96 114 124 144 173 10 68 6 70 1 28 19 110 121 148 82 118 44 
Maquina 2 : 164 132 171 116 169 61 17 185 156 188 134 15 38 187 153 20 101 18 55 174 117 91 27 23 
Maquina 3 : 86 177 98 182 115 43 84 142 22 29 2 162 119 165 100 57 170 159 12 
Maquina 4 : 46 151 56 14 183 112 31 8 42 52 166 190 181 40 24 145 72 9 59 
Maquina 5 : 51 30 95 103 3 120 83 160 191 133 155 77 64 16 146 13 108 79 104 
Maquina 6 : 126 102 85 67 73 94 90 138 76 41 25 140 149 141 158 172 127 81 93 
Maquina 7 : 11 78 87 7 199 194 192 163 186 49 58 135 184 37 0 131 63 
Maquina 8 : 53 179 197 111 125 35 189 107 26 50 195 92 122 136 198 5 4 71 139 113 
Maquina 9 : 178 65 152 80 66 39 75 89 54 129 32 167 147 21 106 33 180 36 143 196 45 60 
Maquina 10 : 137 176 105 128 130 62 74 88 168 157 99 47 48 150 123 193 69 34 161 154 109 
