Instance filename: ./instances/200jobs/instanceLarge1237_m=9_n=200_l=30_c=20_s=0.PMTC
Min temperature: 0.1
Max temperature: 0.5
Melhor Solução: 1146
Temp div: 16
MCL: 400
PTL: 75000
Elapsed time was: 734332
Maquina 1 : 168 90 145 30 71 136 188 9 198 25 143 154 49 29 27 161 83 141 196 10 81 16 
Maquina 2 : 162 38 193 86 177 77 106 173 111 65 110 62 166 85 171 182 44 149 18 7 93 
Maquina 3 : 181 28 101 172 130 35 159 107 50 63 118 115 187 69 138 99 74 11 178 128 153 
Maquina 4 : 194 116 91 32 155 102 87 175 22 190 51 140 52 120 88 184 79 100 80 1 151 134 137 
Maquina 5 : 23 60 132 158 5 46 117 82 40 185 169 179 123 75 186 133 135 192 124 92 95 103 165 84 164 
Maquina 6 : 70 176 45 57 54 191 34 56 19 78 122 42 61 4 72 142 12 8 114 2 
Maquina 7 : 129 17 199 47 66 170 197 163 183 67 13 21 119 14 174 55 127 58 139 33 59 121 
Maquina 8 : 148 89 31 97 3 146 152 64 0 37 147 6 180 160 76 105 68 144 39 41 43 26 156 96 112 94 
Maquina 9 : 126 48 131 125 195 73 36 108 15 167 150 109 98 157 104 53 113 20 24 189 
