Instance filename: ./instances/200jobs/instanceLarge1033_m=7_n=200_l=40_c=20_s=0.PMTC
Min temperature: 0.1
Max temperature: 0.5
Melhor Solução: 1122
Temp div: 16
MCL: 400
PTL: 75000
Elapsed time was: 736099
Maquina 1 : 194 107 92 78 15 135 77 197 91 36 85 4 88 120 166 72 79 99 96 144 29 18 180 65 9 155 94 136 133 37 47 123 23 73 
Maquina 2 : 70 35 5 10 105 104 12 89 109 22 87 59 184 6 172 41 189 185 11 153 121 130 13 139 103 69 30 151 44 160 97 
Maquina 3 : 64 110 58 68 46 167 113 182 101 177 122 126 158 149 62 54 49 52 192 14 125 176 66 39 50 198 195 
Maquina 4 : 95 98 27 21 0 117 32 38 56 174 173 76 57 142 187 16 48 157 75 3 86 82 179 28 108 170 169 93 131 
Maquina 5 : 83 137 146 128 43 24 17 196 26 106 81 40 134 171 124 112 74 116 61 162 132 154 111 148 100 
Maquina 6 : 159 42 7 90 51 163 67 145 19 71 33 152 168 119 164 129 181 143 45 84 53 175 161 191 25 31 1 
Maquina 7 : 193 102 147 127 178 63 55 165 80 60 183 34 156 115 20 141 118 150 138 188 2 199 8 114 140 186 190 
