Instance filename: ./instances/200jobs/instanceLarge1078_m=7_n=200_l=40_c=30_s=0.PMTC
Min temperature: 0.1
Max temperature: 0.5
Melhor Solução: 4324
Temp div: 16
MCL: 400
PTL: 75000
Elapsed time was: 774848
Maquina 1 : 121 156 124 42 89 130 69 111 165 108 0 65 127 162 76 7 47 140 75 168 151 110 78 94 135 136 100 58 
Maquina 2 : 46 107 35 16 10 166 192 160 22 164 191 52 152 120 81 106 146 91 9 29 117 102 125 25 141 83 74 28 60 63 
Maquina 3 : 184 186 150 3 122 113 17 85 66 180 30 128 48 181 175 20 56 178 171 88 198 199 129 98 54 5 18 73 84 105 148 1 
Maquina 4 : 62 8 99 92 112 23 33 11 163 142 123 167 51 24 193 53 179 39 143 149 104 116 182 172 31 64 95 147 189 
Maquina 5 : 115 43 161 183 187 26 14 41 195 176 96 97 37 154 34 27 36 61 169 101 13 70 77 80 118 158 2 196 72 19 
Maquina 6 : 15 132 190 138 194 50 67 49 159 131 57 144 119 79 12 177 114 38 103 86 126 173 93 170 55 44 
Maquina 7 : 155 32 133 153 174 197 40 87 157 68 137 6 188 90 71 145 82 59 134 139 4 185 21 45 109 
