Instance filename: ./instances/200jobs/instanceLarge1109_m=8_n=200_l=30_c=10_s=1.PMTC
Min temperature: 0.1
Max temperature: 0.5
Melhor Solução: 2489
Temp div: 16
MCL: 400
PTL: 75000
Elapsed time was: 742279
Maquina 1 : 21 10 193 150 161 47 104 106 39 27 136 117 98 166 86 177 89 172 123 153 92 108 124 132 0 154 5 62 
Maquina 2 : 8 96 141 115 70 46 91 199 191 58 17 168 185 107 82 67 59 56 93 188 176 85 83 190 167 
Maquina 3 : 122 152 22 147 54 65 137 77 112 143 144 64 71 113 179 87 160 97 187 194 155 101 180 118 
Maquina 4 : 128 3 72 171 173 129 66 24 181 25 75 38 60 53 102 111 76 192 95 78 134 182 156 11 34 100 
Maquina 5 : 63 114 105 7 19 130 133 151 131 164 163 20 36 127 69 158 31 30 183 90 18 178 45 162 80 99 23 84 94 50 29 
Maquina 6 : 12 157 42 79 33 169 139 119 49 68 41 109 125 26 88 184 43 57 189 110 121 4 196 48 
Maquina 7 : 116 61 2 142 174 126 44 135 81 16 40 51 74 9 6 1 103 159 55 140 170 197 120 
Maquina 8 : 28 186 52 195 15 165 198 175 37 13 149 73 14 146 138 148 35 32 145 
