Instance filename: ./instances/200jobs/instanceLarge1425_m=10_n=200_l=40_c=30_s=2.PMTC
Min temperature: 0.1
Max temperature: 0.5
Melhor Solução: 656
Temp div: 16
MCL: 400
PTL: 75000
Elapsed time was: 647931
Maquina 1 : 72 118 174 139 153 1 46 115 62 2 93 192 125 3 114 167 20 100 35 136 120 
Maquina 2 : 157 12 61 113 187 24 108 16 162 196 117 142 184 70 105 65 164 68 
Maquina 3 : 141 123 198 185 17 85 41 19 21 146 86 96 130 190 63 133 188 169 165 45 57 135 
Maquina 4 : 182 177 106 56 175 51 150 29 73 191 34 32 71 101 127 25 88 183 
Maquina 5 : 180 58 43 163 99 89 10 28 140 59 54 15 159 87 155 37 171 103 129 74 186 92 
Maquina 6 : 147 53 77 173 149 83 7 84 199 52 189 76 176 69 22 42 132 194 66 13 90 
Maquina 7 : 172 9 64 95 80 109 27 97 38 134 179 33 75 79 168 145 112 102 
Maquina 8 : 110 158 6 48 126 67 170 31 178 18 131 197 14 23 122 49 144 119 60 181 
Maquina 9 : 82 138 160 152 81 166 91 55 161 36 111 30 5 50 154 116 
Maquina 10 : 124 78 8 148 98 128 156 4 11 137 0 94 195 107 151 26 104 47 121 143 40 44 39 193 
