Instance filename: ./instances/200jobs/instanceLarge1212_m=9_n=200_l=30_c=10_s=2.PMTC
Min temperature: 0.1
Max temperature: 0.5
Melhor Solução: 742
Temp div: 16
MCL: 400
PTL: 75000
Elapsed time was: 741311
Maquina 1 : 60 135 76 100 183 73 161 47 32 1 120 171 41 27 170 162 64 65 80 96 51 
Maquina 2 : 128 110 129 117 140 70 18 145 195 50 56 53 22 180 192 116 157 155 137 118 68 
Maquina 3 : 174 138 94 142 34 10 97 86 13 3 17 149 25 8 31 178 113 63 95 102 66 59 91 
Maquina 4 : 81 52 105 166 123 99 160 12 39 33 121 186 42 114 130 175 16 177 184 62 75 144 15 6 71 101 131 
Maquina 5 : 108 199 196 37 0 48 181 9 156 29 122 20 7 103 38 152 154 134 132 119 61 44 169 
Maquina 6 : 54 185 58 124 115 164 88 77 90 158 143 83 2 133 26 30 172 150 141 11 146 198 163 148 
Maquina 7 : 188 187 82 28 74 179 40 72 24 92 127 111 79 45 49 168 67 182 167 14 193 197 78 
Maquina 8 : 46 151 112 89 159 55 173 87 139 69 126 189 36 4 43 147 23 109 191 
Maquina 9 : 5 104 165 153 194 176 35 85 19 98 21 190 93 125 84 136 106 107 57 
