Instance filename: ./instances/200jobs/instanceLarge976_m=7_n=200_l=30_c=10_s=0.PMTC
Min temperature: 0.1
Max temperature: 0.5
Melhor Solução: 2185
Temp div: 16
MCL: 400
PTL: 75000
Elapsed time was: 571458
Maquina 1 : 52 144 110 106 0 40 6 121 2 170 9 75 122 113 98 84 167 105 29 34 26 185 82 83 146 103 179 102 30 
Maquina 2 : 90 130 125 194 133 69 87 123 131 17 80 150 47 67 163 159 120 115 165 177 78 57 135 54 53 191 24 181 112 99 189 
Maquina 3 : 81 168 61 176 68 62 172 74 126 73 140 127 182 188 94 36 44 48 117 93 97 141 19 153 25 111 63 
Maquina 4 : 28 199 160 132 183 128 76 79 174 187 149 116 134 88 39 169 12 27 7 64 129 23 173 43 184 197 196 49 
Maquina 5 : 114 157 92 171 166 95 16 35 41 162 66 109 60 91 142 101 13 193 180 31 3 192 70 158 136 89 4 8 
Maquina 6 : 108 195 22 198 104 85 152 139 46 164 107 175 38 5 58 96 154 50 10 45 56 143 147 14 145 51 151 
Maquina 7 : 32 137 37 11 178 119 190 77 161 138 21 65 124 1 59 156 33 18 72 118 15 100 55 155 148 20 186 86 71 42 
