Instance filename: ./instances/200jobs/instanceLarge1243_m=9_n=200_l=30_c=20_s=0.PMTC
Min temperature: 0.1
Max temperature: 0.5
Melhor Solução: 1936
Temp div: 16
MCL: 400
PTL: 75000
Elapsed time was: 486318
Maquina 1 : 86 177 77 122 95 50 118 117 68 76 105 180 190 0 63 39 27 29 25 49 175 
Maquina 2 : 71 145 30 9 168 142 70 164 56 127 193 58 139 33 97 89 121 148 59 31 91 61 173 22 
Maquina 3 : 51 140 4 137 43 41 146 37 64 109 65 111 67 12 162 98 179 169 40 185 82 143 107 44 
Maquina 4 : 19 144 46 136 183 5 135 60 20 134 1 80 23 132 151 184 79 72 100 120 154 
Maquina 5 : 34 54 57 133 196 141 83 161 36 73 48 87 126 69 138 47 199 17 66 129 53 3 
Maquina 6 : 104 157 52 74 15 108 10 174 14 55 191 21 78 112 113 189 166 24 160 90 192 114 
Maquina 7 : 92 124 178 75 93 7 182 186 62 85 171 131 94 8 149 88 32 165 116 153 194 
Maquina 8 : 158 147 150 123 115 84 103 26 96 156 125 187 99 195 18 28 181 172 198 188 101 38 
Maquina 9 : 110 102 155 16 81 35 159 130 106 152 167 119 45 176 6 170 163 197 2 42 13 128 11 
