Instance filename: ./instances/200jobs/instanceLarge1322_m=10_n=200_l=30_c=10_s=1.PMTC
Min temperature: 0.1
Max temperature: 0.5
Melhor Solução: 1961
Temp div: 16
MCL: 400
PTL: 75000
Elapsed time was: 1092287
Maquina 1 : 154 158 10 19 123 54 9 166 161 187 38 163 18 141 126 62 35 84 135 0 139 
Maquina 2 : 39 95 171 41 74 127 109 174 16 182 132 29 197 92 34 118 90 152 
Maquina 3 : 14 12 87 48 72 8 150 134 67 178 156 1 119 33 43 184 36 65 
Maquina 4 : 108 94 151 111 2 93 78 162 6 137 104 120 20 23 143 147 106 130 17 
Maquina 5 : 86 21 124 73 155 102 59 7 82 105 61 40 27 176 194 99 47 26 15 168 71 83 11 110 145 
Maquina 6 : 179 142 196 100 129 3 49 46 177 157 121 107 76 51 69 31 32 5 
Maquina 7 : 131 189 186 37 63 79 128 133 53 144 181 173 68 66 170 122 22 85 188 75 13 
Maquina 8 : 198 44 98 138 148 50 153 42 70 28 60 77 169 89 183 55 45 159 88 180 64 
Maquina 9 : 24 164 25 190 103 167 81 117 146 58 185 172 30 165 52 97 192 80 149 160 
Maquina 10 : 125 136 193 101 116 4 195 140 113 57 115 56 112 199 191 96 91 114 175 
