Instance filename: ./instances/RCPMSII/RCPMS_Instance_88_m=6_n=100_t=13
Min temperature: 0.1
Max temperature: 0.5
Melhor Solução: 616
Temp div: 20
MCL: 500
PTL: 400
Elapsed time was: 57907
Maquina 1 : 35 27 0 31 57 56 54 77 92 86 28 93 8 6 62 47 19 
Maquina 2 : 32 61 13 50 63 7 71 78 84 64 9 74 65 69 12 
Maquina 3 : 70 91 16 85 18 20 76 73 66 96 3 90 38 36 58 
Maquina 4 : 40 5 53 11 33 99 10 83 52 68 95 23 21 72 82 97 4 37 
Maquina 5 : 44 80 81 1 17 75 88 34 59 89 30 87 14 2 45 43 42 
Maquina 6 : 29 60 25 67 46 48 41 98 51 55 94 79 24 22 15 39 49 26 
Formato de validacao do resultado: 
0 35 0 27 0 0 0 31 0 57 0 56 0 54 0 77 0 92 0 86 0 28 0 93 0 8 0 6 0 62 0 47 0 19 
1 32 1 61 1 13 1 50 1 63 1 7 1 71 1 78 1 84 1 64 1 9 1 74 1 65 1 69 1 12 
2 70 2 91 2 16 2 85 2 18 2 20 2 76 2 73 2 66 2 96 2 3 2 90 2 38 2 36 2 58 
3 40 3 5 3 53 3 11 3 33 3 99 3 10 3 83 3 52 3 68 3 95 3 23 3 21 3 72 3 82 3 97 3 4 3 37 
4 44 4 80 4 81 4 1 4 17 4 75 4 88 4 34 4 59 4 89 4 30 4 87 4 14 4 2 4 45 4 43 4 42 
5 29 5 60 5 25 5 67 5 46 5 48 5 41 5 98 5 51 5 55 5 94 5 79 5 24 5 22 5 15 5 39 5 49 5 26 
