Instance filename: ./instances/RCPMSII/RCPMS_Instance_71_m=5_n=100_t=11
Min temperature: 0.1
Max temperature: 0.5
Melhor Solução: 670
Temp div: 20
MCL: 500
PTL: 400
Elapsed time was: 40904
Maquina 1 : 25 45 79 29 6 83 17 4 39 90 88 5 13 34 82 27 60 37 
Maquina 2 : 8 67 32 72 66 56 36 78 48 76 70 47 65 0 12 22 80 33 1 
Maquina 3 : 69 97 10 92 94 14 11 44 26 3 99 24 31 91 59 54 98 51 89 40 
Maquina 4 : 63 43 77 95 57 19 61 2 75 84 16 85 41 38 53 30 42 73 46 7 74 
Maquina 5 : 71 93 21 20 50 28 58 23 86 9 49 81 55 96 15 62 18 87 68 64 52 35 
Formato de validacao do resultado: 
0 25 0 45 0 79 0 29 0 6 0 83 0 17 0 4 0 39 0 90 0 88 0 5 0 13 0 34 0 82 0 27 0 60 0 37 
1 8 1 67 1 32 1 72 1 66 1 56 1 36 1 78 1 48 1 76 1 70 1 47 1 65 1 0 1 12 1 22 1 80 1 33 1 1 
2 69 2 97 2 10 2 92 2 94 2 14 2 11 2 44 2 26 2 3 2 99 2 24 2 31 2 91 2 59 2 54 2 98 2 51 2 89 2 40 
3 63 3 43 3 77 3 95 3 57 3 19 3 61 3 2 3 75 3 84 3 16 3 85 3 41 3 38 3 53 3 30 3 42 3 73 3 46 3 7 3 74 
4 71 4 93 4 21 4 20 4 50 4 28 4 58 4 23 4 86 4 9 4 49 4 81 4 55 4 96 4 15 4 62 4 18 4 87 4 68 4 64 4 52 4 35 
