Instance filename: ./instances/RCPMSII/RCPMS_Instance_111_m=7_n=100_t=11
Min temperature: 0.1
Max temperature: 0.5
Melhor Solução: 494
Temp div: 20
MCL: 500
PTL: 400
Elapsed time was: 108508
Maquina 1 : 49 3 98 42 96 0 59 90 2 61 47 94 60 26 14 4 
Maquina 2 : 69 91 48 32 95 36 39 43 29 24 45 55 34 76 
Maquina 3 : 66 99 46 12 83 75 86 72 74 15 53 92 21 80 40 
Maquina 4 : 73 50 17 1 16 64 38 63 70 88 79 5 25 10 93 78 11 
Maquina 5 : 41 62 9 19 84 37 22 20 67 77 35 57 82 
Maquina 6 : 51 28 18 58 81 30 44 87 65 27 85 56 33 
Maquina 7 : 13 6 31 97 8 89 68 52 54 7 23 71 
Formato de validacao do resultado: 
0 49 0 3 0 98 0 42 0 96 0 0 0 59 0 90 0 2 0 61 0 47 0 94 0 60 0 26 0 14 0 4 
1 69 1 91 1 48 1 32 1 95 1 36 1 39 1 43 1 29 1 24 1 45 1 55 1 34 1 76 
2 66 2 99 2 46 2 12 2 83 2 75 2 86 2 72 2 74 2 15 2 53 2 92 2 21 2 80 2 40 
3 73 3 50 3 17 3 1 3 16 3 64 3 38 3 63 3 70 3 88 3 79 3 5 3 25 3 10 3 93 3 78 3 11 
4 41 4 62 4 9 4 19 4 84 4 37 4 22 4 20 4 67 4 77 4 35 4 57 4 82 
5 51 5 28 5 18 5 58 5 81 5 30 5 44 5 87 5 65 5 27 5 85 5 56 5 33 
6 13 6 6 6 31 6 97 6 8 6 89 6 68 6 52 6 54 6 7 6 23 6 71 
