Instance filename: ./instances/RCPMSII/RCPMS_Instance_133_m=7_n=200_t=13
Min temperature: 0.1
Max temperature: 0.5
Melhor Solução: 941
Temp div: 20
MCL: 500
PTL: 400
Elapsed time was: 286908
Maquina 1 : 34 174 75 50 44 39 197 31 8 136 193 54 33 124 83 117 169 161 71 163 178 103 51 157 107 164 190 68 150 
Maquina 2 : 121 64 152 108 70 78 187 192 123 77 114 148 126 47 46 41 87 110 132 145 104 32 57 109 113 133 94 
Maquina 3 : 158 16 119 20 105 198 88 9 7 149 166 21 189 76 183 118 175 155 11 102 99 28 86 72 188 196 160 84 179 
Maquina 4 : 97 92 116 65 91 128 154 36 172 2 24 13 135 17 37 80 81 181 144 182 170 153 12 89 69 194 15 61 95 26 
Maquina 5 : 137 151 191 96 156 90 27 3 98 22 185 129 23 120 186 176 168 66 40 146 0 138 139 6 100 4 48 143 
Maquina 6 : 79 29 141 93 171 62 167 56 127 67 159 130 43 1 111 195 30 63 165 140 18 101 55 184 53 49 25 60 112 
Maquina 7 : 58 162 35 59 131 19 14 42 147 177 38 74 5 199 142 122 134 10 52 45 106 115 73 125 82 173 85 180 
Formato de validacao do resultado: 
0 34 0 174 0 75 0 50 0 44 0 39 0 197 0 31 0 8 0 136 0 193 0 54 0 33 0 124 0 83 0 117 0 169 0 161 0 71 0 163 0 178 0 103 0 51 0 157 0 107 0 164 0 190 0 68 0 150 
1 121 1 64 1 152 1 108 1 70 1 78 1 187 1 192 1 123 1 77 1 114 1 148 1 126 1 47 1 46 1 41 1 87 1 110 1 132 1 145 1 104 1 32 1 57 1 109 1 113 1 133 1 94 
2 158 2 16 2 119 2 20 2 105 2 198 2 88 2 9 2 7 2 149 2 166 2 21 2 189 2 76 2 183 2 118 2 175 2 155 2 11 2 102 2 99 2 28 2 86 2 72 2 188 2 196 2 160 2 84 2 179 
3 97 3 92 3 116 3 65 3 91 3 128 3 154 3 36 3 172 3 2 3 24 3 13 3 135 3 17 3 37 3 80 3 81 3 181 3 144 3 182 3 170 3 153 3 12 3 89 3 69 3 194 3 15 3 61 3 95 3 26 
4 137 4 151 4 191 4 96 4 156 4 90 4 27 4 3 4 98 4 22 4 185 4 129 4 23 4 120 4 186 4 176 4 168 4 66 4 40 4 146 4 0 4 138 4 139 4 6 4 100 4 4 4 48 4 143 
5 79 5 29 5 141 5 93 5 171 5 62 5 167 5 56 5 127 5 67 5 159 5 130 5 43 5 1 5 111 5 195 5 30 5 63 5 165 5 140 5 18 5 101 5 55 5 184 5 53 5 49 5 25 5 60 5 112 
6 58 6 162 6 35 6 59 6 131 6 19 6 14 6 42 6 147 6 177 6 38 6 74 6 5 6 199 6 142 6 122 6 134 6 10 6 52 6 45 6 106 6 115 6 73 6 125 6 82 6 173 6 85 6 180 
