Instance filename: ./instances/RCPMSII/RCPMS_Instance_108_m=7_n=100_t=8
Min temperature: 0.1
Max temperature: 0.5
Melhor Solução: 442
Temp div: 20
MCL: 500
PTL: 400
Elapsed time was: 110627
Maquina 1 : 6 92 54 85 68 29 34 74 67 33 46 70 80 19 93 90 
Maquina 2 : 96 11 14 78 59 37 36 8 24 52 16 
Maquina 3 : 25 94 39 45 69 56 30 38 51 21 17 72 49 87 73 
Maquina 4 : 42 12 55 81 98 89 47 3 31 66 1 91 32 0 27 35 83 9 
Maquina 5 : 77 4 43 71 60 5 22 44 57 28 88 62 18 75 
Maquina 6 : 99 48 64 95 41 82 53 86 84 7 40 63 
Maquina 7 : 10 79 2 76 65 20 26 13 15 23 50 61 97 58 
Formato de validacao do resultado: 
0 6 0 92 0 54 0 85 0 68 0 29 0 34 0 74 0 67 0 33 0 46 0 70 0 80 0 19 0 93 0 90 
1 96 1 11 1 14 1 78 1 59 1 37 1 36 1 8 1 24 1 52 1 16 
2 25 2 94 2 39 2 45 2 69 2 56 2 30 2 38 2 51 2 21 2 17 2 72 2 49 2 87 2 73 
3 42 3 12 3 55 3 81 3 98 3 89 3 47 3 3 3 31 3 66 3 1 3 91 3 32 3 0 3 27 3 35 3 83 3 9 
4 77 4 4 4 43 4 71 4 60 4 5 4 22 4 44 4 57 4 28 4 88 4 62 4 18 4 75 
5 99 5 48 5 64 5 95 5 41 5 82 5 53 5 86 5 84 5 7 5 40 5 63 
6 10 6 79 6 2 6 76 6 65 6 20 6 26 6 13 6 15 6 23 6 50 6 61 6 97 6 58 
