Instance filename: ./instances/RCPMSII/RCPMS_Instance_129_m=7_n=200_t=11
Min temperature: 0.1
Max temperature: 0.5
Melhor Solução: 930
Temp div: 20
MCL: 500
PTL: 400
Elapsed time was: 251111
Maquina 1 : 16 122 38 147 139 187 33 89 99 108 76 185 54 61 84 113 150 195 103 71 171 153 159 37 66 160 70 29 
Maquina 2 : 20 180 79 46 184 107 62 196 145 178 17 105 8 50 136 36 174 75 23 68 39 30 134 177 104 
Maquina 3 : 10 158 121 166 88 142 132 26 24 11 83 183 56 198 120 157 13 1 14 135 109 85 3 173 186 199 129 124 87 78 97 
Maquina 4 : 96 80 9 6 191 155 15 95 90 130 45 182 47 35 59 146 74 144 92 154 28 27 48 25 151 82 140 106 165 
Maquina 5 : 172 52 149 193 131 143 0 101 31 53 127 102 110 34 156 176 197 81 189 12 138 128 123 119 168 94 77 4 141 192 57 
Maquina 6 : 137 2 112 73 100 190 91 58 188 162 44 72 133 60 63 98 111 40 43 179 116 115 18 148 93 118 64 194 51 
Maquina 7 : 55 152 114 170 126 125 161 69 41 5 32 167 42 67 49 22 117 163 169 65 86 175 7 181 164 19 21 
Formato de validacao do resultado: 
0 16 0 122 0 38 0 147 0 139 0 187 0 33 0 89 0 99 0 108 0 76 0 185 0 54 0 61 0 84 0 113 0 150 0 195 0 103 0 71 0 171 0 153 0 159 0 37 0 66 0 160 0 70 0 29 
1 20 1 180 1 79 1 46 1 184 1 107 1 62 1 196 1 145 1 178 1 17 1 105 1 8 1 50 1 136 1 36 1 174 1 75 1 23 1 68 1 39 1 30 1 134 1 177 1 104 
2 10 2 158 2 121 2 166 2 88 2 142 2 132 2 26 2 24 2 11 2 83 2 183 2 56 2 198 2 120 2 157 2 13 2 1 2 14 2 135 2 109 2 85 2 3 2 173 2 186 2 199 2 129 2 124 2 87 2 78 2 97 
3 96 3 80 3 9 3 6 3 191 3 155 3 15 3 95 3 90 3 130 3 45 3 182 3 47 3 35 3 59 3 146 3 74 3 144 3 92 3 154 3 28 3 27 3 48 3 25 3 151 3 82 3 140 3 106 3 165 
4 172 4 52 4 149 4 193 4 131 4 143 4 0 4 101 4 31 4 53 4 127 4 102 4 110 4 34 4 156 4 176 4 197 4 81 4 189 4 12 4 138 4 128 4 123 4 119 4 168 4 94 4 77 4 4 4 141 4 192 4 57 
5 137 5 2 5 112 5 73 5 100 5 190 5 91 5 58 5 188 5 162 5 44 5 72 5 133 5 60 5 63 5 98 5 111 5 40 5 43 5 179 5 116 5 115 5 18 5 148 5 93 5 118 5 64 5 194 5 51 
6 55 6 152 6 114 6 170 6 126 6 125 6 161 6 69 6 41 6 5 6 32 6 167 6 42 6 67 6 49 6 22 6 117 6 163 6 169 6 65 6 86 6 175 6 7 6 181 6 164 6 19 6 21 
