Instance filename: ./instances/RCPMSII/RCPMS_Instance_150_m=8_n=200_t=13
Min temperature: 0.1
Max temperature: 0.5
Melhor Solução: 853
Temp div: 20
MCL: 500
PTL: 400
Elapsed time was: 389507
Maquina 1 : 121 181 59 23 153 72 54 143 148 117 11 26 169 41 65 107 164 112 124 30 33 1 74 58 116 6 
Maquina 2 : 45 94 103 168 104 147 20 125 27 7 57 51 71 145 68 129 24 49 88 109 39 42 
Maquina 3 : 188 15 64 22 136 102 52 17 176 67 47 197 142 40 4 199 120 70 12 55 76 187 133 18 44 
Maquina 4 : 50 189 157 137 132 178 32 156 110 5 83 114 175 84 174 0 196 63 130 46 91 77 177 123 95 
Maquina 5 : 13 28 134 101 25 8 81 195 62 108 115 144 158 135 82 194 21 128 127 183 80 60 198 179 105 87 98 
Maquina 6 : 138 96 151 140 172 192 36 31 10 56 99 66 89 48 165 155 2 166 69 19 92 
Maquina 7 : 35 53 149 118 163 146 173 61 186 171 97 43 73 37 139 119 185 9 34 191 106 85 182 162 75 131 159 
Maquina 8 : 38 29 193 79 152 126 167 190 3 154 160 150 184 141 113 161 16 111 14 93 78 86 180 100 170 122 90 
Formato de validacao do resultado: 
0 121 0 181 0 59 0 23 0 153 0 72 0 54 0 143 0 148 0 117 0 11 0 26 0 169 0 41 0 65 0 107 0 164 0 112 0 124 0 30 0 33 0 1 0 74 0 58 0 116 0 6 
1 45 1 94 1 103 1 168 1 104 1 147 1 20 1 125 1 27 1 7 1 57 1 51 1 71 1 145 1 68 1 129 1 24 1 49 1 88 1 109 1 39 1 42 
2 188 2 15 2 64 2 22 2 136 2 102 2 52 2 17 2 176 2 67 2 47 2 197 2 142 2 40 2 4 2 199 2 120 2 70 2 12 2 55 2 76 2 187 2 133 2 18 2 44 
3 50 3 189 3 157 3 137 3 132 3 178 3 32 3 156 3 110 3 5 3 83 3 114 3 175 3 84 3 174 3 0 3 196 3 63 3 130 3 46 3 91 3 77 3 177 3 123 3 95 
4 13 4 28 4 134 4 101 4 25 4 8 4 81 4 195 4 62 4 108 4 115 4 144 4 158 4 135 4 82 4 194 4 21 4 128 4 127 4 183 4 80 4 60 4 198 4 179 4 105 4 87 4 98 
5 138 5 96 5 151 5 140 5 172 5 192 5 36 5 31 5 10 5 56 5 99 5 66 5 89 5 48 5 165 5 155 5 2 5 166 5 69 5 19 5 92 
6 35 6 53 6 149 6 118 6 163 6 146 6 173 6 61 6 186 6 171 6 97 6 43 6 73 6 37 6 139 6 119 6 185 6 9 6 34 6 191 6 106 6 85 6 182 6 162 6 75 6 131 6 159 
7 38 7 29 7 193 7 79 7 152 7 126 7 167 7 190 7 3 7 154 7 160 7 150 7 184 7 141 7 113 7 161 7 16 7 111 7 14 7 93 7 78 7 86 7 180 7 100 7 170 7 122 7 90 
