Instance filename: ./instances/RCPMSII/RCPMS_Instance_132_m=7_n=200_t=13
Min temperature: 0.1
Max temperature: 0.5
Melhor Solução: 944
Temp div: 20
MCL: 500
PTL: 400
Elapsed time was: 265298
Maquina 1 : 173 167 112 89 196 67 52 187 186 193 10 101 63 62 197 35 102 84 126 103 16 28 104 151 83 139 9 41 147 76 40 153 
Maquina 2 : 172 192 93 109 130 179 123 134 174 132 156 152 106 165 124 97 90 144 176 161 3 80 114 199 
Maquina 3 : 162 168 105 120 14 17 190 65 7 79 44 57 119 20 78 32 148 86 125 82 115 56 42 15 122 13 177 118 71 
Maquina 4 : 4 171 72 55 0 88 81 37 25 26 33 92 91 58 8 169 198 159 137 51 131 150 141 11 107 164 36 127 85 
Maquina 5 : 27 146 195 87 49 129 133 39 142 117 19 23 96 138 22 180 66 189 59 21 64 48 181 38 185 53 149 128 
Maquina 6 : 43 30 61 75 45 94 183 69 95 46 184 160 74 108 157 73 158 99 140 68 188 145 2 60 18 50 178 175 182 
Maquina 7 : 100 47 143 116 163 77 135 54 24 121 111 155 34 191 113 29 170 166 12 6 154 194 5 70 31 136 98 110 1 
Formato de validacao do resultado: 
0 173 0 167 0 112 0 89 0 196 0 67 0 52 0 187 0 186 0 193 0 10 0 101 0 63 0 62 0 197 0 35 0 102 0 84 0 126 0 103 0 16 0 28 0 104 0 151 0 83 0 139 0 9 0 41 0 147 0 76 0 40 0 153 
1 172 1 192 1 93 1 109 1 130 1 179 1 123 1 134 1 174 1 132 1 156 1 152 1 106 1 165 1 124 1 97 1 90 1 144 1 176 1 161 1 3 1 80 1 114 1 199 
2 162 2 168 2 105 2 120 2 14 2 17 2 190 2 65 2 7 2 79 2 44 2 57 2 119 2 20 2 78 2 32 2 148 2 86 2 125 2 82 2 115 2 56 2 42 2 15 2 122 2 13 2 177 2 118 2 71 
3 4 3 171 3 72 3 55 3 0 3 88 3 81 3 37 3 25 3 26 3 33 3 92 3 91 3 58 3 8 3 169 3 198 3 159 3 137 3 51 3 131 3 150 3 141 3 11 3 107 3 164 3 36 3 127 3 85 
4 27 4 146 4 195 4 87 4 49 4 129 4 133 4 39 4 142 4 117 4 19 4 23 4 96 4 138 4 22 4 180 4 66 4 189 4 59 4 21 4 64 4 48 4 181 4 38 4 185 4 53 4 149 4 128 
5 43 5 30 5 61 5 75 5 45 5 94 5 183 5 69 5 95 5 46 5 184 5 160 5 74 5 108 5 157 5 73 5 158 5 99 5 140 5 68 5 188 5 145 5 2 5 60 5 18 5 50 5 178 5 175 5 182 
6 100 6 47 6 143 6 116 6 163 6 77 6 135 6 54 6 24 6 121 6 111 6 155 6 34 6 191 6 113 6 29 6 170 6 166 6 12 6 6 6 154 6 194 6 5 6 70 6 31 6 136 6 98 6 110 6 1 
