Instance filename: ./instances/RCPMSII/RCPMS_Instance_175_m=10_n=200_t=13
Min temperature: 0.1
Max temperature: 0.5
Melhor Solução: 673
Temp div: 20
MCL: 500
PTL: 400
Elapsed time was: 731055
Maquina 1 : 86 91 128 92 198 96 116 161 44 42 0 98 1 62 131 117 152 184 120 83 
Maquina 2 : 165 46 166 136 76 21 73 138 22 53 37 123 137 11 49 9 5 192 134 60 66 155 24 3 
Maquina 3 : 176 82 122 103 59 31 135 168 187 54 13 71 190 172 126 106 173 
Maquina 4 : 43 90 36 147 140 125 39 108 63 70 133 145 101 144 170 4 194 
Maquina 5 : 18 175 99 139 179 80 78 195 2 33 148 20 48 30 25 68 124 169 
Maquina 6 : 146 45 88 38 84 127 183 41 19 52 47 121 16 7 112 178 27 8 34 50 167 
Maquina 7 : 14 26 10 129 113 157 56 158 164 61 110 87 32 185 111 69 191 
Maquina 8 : 156 17 23 182 118 119 64 132 141 6 28 130 58 72 77 150 94 93 55 74 97 180 
Maquina 9 : 109 160 143 188 159 85 29 79 114 35 153 65 142 162 171 75 149 12 40 115 81 177 100 107 186 199 
Maquina 10 : 51 163 154 181 151 57 174 15 193 196 189 95 102 105 104 67 89 197 
Formato de validacao do resultado: 
0 86 0 91 0 128 0 92 0 198 0 96 0 116 0 161 0 44 0 42 0 0 0 98 0 1 0 62 0 131 0 117 0 152 0 184 0 120 0 83 
1 165 1 46 1 166 1 136 1 76 1 21 1 73 1 138 1 22 1 53 1 37 1 123 1 137 1 11 1 49 1 9 1 5 1 192 1 134 1 60 1 66 1 155 1 24 1 3 
2 176 2 82 2 122 2 103 2 59 2 31 2 135 2 168 2 187 2 54 2 13 2 71 2 190 2 172 2 126 2 106 2 173 
3 43 3 90 3 36 3 147 3 140 3 125 3 39 3 108 3 63 3 70 3 133 3 145 3 101 3 144 3 170 3 4 3 194 
4 18 4 175 4 99 4 139 4 179 4 80 4 78 4 195 4 2 4 33 4 148 4 20 4 48 4 30 4 25 4 68 4 124 4 169 
5 146 5 45 5 88 5 38 5 84 5 127 5 183 5 41 5 19 5 52 5 47 5 121 5 16 5 7 5 112 5 178 5 27 5 8 5 34 5 50 5 167 
6 14 6 26 6 10 6 129 6 113 6 157 6 56 6 158 6 164 6 61 6 110 6 87 6 32 6 185 6 111 6 69 6 191 
7 156 7 17 7 23 7 182 7 118 7 119 7 64 7 132 7 141 7 6 7 28 7 130 7 58 7 72 7 77 7 150 7 94 7 93 7 55 7 74 7 97 7 180 
8 109 8 160 8 143 8 188 8 159 8 85 8 29 8 79 8 114 8 35 8 153 8 65 8 142 8 162 8 171 8 75 8 149 8 12 8 40 8 115 8 81 8 177 8 100 8 107 8 186 8 199 
9 51 9 163 9 154 9 181 9 151 9 57 9 174 9 15 9 193 9 196 9 189 9 95 9 102 9 105 9 104 9 67 9 89 9 197 
