Instance filename: ./instances/RCPMSII/RCPMS_Instance_116_m=7_n=100_t=13
Min temperature: 0.1
Max temperature: 0.5
Melhor Solução: 475
Temp div: 20
MCL: 500
PTL: 400
Elapsed time was: 60355
Maquina 1 : 21 14 83 22 24 99 75 81 46 40 11 1 
Maquina 2 : 8 32 84 59 10 49 30 57 80 95 94 63 76 31 85 54 
Maquina 3 : 61 34 58 74 43 72 35 48 50 12 77 36 96 
Maquina 4 : 88 93 16 91 39 62 69 4 71 47 9 33 60 90 
Maquina 5 : 87 20 66 82 15 55 70 86 45 65 3 19 89 
Maquina 6 : 7 26 18 52 25 23 37 92 17 28 29 98 78 27 0 
Maquina 7 : 53 67 97 13 56 51 2 68 6 73 41 5 42 79 38 64 44 
Formato de validacao do resultado: 
0 21 0 14 0 83 0 22 0 24 0 99 0 75 0 81 0 46 0 40 0 11 0 1 
1 8 1 32 1 84 1 59 1 10 1 49 1 30 1 57 1 80 1 95 1 94 1 63 1 76 1 31 1 85 1 54 
2 61 2 34 2 58 2 74 2 43 2 72 2 35 2 48 2 50 2 12 2 77 2 36 2 96 
3 88 3 93 3 16 3 91 3 39 3 62 3 69 3 4 3 71 3 47 3 9 3 33 3 60 3 90 
4 87 4 20 4 66 4 82 4 15 4 55 4 70 4 86 4 45 4 65 4 3 4 19 4 89 
5 7 5 26 5 18 5 52 5 25 5 23 5 37 5 92 5 17 5 28 5 29 5 98 5 78 5 27 5 0 
6 53 6 67 6 97 6 13 6 56 6 51 6 2 6 68 6 6 6 73 6 41 6 5 6 42 6 79 6 38 6 64 6 44 
