Instance filename: ./instances/RCPMSII/RCPMS_Instance_37_m=4_n=100_t=7
Min temperature: 0.1
Max temperature: 0.5
Melhor Solução: 797
Temp div: 20
MCL: 500
PTL: 400
Elapsed time was: 28260
Maquina 1 : 70 76 88 20 52 28 56 45 25 32 98 6 94 99 61 65 49 0 43 81 41 80 
Maquina 2 : 69 72 24 33 14 68 54 74 22 58 34 7 15 95 18 5 37 38 84 71 59 4 55 44 46 89 10 93 
Maquina 3 : 79 3 35 96 42 85 27 17 29 57 63 8 13 75 92 21 83 11 97 53 87 82 78 19 40 
Maquina 4 : 23 26 36 50 90 48 2 67 73 77 64 16 1 47 12 51 30 60 39 86 9 66 91 62 31 
Formato de validacao do resultado: 
0 70 0 76 0 88 0 20 0 52 0 28 0 56 0 45 0 25 0 32 0 98 0 6 0 94 0 99 0 61 0 65 0 49 0 0 0 43 0 81 0 41 0 80 
1 69 1 72 1 24 1 33 1 14 1 68 1 54 1 74 1 22 1 58 1 34 1 7 1 15 1 95 1 18 1 5 1 37 1 38 1 84 1 71 1 59 1 4 1 55 1 44 1 46 1 89 1 10 1 93 
2 79 2 3 2 35 2 96 2 42 2 85 2 27 2 17 2 29 2 57 2 63 2 8 2 13 2 75 2 92 2 21 2 83 2 11 2 97 2 53 2 87 2 82 2 78 2 19 2 40 
3 23 3 26 3 36 3 50 3 90 3 48 3 2 3 67 3 73 3 77 3 64 3 16 3 1 3 47 3 12 3 51 3 30 3 60 3 39 3 86 3 9 3 66 3 91 3 62 3 31 
