Instance filename: ./instances/RCPMSII/RCPMS_Instance_105_m=6_n=200_t=13
Min temperature: 0.1
Max temperature: 0.5
Melhor Solução: 1088
Temp div: 20
MCL: 500
PTL: 400
Elapsed time was: 166564
Maquina 1 : 146 181 86 46 80 45 150 183 118 156 103 60 43 89 40 36 155 33 117 195 124 101 144 14 172 76 75 113 197 137 65 42 
Maquina 2 : 153 53 84 123 130 171 50 193 10 145 185 57 131 97 61 0 141 143 25 99 162 94 7 192 88 93 4 158 175 87 
Maquina 3 : 6 166 19 12 177 142 48 54 15 1 41 139 67 24 71 169 13 20 55 96 74 114 34 85 184 105 79 187 147 31 176 128 108 188 170 191 161 
Maquina 4 : 112 163 91 95 164 56 149 66 51 49 17 122 121 106 16 154 30 102 129 8 132 107 160 18 52 100 69 180 127 81 73 110 11 168 
Maquina 5 : 83 21 148 140 29 151 190 116 111 62 120 5 186 39 178 27 78 23 179 77 133 37 136 64 70 194 199 126 159 28 173 38 59 
Maquina 6 : 157 115 196 47 35 2 26 82 22 167 119 165 104 98 32 68 3 109 125 135 138 189 63 198 182 9 44 152 90 134 72 92 174 58 
Formato de validacao do resultado: 
0 146 0 181 0 86 0 46 0 80 0 45 0 150 0 183 0 118 0 156 0 103 0 60 0 43 0 89 0 40 0 36 0 155 0 33 0 117 0 195 0 124 0 101 0 144 0 14 0 172 0 76 0 75 0 113 0 197 0 137 0 65 0 42 
1 153 1 53 1 84 1 123 1 130 1 171 1 50 1 193 1 10 1 145 1 185 1 57 1 131 1 97 1 61 1 0 1 141 1 143 1 25 1 99 1 162 1 94 1 7 1 192 1 88 1 93 1 4 1 158 1 175 1 87 
2 6 2 166 2 19 2 12 2 177 2 142 2 48 2 54 2 15 2 1 2 41 2 139 2 67 2 24 2 71 2 169 2 13 2 20 2 55 2 96 2 74 2 114 2 34 2 85 2 184 2 105 2 79 2 187 2 147 2 31 2 176 2 128 2 108 2 188 2 170 2 191 2 161 
3 112 3 163 3 91 3 95 3 164 3 56 3 149 3 66 3 51 3 49 3 17 3 122 3 121 3 106 3 16 3 154 3 30 3 102 3 129 3 8 3 132 3 107 3 160 3 18 3 52 3 100 3 69 3 180 3 127 3 81 3 73 3 110 3 11 3 168 
4 83 4 21 4 148 4 140 4 29 4 151 4 190 4 116 4 111 4 62 4 120 4 5 4 186 4 39 4 178 4 27 4 78 4 23 4 179 4 77 4 133 4 37 4 136 4 64 4 70 4 194 4 199 4 126 4 159 4 28 4 173 4 38 4 59 
5 157 5 115 5 196 5 47 5 35 5 2 5 26 5 82 5 22 5 167 5 119 5 165 5 104 5 98 5 32 5 68 5 3 5 109 5 125 5 135 5 138 5 189 5 63 5 198 5 182 5 9 5 44 5 152 5 90 5 134 5 72 5 92 5 174 5 58 
