Instance filename: ./instances/RCPMSII/RCPMS_Instance_147_m=8_n=200_t=13
Min temperature: 0.1
Max temperature: 0.5
Melhor Solução: 803
Temp div: 20
MCL: 500
PTL: 400
Elapsed time was: 325883
Maquina 1 : 99 171 91 62 188 44 49 136 86 25 154 15 34 173 108 64 43 23 190 129 74 26 106 79 73 
Maquina 2 : 167 81 119 6 178 20 37 115 109 7 4 155 120 58 159 185 186 172 151 152 82 117 16 2 
Maquina 3 : 102 13 95 145 121 135 122 192 41 59 63 3 65 66 100 50 150 29 83 147 46 104 194 156 
Maquina 4 : 124 105 89 5 57 174 138 197 19 116 18 158 128 149 76 42 162 21 48 143 193 184 176 196 127 153 88 157 118 
Maquina 5 : 78 175 8 168 69 68 169 70 24 144 125 31 160 92 148 131 140 183 180 10 30 133 51 
Maquina 6 : 182 75 166 40 137 113 195 39 97 191 164 94 45 199 103 84 85 98 72 36 112 111 146 130 
Maquina 7 : 187 93 54 53 107 114 123 110 33 142 61 60 177 9 163 165 17 80 14 22 12 141 101 28 38 126 179 
Maquina 8 : 96 90 11 32 67 1 56 198 170 134 0 55 52 181 139 71 27 161 35 77 132 47 87 189 
Formato de validacao do resultado: 
0 99 0 171 0 91 0 62 0 188 0 44 0 49 0 136 0 86 0 25 0 154 0 15 0 34 0 173 0 108 0 64 0 43 0 23 0 190 0 129 0 74 0 26 0 106 0 79 0 73 
1 167 1 81 1 119 1 6 1 178 1 20 1 37 1 115 1 109 1 7 1 4 1 155 1 120 1 58 1 159 1 185 1 186 1 172 1 151 1 152 1 82 1 117 1 16 1 2 
2 102 2 13 2 95 2 145 2 121 2 135 2 122 2 192 2 41 2 59 2 63 2 3 2 65 2 66 2 100 2 50 2 150 2 29 2 83 2 147 2 46 2 104 2 194 2 156 
3 124 3 105 3 89 3 5 3 57 3 174 3 138 3 197 3 19 3 116 3 18 3 158 3 128 3 149 3 76 3 42 3 162 3 21 3 48 3 143 3 193 3 184 3 176 3 196 3 127 3 153 3 88 3 157 3 118 
4 78 4 175 4 8 4 168 4 69 4 68 4 169 4 70 4 24 4 144 4 125 4 31 4 160 4 92 4 148 4 131 4 140 4 183 4 180 4 10 4 30 4 133 4 51 
5 182 5 75 5 166 5 40 5 137 5 113 5 195 5 39 5 97 5 191 5 164 5 94 5 45 5 199 5 103 5 84 5 85 5 98 5 72 5 36 5 112 5 111 5 146 5 130 
6 187 6 93 6 54 6 53 6 107 6 114 6 123 6 110 6 33 6 142 6 61 6 60 6 177 6 9 6 163 6 165 6 17 6 80 6 14 6 22 6 12 6 141 6 101 6 28 6 38 6 126 6 179 
7 96 7 90 7 11 7 32 7 67 7 1 7 56 7 198 7 170 7 134 7 0 7 55 7 52 7 181 7 139 7 71 7 27 7 161 7 35 7 77 7 132 7 47 7 87 7 189 
