Instance filename: ./instances/RCPMSII/RCPMS_Instance_97_m=6_n=200_t=11
Min temperature: 0.1
Max temperature: 0.5
Melhor Solução: 1082
Temp div: 20
MCL: 500
PTL: 400
Elapsed time was: 79952
Maquina 1 : 14 92 196 199 36 147 174 76 30 167 115 73 113 157 117 64 49 9 29 1 16 105 155 51 55 99 3 126 48 193 43 26 42 152 27 144 142 171 45 
Maquina 2 : 132 77 78 53 70 75 83 135 116 97 176 118 114 31 63 22 33 146 21 37 0 12 88 122 18 34 95 86 128 136 
Maquina 3 : 138 127 166 25 6 13 11 156 183 139 125 5 121 165 71 189 133 182 197 60 82 41 195 169 32 94 58 101 89 190 85 80 
Maquina 4 : 191 109 188 108 69 68 62 79 110 120 129 173 178 150 198 52 65 148 10 28 151 7 35 23 168 175 154 163 91 46 
Maquina 5 : 134 15 186 2 90 74 184 19 177 102 161 98 106 159 61 66 158 107 192 123 137 24 72 81 185 179 59 4 124 54 164 112 93 44 17 
Maquina 6 : 100 160 8 140 47 57 130 67 39 145 20 187 103 50 104 38 181 162 96 141 194 180 40 111 56 170 153 149 84 87 131 119 143 172 
Formato de validacao do resultado: 
0 14 0 92 0 196 0 199 0 36 0 147 0 174 0 76 0 30 0 167 0 115 0 73 0 113 0 157 0 117 0 64 0 49 0 9 0 29 0 1 0 16 0 105 0 155 0 51 0 55 0 99 0 3 0 126 0 48 0 193 0 43 0 26 0 42 0 152 0 27 0 144 0 142 0 171 0 45 
1 132 1 77 1 78 1 53 1 70 1 75 1 83 1 135 1 116 1 97 1 176 1 118 1 114 1 31 1 63 1 22 1 33 1 146 1 21 1 37 1 0 1 12 1 88 1 122 1 18 1 34 1 95 1 86 1 128 1 136 
2 138 2 127 2 166 2 25 2 6 2 13 2 11 2 156 2 183 2 139 2 125 2 5 2 121 2 165 2 71 2 189 2 133 2 182 2 197 2 60 2 82 2 41 2 195 2 169 2 32 2 94 2 58 2 101 2 89 2 190 2 85 2 80 
3 191 3 109 3 188 3 108 3 69 3 68 3 62 3 79 3 110 3 120 3 129 3 173 3 178 3 150 3 198 3 52 3 65 3 148 3 10 3 28 3 151 3 7 3 35 3 23 3 168 3 175 3 154 3 163 3 91 3 46 
4 134 4 15 4 186 4 2 4 90 4 74 4 184 4 19 4 177 4 102 4 161 4 98 4 106 4 159 4 61 4 66 4 158 4 107 4 192 4 123 4 137 4 24 4 72 4 81 4 185 4 179 4 59 4 4 4 124 4 54 4 164 4 112 4 93 4 44 4 17 
5 100 5 160 5 8 5 140 5 47 5 57 5 130 5 67 5 39 5 145 5 20 5 187 5 103 5 50 5 104 5 38 5 181 5 162 5 96 5 141 5 194 5 180 5 40 5 111 5 56 5 170 5 153 5 149 5 84 5 87 5 131 5 119 5 143 5 172 
