Instance filename: ./instances/RCPMSII/RCPMS_Instance_144_m=8_n=200_t=11
Min temperature: 0.1
Max temperature: 0.5
Melhor Solução: 853
Temp div: 20
MCL: 500
PTL: 400
Elapsed time was: 130594
Maquina 1 : 0 23 46 89 97 115 119 134 137 138 171 11 29 143 197 193 144 125 110 91 6 183 195 189 
Maquina 2 : 152 133 113 122 43 36 28 57 68 69 70 99 102 87 94 158 178 184 156 44 24 148 
Maquina 3 : 136 150 64 59 40 19 12 5 194 164 61 58 52 139 149 161 76 42 123 120 117 
Maquina 4 : 93 83 37 181 179 167 163 72 67 30 41 32 33 34 186 18 13 14 126 80 103 77 51 21 17 154 175 169 176 
Maquina 5 : 116 118 142 146 81 82 84 49 47 31 165 162 159 153 79 168 188 190 88 56 63 75 166 22 20 15 8 
Maquina 6 : 66 65 62 182 111 96 173 170 160 157 155 151 145 101 141 132 129 121 114 107 106 90 86 98 100 108 124 25 16 9 
Maquina 7 : 7 26 128 180 198 3 39 73 78 45 191 2 55 54 48 10 27 53 105 112 127 172 177 92 196 174 
Maquina 8 : 185 140 135 131 104 109 130 1 4 35 38 50 85 199 192 95 147 74 71 60 187 
Formato de validacao do resultado: 
0 0 0 23 0 46 0 89 0 97 0 115 0 119 0 134 0 137 0 138 0 171 0 11 0 29 0 143 0 197 0 193 0 144 0 125 0 110 0 91 0 6 0 183 0 195 0 189 
1 152 1 133 1 113 1 122 1 43 1 36 1 28 1 57 1 68 1 69 1 70 1 99 1 102 1 87 1 94 1 158 1 178 1 184 1 156 1 44 1 24 1 148 
2 136 2 150 2 64 2 59 2 40 2 19 2 12 2 5 2 194 2 164 2 61 2 58 2 52 2 139 2 149 2 161 2 76 2 42 2 123 2 120 2 117 
3 93 3 83 3 37 3 181 3 179 3 167 3 163 3 72 3 67 3 30 3 41 3 32 3 33 3 34 3 186 3 18 3 13 3 14 3 126 3 80 3 103 3 77 3 51 3 21 3 17 3 154 3 175 3 169 3 176 
4 116 4 118 4 142 4 146 4 81 4 82 4 84 4 49 4 47 4 31 4 165 4 162 4 159 4 153 4 79 4 168 4 188 4 190 4 88 4 56 4 63 4 75 4 166 4 22 4 20 4 15 4 8 
5 66 5 65 5 62 5 182 5 111 5 96 5 173 5 170 5 160 5 157 5 155 5 151 5 145 5 101 5 141 5 132 5 129 5 121 5 114 5 107 5 106 5 90 5 86 5 98 5 100 5 108 5 124 5 25 5 16 5 9 
6 7 6 26 6 128 6 180 6 198 6 3 6 39 6 73 6 78 6 45 6 191 6 2 6 55 6 54 6 48 6 10 6 27 6 53 6 105 6 112 6 127 6 172 6 177 6 92 6 196 6 174 
7 185 7 140 7 135 7 131 7 104 7 109 7 130 7 1 7 4 7 35 7 38 7 50 7 85 7 199 7 192 7 95 7 147 7 74 7 71 7 60 7 187 
