Instance filename: ./instances/RCPMSII/RCPMS_Instance_128_m=7_n=200_t=11
Min temperature: 0.1
Max temperature: 0.5
Melhor Solução: 883
Temp div: 20
MCL: 500
PTL: 400
Elapsed time was: 317484
Maquina 1 : 103 107 55 68 45 172 132 187 83 95 143 152 189 64 43 12 20 110 166 191 176 47 78 85 31 109 33 3 
Maquina 2 : 22 89 5 116 102 81 11 188 161 177 59 72 88 35 196 173 56 140 16 62 84 117 146 41 49 32 160 163 194 
Maquina 3 : 175 159 21 168 180 93 101 113 14 52 98 2 130 131 90 197 0 141 70 29 46 104 125 76 39 42 170 38 
Maquina 4 : 126 169 69 162 135 19 1 44 23 155 97 108 147 145 111 164 121 99 26 4 178 7 122 74 167 158 17 77 
Maquina 5 : 51 150 75 30 165 120 82 53 133 40 193 149 199 66 79 198 6 124 67 190 112 58 127 63 195 136 50 48 
Maquina 6 : 156 115 179 183 106 60 144 153 142 94 137 8 171 148 96 128 105 114 181 34 151 54 13 71 157 185 61 119 129 
Maquina 7 : 154 86 28 18 80 118 184 186 91 174 57 192 24 15 123 25 65 100 87 10 134 182 138 9 139 36 37 92 73 27 
Formato de validacao do resultado: 
0 103 0 107 0 55 0 68 0 45 0 172 0 132 0 187 0 83 0 95 0 143 0 152 0 189 0 64 0 43 0 12 0 20 0 110 0 166 0 191 0 176 0 47 0 78 0 85 0 31 0 109 0 33 0 3 
1 22 1 89 1 5 1 116 1 102 1 81 1 11 1 188 1 161 1 177 1 59 1 72 1 88 1 35 1 196 1 173 1 56 1 140 1 16 1 62 1 84 1 117 1 146 1 41 1 49 1 32 1 160 1 163 1 194 
2 175 2 159 2 21 2 168 2 180 2 93 2 101 2 113 2 14 2 52 2 98 2 2 2 130 2 131 2 90 2 197 2 0 2 141 2 70 2 29 2 46 2 104 2 125 2 76 2 39 2 42 2 170 2 38 
3 126 3 169 3 69 3 162 3 135 3 19 3 1 3 44 3 23 3 155 3 97 3 108 3 147 3 145 3 111 3 164 3 121 3 99 3 26 3 4 3 178 3 7 3 122 3 74 3 167 3 158 3 17 3 77 
4 51 4 150 4 75 4 30 4 165 4 120 4 82 4 53 4 133 4 40 4 193 4 149 4 199 4 66 4 79 4 198 4 6 4 124 4 67 4 190 4 112 4 58 4 127 4 63 4 195 4 136 4 50 4 48 
5 156 5 115 5 179 5 183 5 106 5 60 5 144 5 153 5 142 5 94 5 137 5 8 5 171 5 148 5 96 5 128 5 105 5 114 5 181 5 34 5 151 5 54 5 13 5 71 5 157 5 185 5 61 5 119 5 129 
6 154 6 86 6 28 6 18 6 80 6 118 6 184 6 186 6 91 6 174 6 57 6 192 6 24 6 15 6 123 6 25 6 65 6 100 6 87 6 10 6 134 6 182 6 138 6 9 6 139 6 36 6 37 6 92 6 73 6 27 
