Instance filename: ./instances/200jobs/instanceLarge909_m=6_n=200_l=40_c=20_s=2.PMTC
Min temperature: 0.1
Max temperature: 0.5
Melhor Solução: 1053
Temp div: 16
MCL: 400
PTL: 75000
Elapsed time was: 847699
Maquina 1 : 94 24 126 90 5 85 29 64 180 63 105 7 59 89 115 134 117 107 175 182 37 198 47 2 187 8 23 123 12 46 177 144 76 104 87 184 33 
Maquina 2 : 39 20 130 75 19 131 52 188 53 99 141 159 97 9 132 101 149 106 50 183 55 174 150 84 10 48 73 78 190 169 193 140 
Maquina 3 : 0 194 168 161 1 127 171 102 27 42 22 154 176 56 148 189 179 86 112 163 70 119 137 31 156 62 167 138 15 173 116 192 147 103 136 
Maquina 4 : 155 79 118 108 83 124 170 69 38 80 3 41 110 151 162 185 158 28 93 122 21 100 81 43 157 32 128 30 160 51 172 67 91 152 82 111 14 
Maquina 5 : 17 6 54 49 195 16 13 4 58 95 146 45 186 40 61 165 121 68 60 153 181 142 133 92 164 145 143 
Maquina 6 : 44 139 113 25 57 11 72 191 98 96 26 71 88 120 109 197 114 196 166 135 125 77 34 36 74 18 178 129 65 35 66 199 
