Instance filename: ./instances/200jobs/instanceLarge1266_m=9_n=200_l=40_c=20_s=2.PMTC
Min temperature: 0.1
Max temperature: 0.5
Melhor Solução: 754
Temp div: 16
MCL: 400
PTL: 75000
Elapsed time was: 1158375
Maquina 1 : 137 186 106 196 132 2 160 44 167 50 63 57 197 133 19 148 60 26 170 149 
Maquina 2 : 86 55 101 81 8 90 121 174 56 152 163 71 80 99 153 96 1 0 72 92 166 105 48 194 93 46 58 142 17 
Maquina 3 : 103 118 172 78 136 89 104 9 176 59 42 193 116 7 175 32 164 141 171 108 185 75 91 112 117 97 147 
Maquina 4 : 154 143 61 74 24 62 177 190 178 34 189 165 179 139 43 192 140 168 115 27 
Maquina 5 : 20 10 131 157 127 122 77 107 23 183 125 53 119 69 155 110 67 98 52 39 95 
Maquina 6 : 87 181 138 88 134 35 123 162 191 22 129 187 135 83 94 68 16 33 13 
Maquina 7 : 3 120 184 66 45 128 47 5 41 30 146 161 82 12 79 124 144 130 40 199 182 84 
Maquina 8 : 102 64 54 14 85 100 198 76 173 31 109 28 114 113 188 150 73 156 111 195 51 11 6 65 36 
Maquina 9 : 18 15 4 29 126 49 25 70 158 169 37 151 180 21 159 145 38 
