Instance filename: ./instances/200jobs/instanceLarge1146_m=8_n=200_l=40_c=20_s=2.PMTC
Min temperature: 0.1
Max temperature: 0.5
Melhor Solução: 781
Temp div: 16
MCL: 400
PTL: 75000
Elapsed time was: 516047
Maquina 1 : 189 58 14 124 121 171 86 162 148 195 194 93 60 69 6 79 49 90 159 57 15 76 104 144 
Maquina 2 : 84 196 183 139 85 153 24 135 64 87 147 97 16 82 132 151 182 42 108 105 37 142 137 53 83 12 67 
Maquina 3 : 164 117 81 185 143 38 92 199 45 46 112 25 100 13 146 152 41 61 115 19 180 
Maquina 4 : 165 111 181 77 198 95 136 102 170 134 94 3 169 88 27 131 21 80 179 116 36 178 
Maquina 5 : 20 9 11 23 68 18 103 31 177 33 28 2 156 176 130 133 158 8 113 109 7 150 126 34 
Maquina 6 : 91 71 120 74 26 114 72 0 96 107 65 173 40 56 44 188 197 63 29 157 89 
Maquina 7 : 10 119 190 140 184 48 54 106 62 172 192 47 73 78 129 66 101 75 175 186 168 154 30 187 4 145 43 
Maquina 8 : 35 193 70 155 22 32 174 110 98 52 123 160 1 149 191 39 166 55 141 99 167 50 118 5 163 161 127 128 138 51 59 125 17 122 
