Instance filename: ./instances/200jobs/instanceLarge1436_m=10_n=200_l=40_c=30_s=1.PMTC
Min temperature: 0.1
Max temperature: 0.5
Melhor Solução: 3322
Temp div: 16
MCL: 400
PTL: 75000
Elapsed time was: 765172
Maquina 1 : 165 177 106 42 56 24 96 133 130 190 63 129 23 61 115 57 45 150 176 37 171 
Maquina 2 : 122 168 75 33 179 134 58 143 2 93 62 196 27 5 111 112 110 102 158 145 6 
Maquina 3 : 128 98 156 25 137 0 11 4 195 18 52 88 183 117 47 142 70 184 34 73 107 32 
Maquina 4 : 71 101 194 66 13 90 172 99 89 10 28 140 59 54 76 9 127 189 
Maquina 5 : 135 125 3 114 167 132 77 20 100 35 65 182 175 51 180 169 188 53 148 
Maquina 6 : 8 78 136 29 191 120 41 19 21 85 146 157 12 108 16 162 97 187 113 30 
Maquina 7 : 49 43 79 192 160 178 131 170 31 197 14 151 44 40 39 164 69 141 123 198 
Maquina 8 : 185 163 86 103 17 94 121 104 26 152 81 166 55 91 161 36 124 83 7 199 84 116 
Maquina 9 : 154 15 159 87 155 74 92 186 147 72 118 174 95 50 80 109 64 144 105 
Maquina 10 : 60 119 138 38 181 82 1 46 153 139 149 173 68 22 48 126 67 193 
