Instance filename: ./instances/200jobs/instanceLarge1054_m=7_n=200_l=40_c=30_s=0.PMTC
Min temperature: 0.1
Max temperature: 0.5
Melhor Solução: 1158
Temp div: 16
MCL: 400
PTL: 75000
Elapsed time was: 766472
Maquina 1 : 51 167 24 99 12 177 79 119 36 61 169 27 34 154 37 97 146 63 82 134 62 1 181 69 22 47 140 75 168 141 14 
Maquina 2 : 26 176 195 58 127 0 143 191 108 124 42 149 7 101 70 77 80 13 57 104 116 182 41 172 31 64 
Maquina 3 : 95 147 189 115 118 23 194 39 180 90 188 6 144 25 125 96 139 49 67 2 196 92 72 19 158 120 60 
Maquina 4 : 28 74 165 83 107 46 100 123 136 94 87 110 151 142 163 11 33 78 179 157 133 153 174 197 40 130 89 
Maquina 5 : 53 199 129 170 93 173 126 44 155 32 65 20 175 112 131 137 88 86 103 38 114 56 16 35 10 166 192 15 138 190 
Maquina 6 : 50 122 113 55 171 59 106 135 81 52 152 186 184 3 150 111 193 8 164 4 185 76 162 159 121 68 30 102 117 29 
Maquina 7 : 9 132 91 71 17 85 66 156 128 109 148 48 198 21 45 187 183 160 161 43 145 84 105 178 73 18 5 54 98 
