Instance filename: ./instances/200jobs/instanceLarge1223_m=9_n=200_l=30_c=10_s=1.PMTC
Min temperature: 0.1
Max temperature: 0.5
Melhor Solução: 2367
Temp div: 16
MCL: 400
PTL: 75000
Elapsed time was: 697596
Maquina 1 : 199 189 165 153 92 115 14 194 77 90 88 164 55 112 89 7 103 109 20 172 173 69 
Maquina 2 : 29 122 156 23 191 46 27 12 184 1 160 127 128 110 5 133 25 68 54 169 185 
Maquina 3 : 148 162 75 24 50 56 58 114 163 161 97 73 47 123 183 135 166 102 99 136 9 106 84 107 
Maquina 4 : 57 105 91 52 81 151 66 42 39 33 93 62 186 130 121 126 182 11 187 129 159 
Maquina 5 : 158 96 64 87 80 171 119 132 198 134 61 95 44 94 65 101 120 32 59 149 113 178 63 
Maquina 6 : 31 141 26 30 150 83 104 48 181 37 195 196 15 143 51 8 18 145 188 146 22 
Maquina 7 : 180 170 53 71 16 6 177 175 131 41 70 117 144 78 174 140 17 72 86 49 67 
Maquina 8 : 111 79 45 40 108 179 82 35 168 74 85 28 21 157 76 36 43 4 116 147 192 167 124 
Maquina 9 : 2 176 19 98 100 38 197 193 0 139 138 190 60 125 34 10 13 142 3 154 152 137 155 118 
