Instance filename: ./instances/200jobs/instanceLarge863_m=6_n=200_l=30_c=10_s=1.PMTC
Min temperature: 0.1
Max temperature: 0.5
Melhor Solução: 3432
Temp div: 16
MCL: 400
PTL: 75000
Elapsed time was: 1001497
Maquina 1 : 147 20 53 194 133 9 19 8 198 76 77 164 91 49 21 98 59 138 130 60 165 119 56 65 2 29 192 178 47 126 143 179 64 117 63 46 30 
Maquina 2 : 129 85 199 154 3 156 44 121 42 51 174 100 89 10 140 180 167 24 107 110 74 187 162 86 78 115 104 94 141 142 92 
Maquina 3 : 137 75 95 158 5 97 7 61 191 81 145 79 112 93 123 69 152 4 151 170 17 109 82 150 118 14 190 38 45 26 163 37 68 12 135 
Maquina 4 : 90 83 11 148 0 58 176 43 99 189 13 23 185 169 160 41 128 173 124 153 175 22 183 125 70 102 18 122 177 159 157 1 136 
Maquina 5 : 103 182 134 73 181 39 6 149 171 15 161 87 67 105 31 80 34 166 101 108 35 72 186 168 195 113 96 197 111 48 116 
Maquina 6 : 155 84 25 196 172 139 193 71 131 114 120 144 27 66 57 127 28 55 146 62 16 52 36 33 50 54 132 88 188 32 106 40 184 
