Instance filename: ./instances/200jobs/instanceLarge1339_m=10_n=200_l=30_c=10_s=0.PMTC
Min temperature: 0.1
Max temperature: 0.5
Melhor Solução: 1489
Temp div: 16
MCL: 400
PTL: 75000
Elapsed time was: 688440
Maquina 1 : 21 125 106 133 158 154 19 10 9 34 161 62 35 84 141 135 0 139 39 
Maquina 2 : 95 171 41 74 48 127 126 8 29 130 132 186 90 75 152 92 118 12 72 70 
Maquina 3 : 14 87 174 163 185 1 18 151 54 80 192 149 142 30 136 112 116 85 173 22 
Maquina 4 : 122 57 56 86 109 17 199 5 97 170 52 191 28 66 193 180 121 177 
Maquina 5 : 157 188 46 51 198 13 98 107 167 63 153 42 194 144 31 76 16 32 94 138 44 83 
Maquina 6 : 169 148 150 182 179 36 59 134 124 73 82 7 155 37 128 159 189 79 50 183 89 60 
Maquina 7 : 77 4 140 101 181 195 53 108 65 113 145 67 160 178 68 156 196 100 123 
Maquina 8 : 3 115 93 147 120 102 23 143 104 105 69 20 81 172 165 45 64 184 88 
Maquina 9 : 25 24 164 103 168 190 40 117 26 176 197 47 146 58 91 27 71 99 49 61 33 
Maquina 10 : 11 15 129 110 166 43 119 111 2 38 162 78 6 137 55 114 131 187 175 96 
