Instance filename: ./instances/200jobs/instanceLarge1376_m=10_n=200_l=30_c=20_s=1.PMTC
Min temperature: 0.1
Max temperature: 0.5
Melhor Solução: 2626
Temp div: 16
MCL: 400
PTL: 75000
Elapsed time was: 448927
Maquina 1 : 109 76 69 59 113 66 190 79 20 155 114 110 29 145 191 127 146 38 43 123 
Maquina 2 : 97 120 78 24 107 98 0 7 73 130 28 195 57 52 72 152 14 47 
Maquina 3 : 171 95 134 11 119 58 91 21 42 106 174 30 41 60 129 156 176 177 118 
Maquina 4 : 185 159 82 192 138 198 70 62 36 61 168 74 170 68 87 133 80 26 
Maquina 5 : 125 169 92 84 31 85 2 128 75 184 104 139 40 101 25 71 126 117 49 16 143 39 
Maquina 6 : 77 172 102 148 9 136 196 175 164 163 150 149 112 182 6 15 178 48 132 10 5 
Maquina 7 : 197 27 144 32 65 37 137 194 105 108 44 56 103 22 186 12 86 94 161 193 160 121 
Maquina 8 : 151 181 135 189 55 93 179 96 35 122 51 54 183 165 34 88 115 
Maquina 9 : 166 158 111 81 1 199 124 67 167 45 64 3 46 63 140 33 83 157 19 153 116 23 147 
Maquina 10 : 131 8 162 53 4 13 90 142 17 99 188 187 50 154 141 180 18 100 89 173 
