Instance filename: ./instances/200jobs/instanceLarge1359_m=10_n=200_l=30_c=20_s=2.PMTC
Min temperature: 0.1
Max temperature: 0.5
Melhor Solução: 637
Temp div: 16
MCL: 400
PTL: 75000
Elapsed time was: 844233
Maquina 1 : 109 56 59 69 76 113 66 17 79 100 114 20 35 180 
Maquina 2 : 63 140 179 3 33 83 157 19 153 23 116 51 137 37 32 181 135 
Maquina 3 : 108 189 11 104 53 4 13 14 122 81 60 199 38 46 124 146 129 111 55 
Maquina 4 : 110 185 177 187 21 154 142 106 174 93 42 48 82 58 47 30 112 196 80 84 92 
Maquina 5 : 170 68 87 74 98 99 90 188 133 166 152 72 36 194 0 73 7 130 50 
Maquina 6 : 39 26 96 165 54 183 1 115 88 40 160 27 121 67 144 94 158 193 151 171 190 71 18 172 77 
Maquina 7 : 102 29 125 145 49 139 184 75 128 65 86 191 12 141 123 127 120 161 134 31 85 24 
Maquina 8 : 2 178 169 147 131 34 8 64 195 91 162 148 136 62 198 138 70 192 52 57 159 
Maquina 9 : 89 150 176 45 156 167 164 43 15 6 182 105 117 163 149 175 41 
Maquina 10 : 44 118 186 22 9 97 103 28 78 107 16 126 143 173 119 155 25 101 61 168 10 132 5 197 95 
