Instance filename: ./instances/200jobs/instanceLarge1014_m=7_n=200_l=30_c=20_s=2.PMTC
Min temperature: 0.1
Max temperature: 0.5
Melhor Solução: 931
Temp div: 16
MCL: 400
PTL: 75000
Elapsed time was: 711575
Maquina 1 : 8 171 172 196 138 165 27 144 12 53 130 47 120 72 56 69 23 112 24 96 123 46 17 86 71 13 
Maquina 2 : 36 179 59 161 104 57 9 20 75 195 49 19 143 146 134 14 157 105 101 1 119 187 58 10 117 136 41 54 39 90 122 192 139 128 78 
Maquina 3 : 106 156 150 61 87 15 67 26 89 118 98 85 113 158 135 167 18 44 84 107 193 29 160 16 151 
Maquina 4 : 155 60 31 109 149 50 194 42 55 2 173 0 68 180 63 198 43 80 147 66 30 178 153 62 94 
Maquina 5 : 33 163 137 25 145 4 170 162 70 184 37 82 102 188 40 168 64 159 129 126 88 48 154 176 199 79 166 83 189 116 114 124 52 
Maquina 6 : 97 121 65 73 127 164 93 142 91 99 182 152 110 174 131 81 6 177 95 185 175 38 108 191 32 186 
Maquina 7 : 132 51 115 181 22 45 103 169 197 190 28 35 34 77 74 183 7 148 92 125 133 3 140 76 111 141 11 5 100 21 
