Instance filename: ./instances/200jobs/instanceLarge1044_m=7_n=200_l=40_c=20_s=2.PMTC
Min temperature: 0.1
Max temperature: 0.5
Melhor Solução: 805
Temp div: 16
MCL: 400
PTL: 75000
Elapsed time was: 1211099
Maquina 1 : 57 187 142 91 51 177 108 16 157 48 75 3 169 86 93 56 170 120 131 133 137 146 128 194 124 107 
Maquina 2 : 44 92 78 50 160 151 154 116 61 74 122 182 155 5 178 141 73 70 76 90 174 173 59 180 37 41 
Maquina 3 : 158 14 65 71 79 166 29 99 144 36 165 118 55 20 97 156 31 115 149 102 193 1 13 138 2 188 47 8 35 114 101 
Maquina 4 : 190 140 134 98 150 26 100 22 85 106 196 191 40 81 63 127 24 34 103 195 167 113 45 72 176 68 148 46 110 126 
Maquina 5 : 95 27 54 52 18 4 67 186 199 19 87 117 171 153 112 11 77 185 189 88 172 184 10 23 32 
Maquina 6 : 147 94 9 105 6 104 109 83 89 12 28 60 66 121 39 62 145 198 125 192 132 183 53 197 135 64 179 43 168 164 119 181 38 152 
Maquina 7 : 33 80 84 25 82 175 129 143 161 58 30 69 0 17 139 130 49 163 96 7 42 162 111 136 159 15 123 21 
