Instance filename: ./instances/200jobs/instanceLarge951_m=6_n=200_l=40_c=30_s=2.PMTC
Min temperature: 0.1
Max temperature: 0.5
Melhor Solução: 1122
Temp div: 16
MCL: 400
PTL: 75000
Elapsed time was: 421175
Maquina 1 : 196 157 137 102 197 32 25 107 90 1 4 28 152 16 108 75 83 122 176 133 73 143 41 115 148 85 142 167 62 38 8 87 
Maquina 2 : 10 58 111 177 191 59 21 185 82 121 34 163 65 188 170 18 64 140 162 159 161 60 124 54 52 13 12 50 63 112 165 
Maquina 3 : 94 138 76 183 84 57 179 105 88 160 155 98 31 119 91 5 55 171 186 93 19 158 193 86 123 22 144 194 99 11 33 100 198 27 150 74 
Maquina 4 : 131 192 116 30 106 146 96 29 117 26 36 178 79 97 189 9 72 17 175 51 78 69 71 49 135 14 2 180 47 145 92 53 195 70 114 147 104 103 
Maquina 5 : 23 172 95 0 199 3 164 6 45 134 113 77 130 118 168 89 141 173 61 153 40 174 126 15 43 128 24 46 44 
Maquina 6 : 182 80 39 56 48 184 101 154 132 67 37 66 156 136 129 181 187 42 166 139 127 190 20 169 125 109 81 68 149 120 151 35 7 110 
