Instance filename: ./instances/200jobs/instanceLarge1267_m=9_n=200_l=40_c=20_s=0.PMTC
Min temperature: 0.1
Max temperature: 0.5
Melhor Solução: 2319
Temp div: 16
MCL: 400
PTL: 75000
Elapsed time was: 726972
Maquina 1 : 144 168 130 30 197 41 82 146 188 181 161 73 12 79 119 55 35 135 187 129 152 107 170 83 
Maquina 2 : 191 22 112 81 162 91 199 75 74 121 179 185 137 116 7 164 54 163 64 100 99 171 48 
Maquina 3 : 97 34 165 0 189 151 190 177 62 154 143 196 147 178 51 61 92 89 194 169 105 70 72 166 
Maquina 4 : 157 77 23 56 134 49 104 139 122 87 123 138 88 127 131 1 182 96 39 40 86 
Maquina 5 : 29 94 132 14 66 158 25 21 38 153 118 9 136 172 46 78 141 58 33 142 17 84 
Maquina 6 : 193 174 3 16 4 126 71 160 18 65 6 15 36 32 133 93 113 20 150 156 111 176 
Maquina 7 : 101 195 10 27 140 192 43 115 68 98 42 11 120 45 19 80 13 184 85 47 5 186 
Maquina 8 : 37 128 106 26 60 148 110 95 155 53 69 67 198 149 52 103 2 50 
Maquina 9 : 175 108 44 63 124 167 180 145 24 159 102 57 8 90 183 117 76 59 125 173 28 109 31 114 
