Instance filename: ./instances/200jobs/instanceLarge1332_m=10_n=200_l=30_c=10_s=2.PMTC
Min temperature: 0.1
Max temperature: 0.5
Melhor Solução: 660
Temp div: 16
MCL: 400
PTL: 75000
Elapsed time was: 694026
Maquina 1 : 170 66 68 53 181 144 148 150 153 80 138 98 57 50 44 13 70 87 8 72 12 
Maquina 2 : 14 152 90 186 118 46 187 3 123 100 142 196 192 160 178 165 197 38 119 184 111 157 
Maquina 3 : 137 99 49 91 83 11 15 71 61 26 109 33 156 163 151 18 47 54 166 191 159 
Maquina 4 : 174 92 77 195 42 60 48 89 28 198 51 121 122 188 177 107 76 85 94 182 179 
Maquina 5 : 16 32 75 34 161 9 128 63 79 37 5 189 55 21 59 7 134 
Maquina 6 : 82 155 73 86 102 129 124 110 93 65 36 6 162 2 78 180 
Maquina 7 : 108 131 81 172 64 88 185 146 58 176 194 167 117 103 190 40 106 164 
Maquina 8 : 25 24 158 154 10 19 97 52 120 105 104 69 23 143 147 20 114 96 43 175 132 
Maquina 9 : 136 31 130 95 29 127 74 171 41 135 39 139 0 141 35 126 62 
Maquina 10 : 84 140 27 4 101 168 169 183 133 193 22 125 1 149 45 30 67 145 113 116 173 115 56 199 112 17 
