Instance filename: ./instances/200jobs/instanceLarge880_m=6_n=200_l=30_c=20_s=0.PMTC
Min temperature: 0.1
Max temperature: 0.5
Melhor Solução: 1567
Temp div: 16
MCL: 400
PTL: 75000
Elapsed time was: 546783
Maquina 1 : 38 3 192 89 109 40 16 168 104 182 57 156 2 99 53 117 4 24 177 33 41 170 79 39 142 83 60 150 23 153 147 43 58 
Maquina 2 : 185 87 19 32 7 80 194 67 119 22 149 164 165 101 129 68 10 131 126 175 12 61 152 110 114 63 17 88 139 112 6 180 59 
Maquina 3 : 78 136 90 198 74 146 27 56 163 159 145 13 169 69 121 62 167 46 190 42 26 174 96 196 1 184 116 50 97 34 49 199 160 31 141 
Maquina 4 : 103 20 118 45 197 105 158 135 98 172 181 115 186 11 176 151 111 108 94 124 106 15 122 5 137 48 157 55 195 148 173 134 140 
Maquina 5 : 75 64 30 143 100 154 125 73 81 95 171 18 113 25 187 107 85 132 183 128 0 144 189 102 86 8 161 93 29 21 77 70 162 191 193 123 
Maquina 6 : 9 92 178 35 120 47 76 65 37 66 133 82 14 84 44 54 36 71 166 72 127 52 188 91 28 138 179 51 155 130 
