Instance filename: ./instances/200jobs/instanceLarge1410_m=10_n=200_l=40_c=20_s=2.PMTC
Min temperature: 0.1
Max temperature: 0.5
Melhor Solução: 665
Temp div: 16
MCL: 400
PTL: 75000
Elapsed time was: 1175553
Maquina 1 : 91 18 117 38 174 159 57 101 162 22 14 43 45 29 84 69 95 
Maquina 2 : 197 12 132 182 98 77 35 111 99 176 71 157 194 66 30 10 160 173 68 6 
Maquina 3 : 130 28 1 148 121 144 136 5 198 122 195 90 179 46 67 27 110 85 7 13 56 11 113 53 
Maquina 4 : 135 191 155 2 146 199 123 31 79 106 151 154 124 163 58 192 47 184 109 
Maquina 5 : 161 34 153 48 26 50 193 189 125 180 147 183 115 23 165 42 76 126 19 167 119 
Maquina 6 : 89 139 168 33 74 62 88 96 137 128 105 60 143 92 133 104 141 158 172 73 
Maquina 7 : 81 70 9 59 24 150 93 103 145 72 190 131 63 175 114 86 142 196 
Maquina 8 : 177 55 97 4 3 37 185 187 21 129 17 164 61 127 116 169 44 
Maquina 9 : 171 118 170 166 112 120 40 108 0 16 107 20 156 82 149 64 138 41 94 140 83 32 36 
Maquina 10 : 25 51 52 186 87 178 8 49 188 78 15 54 134 75 181 39 100 102 65 152 80 
