Instance filename: ./instances/200jobs/instanceLarge1096_m=8_n=200_l=30_c=10_s=0.PMTC
Min temperature: 0.1
Max temperature: 0.5
Melhor Solução: 1777
Temp div: 16
MCL: 400
PTL: 75000
Elapsed time was: 458567
Maquina 1 : 17 75 111 72 185 85 167 190 188 176 56 2 83 53 182 61 159 1 6 9 140 22 55 62 141 154 5 14 
Maquina 2 : 29 94 48 71 160 40 74 87 122 156 68 125 134 26 88 184 43 181 91 70 7 57 4 
Maquina 3 : 189 162 110 161 196 25 60 18 121 116 66 113 15 96 95 115 191 8 24 32 148 13 37 198 175 
Maquina 4 : 120 35 144 165 195 186 52 51 170 114 63 100 128 171 3 129 173 104 46 58 199 11 119 93 
Maquina 5 : 49 41 64 179 112 143 147 152 54 65 137 82 151 77 86 30 123 89 172 127 38 69 158 183 31 84 90 
Maquina 6 : 178 45 47 80 23 99 50 157 42 79 107 59 130 192 109 118 180 194 187 101 155 139 138 146 73 145 97 
Maquina 7 : 197 19 33 177 44 126 174 142 135 81 102 78 76 153 163 34 105 168 133 67 124 108 12 
Maquina 8 : 132 149 103 20 92 0 28 36 131 164 21 193 10 150 27 106 169 117 39 166 98 136 16 
