Instance filename: ./instances/200jobs/instanceLarge1286_m=9_n=200_l=40_c=20_s=1.PMTC
Min temperature: 0.1
Max temperature: 0.5
Melhor Solução: 2858
Temp div: 16
MCL: 400
PTL: 75000
Elapsed time was: 1103310
Maquina 1 : 51 154 169 80 89 66 92 194 105 166 85 1 153 131 72 126 25 24 38 9 195 178 11 
Maquina 2 : 27 10 157 140 168 192 184 43 103 91 79 68 49 115 104 98 23 139 77 134 
Maquina 3 : 136 127 78 118 162 172 142 17 16 58 33 46 193 13 199 120 128 147 37 95 185 196 62 189 
Maquina 4 : 190 177 187 21 151 129 61 165 159 152 107 170 26 60 148 6 180 167 124 2 
Maquina 5 : 132 50 186 106 122 158 117 12 188 82 41 161 197 3 144 63 30 160 146 18 65 15 36 70 32 
Maquina 6 : 29 84 4 5 176 101 181 108 138 0 75 42 94 35 123 88 135 83 19 73 143 74 97 86 55 71 
Maquina 7 : 59 114 145 31 125 173 109 76 45 96 40 182 39 191 22 130 112 54 100 
Maquina 8 : 156 111 141 93 20 150 113 133 47 99 28 44 56 121 174 57 8 90 183 102 14 64 198 53 119 
Maquina 9 : 69 67 110 155 149 52 34 87 179 81 137 116 164 7 175 171 48 163 
