Instance filename: ./instances/200jobs/instanceLarge1192_m=8_n=200_l=40_c=30_s=0.PMTC
Min temperature: 0.1
Max temperature: 0.5
Melhor Solução: 1211
Temp div: 16
MCL: 400
PTL: 75000
Elapsed time was: 393742
Maquina 1 : 199 93 22 2 48 160 179 130 144 165 136 163 57 82 25 142 92 175 141 164 181 27 196 100 17 149 
Maquina 2 : 126 74 91 108 64 12 95 183 131 118 106 122 161 66 14 123 128 41 1 98 35 84 156 90 
Maquina 3 : 85 194 166 79 162 55 185 184 150 143 158 171 58 112 193 138 88 49 157 44 127 133 109 
Maquina 4 : 132 43 36 31 4 65 137 60 189 103 170 147 102 28 110 38 197 97 45 177 37 70 40 51 18 
Maquina 5 : 191 5 71 134 114 33 151 52 59 50 10 117 3 72 172 30 42 32 180 8 6 39 23 61 73 168 
Maquina 6 : 80 76 125 145 169 115 139 87 16 186 15 159 107 0 24 120 11 53 192 154 111 173 
Maquina 7 : 129 20 146 89 167 140 135 148 13 176 105 104 190 153 174 124 94 69 54 96 26 195 78 113 75 182 
Maquina 8 : 99 101 67 68 188 116 119 152 19 155 46 47 62 21 9 63 178 7 77 187 56 198 83 121 81 34 86 29 
