Instance filename: ./instances/200jobs/instanceLarge1377_m=10_n=200_l=30_c=20_s=2.PMTC
Min temperature: 0.1
Max temperature: 0.5
Melhor Solução: 660
Temp div: 16
MCL: 400
PTL: 75000
Elapsed time was: 619896
Maquina 1 : 122 149 196 169 84 92 199 61 168 132 5 104 121 160 193 157 19 153 83 33 179 
Maquina 2 : 140 63 180 14 51 62 58 47 30 166 152 194 66 0 43 85 28 48 15 182 
Maquina 3 : 105 150 6 112 163 23 175 136 8 131 147 21 27 164 174 144 93 42 70 138 192 52 
Maquina 4 : 89 100 18 159 170 68 141 74 87 10 95 171 94 151 53 108 162 11 181 148 172 
Maquina 5 : 77 190 79 113 103 197 176 118 177 110 185 178 111 55 129 124 146 60 191 81 38 12 
Maquina 6 : 106 82 154 50 187 72 188 90 99 98 57 133 80 26 71 142 17 39 
Maquina 7 : 102 135 32 65 37 137 41 158 88 40 34 115 3 20 139 114 35 96 189 54 165 
Maquina 8 : 183 1 127 109 56 69 76 59 186 22 44 2 128 75 184 64 91 195 73 
Maquina 9 : 130 198 7 36 4 13 101 25 119 173 155 143 126 16 49 107 117 24 31 
Maquina 10 : 97 9 78 86 161 120 123 46 134 156 167 45 67 116 145 29 125 
