Instance filename: ./instances/200jobs/instanceLarge935_m=6_n=200_l=40_c=30_s=1.PMTC
Min temperature: 0.1
Max temperature: 0.5
Melhor Solução: 5653
Temp div: 16
MCL: 400
PTL: 75000
Elapsed time was: 483771
Maquina 1 : 11 99 174 187 42 179 181 40 153 61 141 173 168 89 118 102 25 107 6 194 149 185 55 16 152 195 70 114 28 9 4 87 10 
Maquina 2 : 58 177 111 163 158 110 7 64 35 120 68 81 125 51 129 18 170 65 142 85 167 62 38 8 197 121 21 164 3 26 36 178 
Maquina 3 : 23 144 22 86 193 41 143 73 133 122 83 108 75 130 43 154 67 101 37 45 134 113 77 34 76 138 94 155 160 98 19 105 72 53 92 
Maquina 4 : 157 145 140 32 31 1 54 124 60 159 161 14 135 156 66 169 180 2 109 137 196 176 103 136 166 151 139 127 190 175 17 79 97 189 52 78 
Maquina 5 : 44 182 88 80 184 132 59 69 49 71 56 29 117 96 146 106 30 27 116 115 20 186 123 93 171 47 112 63 50 165 12 13 
Maquina 6 : 147 148 104 192 131 74 150 90 33 91 198 100 119 5 82 46 24 128 39 48 183 84 57 191 188 162 15 126 199 0 95 172 
