Instance filename: ./instances/200jobs/instanceLarge1051_m=7_n=200_l=40_c=30_s=0.PMTC
Min temperature: 0.1
Max temperature: 0.5
Melhor Solução: 4233
Temp div: 16
MCL: 400
PTL: 75000
Elapsed time was: 719486
Maquina 1 : 46 58 136 179 143 193 150 3 186 184 60 176 199 170 129 174 197 40 157 61 8 183 161 160 187 162 76 
Maquina 2 : 185 4 164 139 111 92 196 2 67 163 142 0 127 102 30 65 178 68 20 112 128 66 48 180 14 26 41 195 
Maquina 3 : 137 93 147 95 64 31 172 182 116 104 57 80 77 70 13 101 149 42 7 124 156 121 181 115 131 49 78 110 87 107 
Maquina 4 : 75 122 171 47 22 114 177 12 158 99 24 100 167 51 123 198 159 191 108 89 130 69 96 62 134 82 59 63 146 97 154 
Maquina 5 : 55 113 103 86 155 133 153 175 34 126 27 36 37 53 169 18 5 54 98 125 109 145 43 189 44 
Maquina 6 : 168 141 32 117 29 9 91 71 17 85 152 52 81 106 135 132 88 173 120 165 19 118 15 72 138 190 50 23 194 38 
Maquina 7 : 56 188 90 39 6 192 166 10 35 16 33 94 140 11 83 28 25 151 144 119 74 79 84 148 105 1 73 45 21 
