Instance filename: ./instances/200jobs/instanceLarge1348_m=10_n=200_l=30_c=10_s=0.PMTC
Min temperature: 0.1
Max temperature: 0.5
Melhor Solução: 657
Temp div: 16
MCL: 400
PTL: 75000
Elapsed time was: 674323
Maquina 1 : 97 199 52 128 5 17 56 106 86 120 130 147 23 20 104 137 6 162 2 78 180 114 
Maquina 2 : 96 175 131 187 166 36 43 110 29 145 115 116 113 173 31 132 74 127 109 18 125 35 
Maquina 3 : 141 151 38 62 84 10 161 9 191 133 139 0 39 95 41 171 135 
Maquina 4 : 49 46 177 121 28 60 67 122 80 149 136 30 112 193 4 
Maquina 5 : 140 101 55 169 183 77 89 53 185 181 108 85 68 170 66 57 182 22 
Maquina 6 : 188 107 75 157 179 94 150 126 76 63 153 32 144 51 83 26 47 58 27 99 
Maquina 7 : 93 197 91 3 123 100 196 142 192 178 160 129 156 1 8 33 184 65 119 111 15 71 
Maquina 8 : 168 40 61 190 103 117 69 194 167 176 146 45 165 158 19 34 172 64 
Maquina 9 : 88 25 159 79 21 164 154 24 163 14 195 87 174 70 72 48 12 16 118 92 90 152 
Maquina 10 : 186 81 42 50 44 198 13 98 138 148 11 54 37 59 189 134 124 7 82 155 73 102 143 105 
