Instance filename: ./instances/200jobs/instanceLarge854_m=6_n=200_l=30_c=10_s=1.PMTC
Min temperature: 0.1
Max temperature: 0.5
Melhor Solução: 3463
Temp div: 16
MCL: 400
PTL: 75000
Elapsed time was: 974643
Maquina 1 : 71 193 172 139 25 125 196 175 70 102 122 177 159 151 13 91 152 189 164 197 60 96 155 153 48 169 170 44 145 42 52 
Maquina 2 : 180 81 69 4 59 140 138 51 17 109 124 174 131 82 186 35 146 190 14 72 168 65 195 55 191 171 7 97 15 157 31 
Maquina 3 : 87 161 115 134 67 80 34 18 166 101 108 75 165 130 144 66 27 57 114 120 127 86 58 90 113 50 16 132 179 1 88 103 149 136 
Maquina 4 : 39 73 182 105 6 111 119 3 199 154 77 121 126 156 56 173 2 187 74 93 29 160 192 162 61 143 123 85 64 129 63 30 46 117 106 
Maquina 5 : 183 194 20 53 147 133 9 19 198 79 8 76 49 137 38 112 21 141 5 98 24 110 107 142 83 99 94 36 62 188 32 54 184 12 167 40 
Maquina 6 : 22 128 41 185 23 84 148 116 43 78 0 11 176 181 92 104 158 95 26 135 45 68 37 163 178 47 150 89 118 28 33 10 100 
