Instance filename: ./instances/200jobs/instanceLarge1106_m=8_n=200_l=30_c=10_s=1.PMTC
Min temperature: 0.1
Max temperature: 0.5
Melhor Solução: 2528
Temp div: 16
MCL: 400
PTL: 75000
Elapsed time was: 761752
Maquina 1 : 188 14 59 115 91 46 191 93 141 96 8 24 32 35 145 148 70 13 143 85 37 175 198 160 
Maquina 2 : 48 94 61 29 154 23 50 157 107 42 139 12 168 121 79 58 199 11 49 119 68 41 156 
Maquina 3 : 125 26 88 184 181 43 4 62 5 87 179 27 28 36 0 132 150 169 99 82 67 21 193 10 71 192 162 106 
Maquina 4 : 47 189 196 161 110 57 7 116 15 1 142 174 126 44 135 81 40 16 6 74 9 159 55 
Maquina 5 : 151 140 22 65 69 152 147 176 54 2 86 136 117 166 39 25 75 72 56 18 60 185 111 17 83 190 167 
Maquina 6 : 137 112 64 113 77 102 182 95 78 34 38 153 76 163 133 20 131 164 105 130 19 114 63 100 197 
Maquina 7 : 170 51 186 52 144 195 165 66 173 129 171 98 123 92 3 108 172 124 89 127 177 109 128 
Maquina 8 : 187 118 104 180 101 97 194 134 155 138 146 53 103 149 120 73 122 80 33 45 30 84 178 183 90 158 31 
