Instance filename: ./instances/200jobs/instanceLarge866_m=6_n=200_l=30_c=10_s=1.PMTC
Min temperature: 0.1
Max temperature: 0.5
Melhor Solução: 3475
Temp div: 16
MCL: 400
PTL: 75000
Elapsed time was: 640415
Maquina 1 : 165 130 60 65 105 182 2 136 39 29 160 162 199 192 143 126 179 85 64 30 129 47 75 108 91 89 164 14 151 194 63 9 20 133 177 79 70 122 
Maquina 2 : 102 18 56 125 173 183 193 175 84 139 116 148 90 12 135 68 37 83 45 113 163 26 19 76 8 198 53 147 159 4 59 
Maquina 3 : 98 189 169 43 32 117 54 86 184 88 33 132 61 103 1 50 16 115 52 77 92 71 146 28 186 101 131 118 3 168 111 96 197 119 23 
Maquina 4 : 6 185 73 41 128 22 38 21 42 138 150 51 100 82 109 174 172 11 46 106 78 155 170 196 195 191 13 97 7 171 15 
Maquina 5 : 161 157 80 31 134 67 34 178 166 190 72 35 124 25 152 153 48 44 93 156 5 121 74 187 154 167 40 66 10 27 144 
Maquina 6 : 114 120 57 181 58 176 127 55 99 36 188 87 62 0 94 140 141 142 49 110 137 107 24 95 104 158 180 123 69 145 112 81 17 149 
