Instance filename: ./instances/200jobs/instanceLarge952_m=6_n=200_l=40_c=30_s=0.PMTC
Min temperature: 0.1
Max temperature: 0.5
Melhor Solução: 2838
Temp div: 16
MCL: 400
PTL: 75000
Elapsed time was: 992783
Maquina 1 : 172 95 0 199 192 21 137 22 123 63 50 149 112 47 145 93 116 30 162 179 171 198 106 27 100 33 126 131 15 91 119 5 82 94 165 167 
Maquina 2 : 55 90 185 92 79 97 9 189 60 66 159 161 12 13 147 148 104 102 134 37 129 51 125 109 169 180 2 14 135 156 160 67 38 62 8 197 
Maquina 3 : 87 10 58 111 177 163 48 39 53 195 44 182 138 155 146 29 96 117 11 99 194 144 164 45 6 107 32 157 196 103 78 23 
Maquina 4 : 178 52 72 175 190 127 139 166 20 186 88 115 121 81 108 75 83 133 176 122 73 143 41 86 193 158 110 7 64 25 18 170 65 142 
Maquina 5 : 85 174 136 181 187 42 31 19 98 105 17 71 49 69 59 132 184 56 80 40 153 61 173 141 89 168 118 130 76 34 77 113 
Maquina 6 : 70 114 28 4 1 16 152 46 24 128 43 35 154 140 68 101 120 151 36 26 3 74 150 188 191 57 84 183 124 54 
