Instance filename: ./instances/200jobs/instanceLarge980_m=7_n=200_l=30_c=10_s=1.PMTC
Min temperature: 0.1
Max temperature: 0.5
Melhor Solução: 2933
Temp div: 16
MCL: 400
PTL: 75000
Elapsed time was: 750870
Maquina 1 : 48 182 94 44 177 188 140 73 172 68 176 61 168 81 189 99 32 154 53 5 24 127 91 82 142 128 133 109 76 183 162 
Maquina 2 : 79 134 196 159 163 3 169 191 181 192 30 194 90 125 130 38 146 83 179 110 103 34 52 71 98 132 
Maquina 3 : 40 12 14 199 27 145 51 151 137 107 117 93 121 70 158 136 67 4 8 89 114 124 92 16 166 41 35 
Maquina 4 : 45 143 195 22 108 101 26 11 197 184 173 171 43 23 129 7 56 19 13 39 139 18 88 174 149 116 
Maquina 5 : 6 147 187 97 153 160 25 28 63 60 0 64 135 78 54 57 111 165 167 144 2 106 186 1 161 170 112 119 178 95 
Maquina 6 : 190 10 37 50 58 96 65 36 17 131 80 123 87 69 141 66 21 180 77 138 122 31 193 105 185 29 84 9 75 113 
Maquina 7 : 104 152 198 46 85 164 42 175 120 115 102 126 47 74 150 33 59 20 156 86 49 55 62 155 148 100 157 15 118 72 
