Instance filename: ./instances/200jobs/instanceLarge959_m=6_n=200_l=40_c=30_s=1.PMTC
Min temperature: 0.1
Max temperature: 0.5
Melhor Solução: 5564
Temp div: 16
MCL: 400
PTL: 75000
Elapsed time was: 970988
Maquina 1 : 172 95 0 195 70 114 4 1 28 152 16 180 66 187 169 175 190 92 20 127 139 151 36 183 23 103 78 178 9 97 79 17 185 
Maquina 2 : 93 121 21 123 186 115 41 143 73 176 133 122 108 75 117 29 96 146 30 116 27 179 171 198 106 100 33 11 99 194 144 83 5 82 
Maquina 3 : 46 24 128 43 67 132 154 101 184 80 182 44 88 130 118 168 89 141 173 61 153 40 181 140 166 42 147 13 12 63 50 148 167 142 
Maquina 4 : 85 174 126 15 119 34 163 65 188 170 18 64 162 199 3 164 6 107 197 32 31 137 157 196 189 136 87 8 62 91 105 
Maquina 5 : 19 98 160 155 94 138 76 165 45 112 47 145 22 52 86 193 158 110 7 35 120 149 68 81 109 125 25 51 129 37 134 102 104 192 131 74 
Maquina 6 : 150 90 113 77 156 135 14 161 159 60 124 54 26 55 57 191 84 111 177 10 58 72 38 2 53 39 48 56 71 49 69 59 
