Instance filename: ./instances/200jobs/instanceLarge999_m=7_n=200_l=30_c=20_s=2.PMTC
Min temperature: 0.1
Max temperature: 0.5
Melhor Solução: 921
Temp div: 16
MCL: 400
PTL: 75000
Elapsed time was: 784919
Maquina 1 : 44 29 107 16 102 14 160 151 60 184 37 155 65 124 52 97 121 132 116 46 96 36 157 110 131 86 174 145 99 123 176 199 119 57 1 
Maquina 2 : 9 50 30 61 98 55 2 113 187 158 76 85 100 21 19 127 26 20 75 49 189 142 198 164 91 93 38 
Maquina 3 : 182 32 191 186 51 115 92 125 133 3 141 195 148 111 5 172 24 112 82 23 118 89 140 152 144 134 83 74 183 108 
Maquina 4 : 143 27 59 13 179 161 104 137 146 66 62 138 12 53 130 68 47 120 42 101 56 72 167 40 7 69 162 
Maquina 5 : 70 103 67 87 15 95 185 6 177 81 188 0 173 105 22 180 63 43 169 28 197 35 34 45 135 175 
Maquina 6 : 166 154 73 79 48 31 88 18 71 190 196 193 165 84 171 8 11 77 10 58 117 136 41 114 54 39 90 139 122 
Maquina 7 : 192 128 78 106 147 156 150 129 64 168 126 181 163 94 17 149 109 33 4 170 25 194 80 159 153 178 
