Instance filename: ./instances/200jobs/instanceLarge1432_m=10_n=200_l=40_c=30_s=0.PMTC
Min temperature: 0.1
Max temperature: 0.5
Melhor Solução: 1396
Temp div: 16
MCL: 400
PTL: 75000
Elapsed time was: 669572
Maquina 1 : 154 60 119 144 105 70 142 47 117 183 88 157 146 96 86 145 38 
Maquina 2 : 198 123 69 141 164 68 65 16 108 24 113 97 187 61 115 57 45 182 114 171 122 
Maquina 3 : 176 76 189 52 199 84 7 83 149 173 77 53 34 147 9 49 95 80 109 64 
Maquina 4 : 62 2 43 58 134 179 33 79 75 168 112 103 169 111 5 27 101 71 32 107 73 26 
Maquina 5 : 104 121 40 143 39 44 151 14 197 18 178 31 170 67 126 48 100 35 166 150 
Maquina 6 : 177 106 42 51 175 56 25 116 132 167 20 91 160 82 138 181 184 93 192 125 3 180 
Maquina 7 : 172 90 13 66 194 135 165 54 6 102 158 133 130 190 63 29 191 120 136 78 
Maquina 8 : 8 148 98 128 156 4 137 0 11 23 195 94 185 17 85 41 19 21 131 
Maquina 9 : 127 46 30 1 139 153 50 174 118 72 186 74 129 92 12 196 162 37 155 87 
Maquina 10 : 159 15 59 140 28 10 89 99 163 188 124 36 161 55 81 152 22 110 193 
