Instance filename: ./instances/200jobs/instanceLarge938_m=6_n=200_l=40_c=30_s=1.PMTC
Min temperature: 0.1
Max temperature: 0.5
Melhor Solução: 5650
Temp div: 16
MCL: 400
PTL: 75000
Elapsed time was: 502968
Maquina 1 : 114 28 4 1 16 152 92 180 159 169 125 109 81 68 149 120 133 66 41 143 122 176 83 108 111 58 10 38 87 8 62 167 142 85 
Maquina 2 : 65 170 102 18 129 156 37 67 6 45 134 164 197 21 75 27 185 148 0 95 172 70 195 69 49 71 17 175 51 79 9 97 189 60 161 
Maquina 3 : 135 14 2 72 53 39 48 163 177 166 54 124 57 84 183 76 121 77 113 74 90 150 198 106 100 33 188 11 99 194 144 32 
Maquina 4 : 107 34 162 61 199 3 26 36 178 78 103 132 141 139 151 127 190 20 174 15 43 126 91 154 35 117 29 96 146 160 155 94 138 
Maquina 5 : 44 182 88 130 118 168 89 153 59 184 56 80 40 181 179 101 173 105 98 31 140 82 5 119 42 187 55 46 24 128 136 23 
Maquina 6 : 191 73 64 25 7 110 158 86 193 22 52 145 47 112 50 63 165 12 13 147 137 196 157 171 186 93 19 123 115 116 30 131 192 104 
