Instance filename: ./instances/200jobs/instanceLarge1257_m=9_n=200_l=30_c=20_s=2.PMTC
Min temperature: 0.1
Max temperature: 0.5
Melhor Solução: 736
Temp div: 16
MCL: 400
PTL: 75000
Elapsed time was: 588874
Maquina 1 : 64 65 67 174 138 108 48 87 126 69 25 195 27 49 29 161 154 39 190 
Maquina 2 : 111 196 141 83 36 143 188 119 98 115 55 86 35 166 85 99 118 74 11 51 153 116 
Maquina 3 : 91 102 155 43 41 133 135 192 59 103 95 92 124 50 107 159 130 173 178 128 
Maquina 4 : 106 14 21 77 122 42 78 191 56 34 160 176 13 163 82 198 40 185 169 179 123 84 181 
Maquina 5 : 75 93 7 44 182 186 62 158 46 5 136 183 19 22 60 88 23 20 145 134 1 132 80 100 79 137 
Maquina 6 : 151 121 31 110 12 61 72 167 0 63 144 120 140 109 52 104 157 3 53 146 66 129 4 17 199 
Maquina 7 : 47 37 180 197 170 2 6 147 175 73 150 15 149 8 112 32 94 171 18 125 96 165 156 
Maquina 8 : 26 148 10 194 152 28 117 172 101 89 38 184 177 16 162 81 193 131 187 33 97 139 58 
Maquina 9 : 127 71 30 164 70 142 168 90 114 68 105 76 24 113 189 9 54 57 45 
