Instance filename: ./instances/200jobs/instanceLarge982_m=7_n=200_l=30_c=10_s=0.PMTC
Min temperature: 0.1
Max temperature: 0.5
Melhor Solução: 1675
Temp div: 16
MCL: 400
PTL: 75000
Elapsed time was: 688996
Maquina 1 : 196 197 43 184 23 71 52 110 34 83 112 173 48 44 102 188 94 192 36 182 73 140 172 134 74 115 
Maquina 2 : 120 57 159 165 67 54 78 136 17 131 80 153 63 160 25 141 19 199 69 87 123 26 163 101 127 82 21 
Maquina 3 : 142 183 91 60 109 40 135 64 28 187 88 116 149 39 33 47 59 20 148 86 55 49 155 100 15 118 72 29 167 11 
Maquina 4 : 18 42 14 151 84 137 139 107 117 93 70 121 4 114 89 51 41 177 145 12 27 66 129 7 132 147 169 179 103 30 13 
Maquina 5 : 193 31 180 98 37 156 122 124 1 178 77 161 119 190 138 90 125 130 146 38 24 104 5 75 9 113 185 85 46 
Maquina 6 : 152 105 164 175 97 174 65 62 128 133 76 79 3 158 162 170 111 35 166 16 171 95 92 157 198 8 108 
Maquina 7 : 22 195 56 150 143 45 10 50 32 58 96 181 53 168 176 61 99 154 81 189 68 126 194 191 186 6 0 106 144 2 
