Instance filename: ./instances/200jobs/instanceLarge1415_m=10_n=200_l=40_c=30_s=1.PMTC
Min temperature: 0.1
Max temperature: 0.5
Melhor Solução: 3271
Temp div: 16
MCL: 400
PTL: 75000
Elapsed time was: 727372
Maquina 1 : 96 29 191 120 136 35 100 20 167 150 132 180 188 169 165 177 106 42 
Maquina 2 : 56 51 175 182 168 75 33 179 134 58 143 2 38 181 184 112 145 102 186 92 74 
Maquina 3 : 129 44 135 82 125 3 46 114 53 151 14 149 118 60 119 144 105 138 59 
Maquina 4 : 140 28 10 89 83 99 90 172 9 76 1 171 176 37 103 97 187 24 113 49 43 79 192 
Maquina 5 : 93 153 139 62 64 109 80 95 174 50 173 72 147 77 189 4 
Maquina 6 : 195 23 11 0 137 156 98 128 61 115 57 45 18 170 178 41 19 21 85 146 
Maquina 7 : 31 157 12 108 16 162 196 142 117 183 88 127 25 101 116 71 32 34 107 73 
Maquina 8 : 70 7 199 52 84 86 163 185 198 123 69 141 164 68 65 122 40 17 94 121 47 104 26 
Maquina 9 : 152 81 166 55 91 161 36 111 30 27 5 110 193 39 155 87 159 15 154 
Maquina 10 : 124 131 8 78 148 197 22 48 126 67 6 158 133 130 190 160 63 54 194 66 13 
