Instance filename: ./instances/200jobs/instanceLarge1027_m=7_n=200_l=40_c=20_s=0.PMTC
Min temperature: 0.1
Max temperature: 0.5
Melhor Solução: 3320
Temp div: 16
MCL: 400
PTL: 75000
Elapsed time was: 835909
Maquina 1 : 109 83 12 89 105 104 111 162 123 26 136 130 94 147 21 54 52 67 125 186 140 192 145 49 80 119 143 45 191 
Maquina 2 : 175 176 197 187 161 177 108 169 170 82 13 153 17 36 112 32 65 71 29 79 99 166 120 88 179 4 85 167 43 135 78 92 107 
Maquina 3 : 172 184 28 132 41 14 6 9 70 47 77 10 87 59 2 154 74 116 61 33 73 155 5 122 182 126 138 149 158 96 69 
Maquina 4 : 129 30 194 159 31 53 1 127 189 95 84 183 3 25 86 139 163 60 48 76 91 173 142 57 174 157 23 150 
Maquina 5 : 16 51 75 19 117 199 171 121 81 193 24 115 106 196 128 56 146 137 93 133 131 185 72 188 118 141 144 
Maquina 6 : 38 98 100 42 22 90 7 134 40 37 113 156 102 20 63 34 8 178 55 64 97 11 160 27 151 180 18 114 
Maquina 7 : 190 101 103 35 58 110 68 148 46 62 15 44 66 165 195 50 39 124 198 0 152 168 181 164 
