Instance filename: ./instances/200jobs/instanceLarge962_m=7_n=200_l=30_c=10_s=1.PMTC
Min temperature: 0.1
Max temperature: 0.5
Melhor Solução: 2962
Temp div: 16
MCL: 400
PTL: 75000
Elapsed time was: 485441
Maquina 1 : 175 131 147 97 174 56 22 66 143 150 62 47 33 115 120 159 67 111 165 17 57 54 78 167 80 195 98 164 84 
Maquina 2 : 29 105 75 9 113 133 180 31 13 193 103 26 185 34 179 110 83 146 125 130 90 161 138 77 194 186 
Maquina 3 : 69 87 123 58 181 96 5 53 154 24 32 99 168 61 189 126 81 176 68 172 140 73 36 177 44 94 188 48 182 
Maquina 4 : 178 37 119 38 50 10 95 86 45 102 30 148 20 55 49 65 155 156 59 100 124 1 72 118 7 129 169 
Maquina 5 : 39 149 88 183 116 134 12 27 51 145 151 107 117 137 93 70 121 4 114 162 89 136 158 3 192 141 19 199 
Maquina 6 : 132 25 153 28 160 63 171 71 52 14 74 42 46 18 85 139 152 104 198 108 8 157 41 92 35 166 127 16 
Maquina 7 : 170 190 191 43 23 173 184 197 196 101 79 163 76 11 91 82 21 128 142 60 109 40 122 64 15 135 187 112 2 0 6 144 106 
