Instance filename: ./instances/200jobs/instanceLarge964_m=7_n=200_l=30_c=10_s=0.PMTC
Min temperature: 0.1
Max temperature: 0.5
Melhor Solução: 2640
Temp div: 16
MCL: 400
PTL: 75000
Elapsed time was: 717868
Maquina 1 : 69 194 125 130 90 146 8 108 84 199 150 195 22 143 14 29 110 105 34 26 98 167 193 21 31 82 37 180 124 
Maquina 2 : 138 114 102 103 179 30 169 192 3 13 65 147 56 7 129 64 27 145 162 51 89 12 46 158 136 121 70 93 
Maquina 3 : 117 97 19 141 171 153 132 25 160 63 28 154 135 40 60 142 91 43 109 35 170 166 16 95 10 45 115 77 198 120 
Maquina 4 : 152 42 85 175 107 164 139 18 126 140 172 68 176 61 168 189 81 32 15 53 50 191 99 66 177 41 151 134 
Maquina 5 : 11 62 128 133 183 76 4 79 174 116 187 149 47 39 67 196 159 163 101 197 184 23 173 92 71 156 52 161 1 
Maquina 6 : 190 186 106 0 6 144 2 57 111 165 54 78 17 80 131 127 36 123 87 96 58 181 38 182 73 188 94 48 88 
Maquina 7 : 178 119 9 122 113 137 112 24 75 104 5 83 185 72 118 44 100 157 59 33 74 155 55 20 86 49 148 
