Instance filename: ./instances/200jobs/instanceLarge899_m=6_n=200_l=30_c=20_s=1.PMTC
Min temperature: 0.1
Max temperature: 0.5
Melhor Solução: 4199
Temp div: 16
MCL: 400
PTL: 75000
Elapsed time was: 953402
Maquina 1 : 55 195 184 148 134 79 140 92 178 160 65 70 4 190 46 42 26 62 121 108 111 151 176 41 180 124 17 15 106 37 29 11 21 
Maquina 2 : 93 80 102 86 161 8 128 1 96 196 174 153 83 60 19 32 7 189 23 87 58 147 43 35 120 16 192 59 6 112 39 
Maquina 3 : 142 109 97 181 103 197 45 117 73 114 139 88 63 18 171 157 168 104 49 0 61 144 130 3 52 72 127 
Maquina 4 : 125 179 126 131 68 175 173 38 12 94 152 10 118 137 89 33 177 57 141 22 51 119 67 164 149 165 105 101 20 71 129 169 166 145 159 167 
Maquina 5 : 156 53 81 143 183 100 154 40 138 28 188 24 99 2 50 116 34 155 172 158 133 135 98 14 110 36 54 44 27 84 146 74 198 56 150 90 136 78 69 
Maquina 6 : 91 64 75 31 182 194 95 170 30 48 13 115 186 113 85 107 187 76 47 185 77 132 25 82 66 9 163 191 162 193 5 199 122 123 
