Instance filename: ./instances/200jobs/instanceLarge1116_m=8_n=200_l=30_c=20_s=2.PMTC
Min temperature: 0.1
Max temperature: 0.5
Melhor Solução: 780
Temp div: 16
MCL: 400
PTL: 75000
Elapsed time was: 641169
Maquina 1 : 112 79 37 14 179 134 106 19 167 45 141 92 15 130 172 28 190 142 132 181 85 72 118 61 
Maquina 2 : 126 188 48 157 152 193 136 125 36 163 99 102 27 94 170 26 149 3 18 40 23 80 178 100 
Maquina 3 : 86 11 137 77 33 113 129 2 155 44 13 123 76 108 24 51 7 183 187 58 159 139 185 63 16 
Maquina 4 : 82 73 81 162 71 42 1 32 197 69 78 110 90 131 64 87 154 117 164 4 148 174 150 49 38 
Maquina 5 : 165 186 93 116 97 31 192 147 151 96 89 173 34 145 17 57 9 75 121 83 128 199 175 161 171 74 140 47 195 122 
Maquina 6 : 35 124 189 194 176 39 143 146 111 166 22 158 55 138 119 43 115 182 144 41 135 30 70 5 46 104 8 
Maquina 7 : 65 59 184 25 101 114 127 62 6 84 66 91 198 196 109 180 169 95 120 153 20 10 
Maquina 8 : 107 98 54 53 52 88 191 50 29 68 133 168 105 160 12 60 103 56 67 156 21 177 0 
