Instance filename: ./instances/200jobs/instanceLarge1215_m=9_n=200_l=30_c=10_s=2.PMTC
Min temperature: 0.1
Max temperature: 0.5
Melhor Solução: 718
Temp div: 16
MCL: 400
PTL: 75000
Elapsed time was: 583623
Maquina 1 : 57 107 136 106 84 178 144 47 9 69 122 29 172 109 102 173 20 7 103 38 134 
Maquina 2 : 132 119 98 135 73 154 96 44 169 161 54 185 14 124 164 115 187 156 163 8 188 140 145 105 141 26 
Maquina 3 : 180 58 22 70 41 101 131 170 65 53 61 63 4 152 116 36 23 147 43 191 12 114 160 1 184 
Maquina 4 : 68 171 32 45 138 60 34 94 142 10 86 97 3 146 25 18 149 183 190 
Maquina 5 : 125 137 155 118 175 195 196 176 0 181 78 197 37 92 48 194 153 165 199 189 168 71 15 
Maquina 6 : 75 27 148 6 198 158 90 77 143 88 55 87 112 89 159 139 126 64 80 46 
Maquina 7 : 117 128 110 113 51 129 59 111 49 79 35 127 82 179 40 108 193 74 24 72 174 167 
Maquina 8 : 50 81 52 67 162 56 31 83 30 150 2 104 66 151 93 13 186 192 33 39 120 
Maquina 9 : 16 42 133 177 5 62 130 121 95 99 123 11 182 17 166 91 85 19 100 21 28 157 76 
