Instance filename: ./instances/200jobs/instanceLarge1227_m=9_n=200_l=30_c=10_s=2.PMTC
Min temperature: 0.1
Max temperature: 0.5
Melhor Solução: 775
Temp div: 16
MCL: 400
PTL: 75000
Elapsed time was: 514964
Maquina 1 : 195 20 145 123 17 140 70 117 46 86 129 15 187 96 51 40 44 169 154 64 174 120 94 101 
Maquina 2 : 65 32 146 1 27 184 160 47 131 75 135 148 170 185 41 161 73 124 54 164 133 72 24 105 168 
Maquina 3 : 85 88 153 92 199 193 108 74 25 2 189 194 14 80 152 77 89 143 55 150 126 
Maquina 4 : 139 11 12 68 33 39 182 149 0 138 60 142 34 10 134 119 109 198 132 
Maquina 5 : 171 16 71 18 176 6 175 196 118 84 181 37 78 197 69 48 156 173 172 23 191 29 122 90 58 
Maquina 6 : 50 167 128 110 82 67 49 45 111 35 79 127 59 66 52 159 81 91 166 98 99 95 
Maquina 7 : 179 162 9 107 106 57 125 93 121 136 76 157 21 28 36 43 147 116 192 102 22 
Maquina 8 : 180 26 30 141 113 163 104 83 31 190 8 188 178 183 13 137 115 144 3 155 4 97 53 61 
Maquina 9 : 63 42 114 130 62 177 158 112 186 5 151 165 87 103 7 38 19 100 56 
