Instance filename: ./instances/200jobs/instanceLarge1269_m=9_n=200_l=40_c=20_s=2.PMTC
Min temperature: 0.1
Max temperature: 0.5
Melhor Solução: 722
Temp div: 16
MCL: 400
PTL: 75000
Elapsed time was: 1073767
Maquina 1 : 151 34 179 32 141 54 164 116 7 57 102 163 100 48 198 14 76 125 31 173 157 59 114 129 
Maquina 2 : 83 22 112 0 130 64 24 60 26 110 19 197 47 148 191 21 155 70 
Maquina 3 : 105 166 101 194 92 72 188 40 134 74 139 104 88 138 87 123 35 127 77 183 23 28 107 172 136 49 11 78 
Maquina 4 : 16 178 51 169 171 196 135 143 118 80 189 154 126 29 4 15 18 6 
Maquina 5 : 145 65 71 180 165 152 159 61 25 38 89 190 187 9 177 62 153 1 182 96 85 122 
Maquina 6 : 158 131 117 12 20 124 121 73 90 119 36 99 133 113 150 156 111 93 144 160 181 184 168 30 
Maquina 7 : 146 41 82 161 109 97 45 66 120 128 95 37 147 185 84 186 75 174 3 86 56 8 
Maquina 8 : 55 106 170 81 149 63 50 167 108 44 2 132 137 52 175 42 98 68 176 13 193 199 58 5 46 142 
Maquina 9 : 17 39 53 67 69 115 192 79 94 43 91 103 162 140 27 33 10 195 
