Instance filename: ./instances/200jobs/instanceLarge917_m=6_n=200_l=40_c=20_s=1.PMTC
Min temperature: 0.1
Max temperature: 0.5
Melhor Solução: 4093
Temp div: 16
MCL: 400
PTL: 75000
Elapsed time was: 1120348
Maquina 1 : 61 186 148 124 112 176 69 189 119 179 86 163 167 65 31 143 116 137 156 138 173 169 136 158 147 149 103 27 78 106 16 73 144 10 150 121 62 84 48 
Maquina 2 : 88 152 157 9 12 177 130 23 97 132 107 126 171 85 83 17 182 108 118 44 79 183 11 113 199 175 94 117 181 57 87 160 89 168 1 194 59 105 70 64 
Maquina 3 : 63 40 104 56 174 98 13 75 7 24 20 195 154 49 6 54 91 141 188 159 45 192 127 133 114 41 43 197 81 42 102 37 4 
Maquina 4 : 146 5 95 92 33 100 21 131 155 120 19 52 109 123 26 96 71 191 29 90 53 161 139 145 164 22 80 72 38 
Maquina 5 : 170 110 122 128 162 185 151 50 196 172 3 135 55 125 2 34 39 184 99 115 134 15 0 140 58 198 190 193 46 82 111 67 
Maquina 6 : 51 129 30 93 35 32 77 66 28 180 187 25 8 47 166 101 18 76 178 74 68 165 36 14 142 60 153 
