Instance filename: ./instances/200jobs/instanceLarge1404_m=10_n=200_l=40_c=20_s=2.PMTC
Min temperature: 0.1
Max temperature: 0.5
Melhor Solução: 647
Temp div: 16
MCL: 400
PTL: 75000
Elapsed time was: 845105
Maquina 1 : 132 115 43 42 183 147 182 169 22 69 29 84 35 197 157 194 5 66 152 75 181 80 39 
Maquina 2 : 116 15 176 166 8 40 112 31 46 1 0 160 21 49 186 47 184 36 90 32 
Maquina 3 : 140 94 138 73 126 104 102 85 67 79 198 27 173 68 6 136 30 70 10 130 
Maquina 4 : 150 93 2 145 72 9 59 25 52 95 120 4 191 168 88 83 146 155 3 
Maquina 5 : 148 64 185 113 13 56 11 178 65 158 172 127 122 81 62 28 142 
Maquina 6 : 177 110 86 98 23 99 111 125 123 189 107 195 26 48 33 119 196 141 92 63 175 97 
Maquina 7 : 103 24 34 154 109 170 161 193 190 179 53 37 131 135 100 108 58 163 192 
Maquina 8 : 144 199 167 74 77 7 87 143 128 105 137 96 60 187 188 55 134 139 89 54 180 106 76 19 
Maquina 9 : 171 121 82 114 149 16 133 156 118 44 78 61 164 17 129 51 71 
Maquina 10 : 91 41 20 38 50 153 117 18 101 174 57 159 165 12 45 162 151 124 14 
