Instance filename: ./instances/200jobs/instanceLarge1321_m=10_n=200_l=30_c=10_s=0.PMTC
Min temperature: 0.1
Max temperature: 0.5
Melhor Solução: 1303
Temp div: 16
MCL: 400
PTL: 75000
Elapsed time was: 704544
Maquina 1 : 119 1 36 65 111 162 184 33 78 137 6 157 104 143 20 23 147 106 102 
Maquina 2 : 114 131 96 175 41 171 95 3 43 32 76 144 84 126 62 35 161 141 166 27 187 
Maquina 3 : 180 108 18 195 46 49 135 121 177 51 94 173 193 85 22 170 122 66 
Maquina 4 : 48 103 150 182 67 160 178 129 179 196 188 107 75 89 198 13 44 98 138 148 42 153 
Maquina 5 : 60 53 151 183 50 55 59 73 82 124 7 134 155 189 19 37 79 63 123 120 97 52 
Maquina 6 : 38 64 5 128 45 172 30 192 165 105 91 110 80 71 11 99 61 47 26 15 130 69 176 
Maquina 7 : 81 197 117 190 58 40 185 146 88 25 168 24 164 77 169 39 9 28 191 159 
Maquina 8 : 174 163 70 14 87 8 12 72 167 194 186 90 152 118 34 92 74 16 29 132 
Maquina 9 : 31 145 113 116 4 115 140 181 93 101 68 100 57 54 199 112 56 
Maquina 10 : 86 17 109 136 149 139 2 0 127 83 142 133 125 158 21 10 154 156 
