Instance filename: ./instances/200jobs/instanceLarge1379_m=10_n=200_l=30_c=20_s=1.PMTC
Min temperature: 0.1
Max temperature: 0.5
Melhor Solução: 2592
Temp div: 16
MCL: 400
PTL: 75000
Elapsed time was: 406426
Maquina 1 : 107 97 86 78 9 136 148 98 61 36 70 62 138 52 82 57 159 100 89 173 
Maquina 2 : 178 87 23 75 128 2 44 22 186 56 109 49 190 71 196 104 80 84 
Maquina 3 : 92 170 68 141 18 133 134 26 1 183 54 165 51 122 199 114 156 
Maquina 4 : 129 151 171 6 95 69 59 41 103 79 66 113 195 73 130 7 198 194 191 
Maquina 5 : 146 127 60 28 38 85 43 145 0 112 72 152 64 45 167 46 164 140 3 63 35 96 55 158 
Maquina 6 : 93 13 14 11 119 116 58 47 30 39 106 174 144 42 187 48 154 12 188 50 17 99 
Maquina 7 : 142 74 168 5 10 132 150 175 149 163 117 182 105 15 88 115 180 111 81 181 
Maquina 8 : 40 101 189 155 108 25 118 33 83 153 19 157 76 193 166 94 160 67 124 121 
Maquina 9 : 21 139 125 29 90 126 143 16 37 65 137 32 135 172 102 77 27 184 162 4 
Maquina 10 : 53 91 179 8 34 131 147 20 197 110 185 177 169 176 192 24 161 31 120 123 
