Instance filename: ./instances/200jobs/instanceLarge1175_m=8_n=200_l=40_c=30_s=1.PMTC
Min temperature: 0.1
Max temperature: 0.5
Melhor Solução: 4161
Temp div: 16
MCL: 400
PTL: 75000
Elapsed time was: 794800
Maquina 1 : 199 71 5 68 119 155 19 138 89 152 140 167 33 10 117 3 148 13 176 105 184 65 25 125 
Maquina 2 : 76 104 188 151 196 52 112 86 18 174 124 94 69 54 113 26 182 195 169 78 102 171 58 166 
Maquina 3 : 80 98 62 35 84 156 90 85 115 190 31 162 79 133 109 127 96 44 178 97 197 38 110 28 170 
Maquina 4 : 6 193 106 121 137 81 29 34 22 0 39 88 189 8 114 82 185 75 15 180 48 160 2 93 134 67 53 11 120 
Maquina 5 : 56 154 192 191 99 101 163 116 153 55 4 83 143 132 135 168 73 61 175 23 186 194 142 146 
Maquina 6 : 108 57 165 136 74 126 17 149 145 100 91 27 181 164 141 92 45 41 128 123 14 198 20 173 129 
Maquina 7 : 111 47 46 1 130 63 7 9 21 161 77 187 150 159 107 49 16 87 139 66 60 147 
Maquina 8 : 103 144 157 179 59 50 95 12 64 70 131 183 118 51 40 37 158 177 72 172 30 42 32 24 122 36 43 
