Instance filename: ./instances/200jobs/instanceLarge1417_m=10_n=200_l=40_c=30_s=0.PMTC
Min temperature: 0.1
Max temperature: 0.5
Melhor Solução: 746
Temp div: 16
MCL: 400
PTL: 75000
Elapsed time was: 1069894
Maquina 1 : 154 108 29 31 184 6 54 27 102 5 56 106 177 165 44 189 69 193 122 112 
Maquina 2 : 110 158 133 130 190 63 129 74 92 186 37 50 155 95 162 72 124 147 58 39 143 
Maquina 3 : 40 121 47 104 26 73 34 32 71 101 99 116 77 132 167 150 135 42 191 114 24 
Maquina 4 : 96 159 15 59 140 28 10 89 87 194 66 13 90 172 9 83 76 1 171 176 166 91 55 
Maquina 5 : 161 36 111 196 12 157 120 136 35 75 142 70 46 20 127 88 183 100 182 175 51 141 173 
Maquina 6 : 22 48 126 67 170 2 62 115 117 57 45 160 131 178 18 197 14 151 53 107 
Maquina 7 : 146 85 21 19 41 97 187 113 7 52 199 84 185 163 86 103 
Maquina 8 : 17 94 25 68 16 65 164 123 198 8 148 156 4 137 0 11 195 30 61 23 188 
Maquina 9 : 128 98 181 38 145 134 93 33 179 180 168 169 3 125 49 78 79 43 
Maquina 10 : 192 174 149 118 60 119 82 138 152 81 105 144 64 109 80 139 153 
