Instance filename: ./instances/200jobs/instanceLarge908_m=6_n=200_l=40_c=20_s=1.PMTC
Min temperature: 0.1
Max temperature: 0.5
Melhor Solução: 4079
Temp div: 16
MCL: 400
PTL: 75000
Elapsed time was: 720368
Maquina 1 : 35 66 65 138 18 178 74 36 39 135 173 125 14 16 111 76 9 159 188 141 91 54 6 195 49 40 24 13 42 81 
Maquina 2 : 43 114 95 100 45 186 197 146 104 4 78 133 145 176 37 85 124 50 84 48 10 150 144 73 1 193 198 
Maquina 3 : 190 140 58 0 106 15 129 115 127 180 27 134 168 183 79 118 182 44 17 83 108 171 147 80 41 170 38 3 110 122 32 93 162 185 158 151 
Maquina 4 : 102 5 99 152 28 179 34 119 82 184 199 154 112 26 191 29 11 71 96 90 46 177 63 105 70 62 89 59 7 194 22 98 64 161 160 139 189 181 
Maquina 5 : 174 55 113 155 164 92 19 75 21 33 52 131 120 142 88 192 153 68 60 121 165 103 61 175 107 94 117 57 72 87 69 56 148 196 
Maquina 6 : 167 86 163 156 25 101 47 8 166 97 2 53 187 12 109 123 20 130 172 23 132 126 77 128 30 67 169 51 136 116 149 143 137 31 157 
