Instance filename: ./instances/200jobs/instanceLarge847_m=6_n=200_l=30_c=10_s=0.PMTC
Min temperature: 0.1
Max temperature: 0.5
Melhor Solução: 1233
Temp div: 16
MCL: 400
PTL: 75000
Elapsed time was: 692497
Maquina 1 : 89 10 33 100 63 174 78 37 11 131 172 139 193 158 183 175 125 25 70 53 83 102 68 0 45 12 104 95 135 26 52 36 188 54 
Maquina 2 : 88 132 86 184 32 40 154 3 50 127 2 173 156 192 152 136 56 121 164 91 77 181 76 198 126 49 19 71 187 92 94 21 141 74 
Maquina 3 : 5 157 110 24 107 140 137 167 180 6 23 138 118 75 59 150 124 38 8 190 146 82 51 165 14 186 178 80 166 34 67 18 134 
Maquina 4 : 161 87 15 171 117 149 39 65 29 182 105 72 73 130 60 90 113 103 16 1 115 61 62 7 31 97 13 108 195 191 168 96 197 111 196 119 185 
Maquina 5 : 153 48 44 42 22 41 160 128 84 155 199 57 66 144 27 114 120 28 101 35 133 194 106 9 46 30 129 85 64 
Maquina 6 : 143 163 179 162 47 98 169 189 99 43 176 58 142 148 116 93 79 123 145 112 81 69 17 170 4 151 122 109 55 147 177 159 20 
