Instance filename: ./instances/200jobs/instanceLarge1071_m=7_n=200_l=40_c=30_s=2.PMTC
Min temperature: 0.1
Max temperature: 0.5
Melhor Solução: 931
Temp div: 16
MCL: 400
PTL: 75000
Elapsed time was: 524095
Maquina 1 : 47 191 117 29 188 90 71 107 75 122 66 48 14 25 125 112 23 42 194 51 167 138 105 73 84 18 68 141 168 87 151 110 78 49 
Maquina 2 : 36 123 100 46 136 135 58 179 149 39 143 193 180 150 3 186 184 60 53 154 96 166 11 34 27 126 169 144 
Maquina 3 : 5 187 160 161 183 159 162 127 0 65 30 115 15 190 164 8 111 99 12 177 79 119 157 40 197 
Maquina 4 : 89 130 69 181 128 109 45 21 185 4 63 6 192 10 35 114 38 26 103 86 55 170 173 120 19 72 196 178 56 76 
Maquina 5 : 131 57 16 104 116 182 172 31 64 95 147 93 137 195 176 102 133 155 44 189 165 83 74 28 24 37 
Maquina 6 : 98 54 129 199 198 171 88 20 148 152 106 85 92 32 97 146 52 81 41 17 9 91 132 158 118 2 67 
Maquina 7 : 50 33 94 163 142 1 145 62 82 59 134 22 139 108 124 121 156 7 113 61 80 77 70 13 101 140 174 153 175 43 
