Instance filename: ./instances/200jobs/instanceLarge1067_m=7_n=200_l=40_c=30_s=1.PMTC
Min temperature: 0.1
Max temperature: 0.5
Melhor Solução: 5029
Temp div: 16
MCL: 400
PTL: 75000
Elapsed time was: 865496
Maquina 1 : 51 167 139 108 159 191 47 75 140 168 87 151 110 107 198 171 181 69 130 89 197 53 40 157 174 32 133 
Maquina 2 : 153 20 65 175 66 48 128 122 112 129 199 5 54 98 37 124 148 109 63 189 44 155 102 127 0 143 
Maquina 3 : 39 58 179 160 9 91 71 17 85 152 52 81 59 82 62 134 96 176 195 41 14 25 144 6 90 180 166 192 10 
Maquina 4 : 35 56 114 38 103 86 158 113 77 13 101 80 42 136 78 142 163 94 33 55 97 154 146 70 106 135 132 88 28 74 83 115 
Maquina 5 : 30 165 15 29 188 18 22 137 131 60 184 186 3 150 111 193 164 8 4 12 177 141 79 119 125 117 68 121 7 156 11 
Maquina 6 : 123 49 67 2 196 72 19 120 23 118 50 194 190 138 99 24 26 1 73 178 105 84 145 43 161 183 187 185 
Maquina 7 : 21 45 92 76 162 34 27 169 36 61 100 46 173 126 170 93 147 95 64 31 172 182 116 149 16 104 57 
