Instance filename: ./instances/200jobs/instanceLarge879_m=6_n=200_l=30_c=20_s=2.PMTC
Min temperature: 0.1
Max temperature: 0.5
Melhor Solução: 1023
Temp div: 16
MCL: 400
PTL: 75000
Elapsed time was: 701015
Maquina 1 : 120 178 35 153 58 185 87 23 7 189 32 19 147 13 119 67 22 166 169 71 159 167 156 121 9 63 111 124 85 108 78 47 50 
Maquina 2 : 143 76 138 51 179 130 68 154 52 72 127 163 17 27 83 174 196 100 188 40 4 79 180 135 60 46 42 26 62 69 136 
Maquina 3 : 90 150 160 199 49 34 97 129 109 155 122 145 89 16 168 104 187 0 128 186 115 98 181 152 197 113 11 28 176 151 43 95 18 
Maquina 4 : 171 84 44 54 36 110 14 164 149 165 101 105 45 61 37 175 126 131 10 38 3 80 102 144 142 139 112 6 59 192 15 
Maquina 5 : 65 133 82 66 116 56 198 146 74 173 182 33 88 118 94 12 20 103 141 31 123 191 193 162 77 21 29 93 25 161 8 86 114 107 190 70 96 1 
Maquina 6 : 39 148 184 140 134 75 64 194 30 170 41 177 157 137 48 5 158 172 24 91 53 57 2 99 132 183 73 81 125 106 117 92 195 55 
