Instance filename: ./instances/200jobs/instanceLarge1330_m=10_n=200_l=30_c=10_s=0.PMTC
Min temperature: 0.1
Max temperature: 0.5
Melhor Solução: 1641
Temp div: 16
MCL: 400
PTL: 75000
Elapsed time was: 488850
Maquina 1 : 26 20 130 46 125 49 27 18 166 187 161 141 62 126 35 140 84 139 0 39 
Maquina 2 : 135 171 41 29 127 31 182 74 72 70 87 150 8 14 92 48 174 168 163 185 
Maquina 3 : 191 45 47 58 122 28 77 89 169 53 183 50 55 42 153 148 80 98 57 138 13 
Maquina 4 : 198 75 188 51 99 93 107 144 111 151 94 65 21 82 134 155 124 102 
Maquina 5 : 7 128 189 79 37 120 52 123 9 159 104 194 143 23 69 147 95 186 63 118 90 152 
Maquina 6 : 12 167 81 197 176 117 103 40 190 164 25 24 146 88 64 172 195 109 19 34 154 158 133 
Maquina 7 : 10 44 38 97 22 5 199 86 17 56 106 157 115 4 112 30 192 54 91 
Maquina 8 : 165 83 137 78 2 162 131 175 6 96 114 180 177 121 108 60 160 67 
Maquina 9 : 149 85 136 173 116 145 113 196 32 170 76 132 66 16 181 179 156 142 
Maquina 10 : 193 101 68 100 3 178 184 1 59 119 36 43 105 61 73 15 33 11 129 71 110 
