Instance filename: ./instances/200jobs/instanceLarge1156_m=8_n=200_l=40_c=20_s=0.PMTC
Min temperature: 0.1
Max temperature: 0.5
Melhor Solução: 2657
Temp div: 16
MCL: 400
PTL: 75000
Elapsed time was: 935250
Maquina 1 : 23 164 11 178 61 69 6 189 49 180 41 147 87 82 132 182 100 151 129 176 18 115 0 
Maquina 2 : 188 101 108 81 52 96 154 168 50 31 186 30 177 4 173 2 16 156 187 190 33 192 110 35 48 67 
Maquina 3 : 83 12 91 78 53 74 85 140 51 113 109 20 8 163 25 63 157 29 75 124 152 36 128 161 
Maquina 4 : 14 142 137 121 171 86 118 183 162 64 1 42 134 13 122 117 111 158 107 65 17 66 89 172 106 166 54 
Maquina 5 : 62 39 80 149 73 47 174 19 40 196 46 98 105 184 10 22 155 21 123 138 103 44 57 15 159 194 76 56 37 104 
Maquina 6 : 136 26 144 90 84 5 58 70 112 135 160 97 79 130 126 197 153 150 127 55 141 191 148 179 
Maquina 7 : 175 193 99 9 167 116 32 185 125 59 198 95 43 77 145 146 169 3 27 131 38 92 45 
Maquina 8 : 143 102 114 165 7 88 34 139 120 133 71 28 24 68 119 170 181 199 72 60 94 195 93 
