Instance filename: ./instances/200jobs/instanceLarge975_m=7_n=200_l=30_c=10_s=2.PMTC
Min temperature: 0.1
Max temperature: 0.5
Melhor Solução: 915
Temp div: 16
MCL: 400
PTL: 75000
Elapsed time was: 416791
Maquina 1 : 63 28 135 26 109 163 60 101 142 79 76 133 128 3 25 153 192 191 23 43 184 197 196 47 149 39 187 116 
Maquina 2 : 88 179 169 126 102 103 13 193 31 180 138 119 124 190 161 1 35 156 98 37 122 178 113 173 137 112 83 34 5 75 
Maquina 3 : 110 104 24 146 38 125 130 30 90 77 48 44 188 94 177 73 182 54 140 36 80 172 115 159 67 120 165 57 17 2 0 
Maquina 4 : 6 106 144 84 78 9 68 22 93 121 158 70 136 89 162 114 4 8 157 100 118 72 155 21 92 16 127 166 82 
Maquina 5 : 170 40 95 108 41 195 56 143 45 66 50 10 154 91 99 11 183 134 151 132 27 51 145 12 171 64 129 7 150 147 
Maquina 6 : 160 74 33 59 20 86 55 49 148 62 15 194 65 53 186 189 61 81 176 32 168 181 96 58 
Maquina 7 : 87 123 69 111 14 52 199 141 19 167 117 71 29 18 42 107 198 139 46 152 85 105 164 185 131 175 174 97 
