Instance filename: ./instances/200jobs/instanceLarge861_m=6_n=200_l=30_c=10_s=2.PMTC
Min temperature: 0.1
Max temperature: 0.5
Melhor Solução: 1087
Temp div: 16
MCL: 400
PTL: 75000
Elapsed time was: 600187
Maquina 1 : 23 138 185 41 40 124 22 10 160 89 100 150 159 51 118 163 131 174 82 17 109 81 69 145 112 5 123 93 152 44 34 39 29 192 162 
Maquina 2 : 173 2 126 156 121 3 154 77 75 47 129 164 91 13 25 6 30 8 73 64 46 149 179 117 61 143 63 26 76 181 19 
Maquina 3 : 198 9 147 53 133 194 122 20 35 102 177 79 70 175 183 125 193 139 172 78 196 106 32 85 94 128 21 42 38 186 146 71 
Maquina 4 : 115 92 127 86 45 120 28 114 57 27 66 199 144 130 151 4 56 170 119 111 171 97 7 191 195 55 0 187 74 104 158 12 
Maquina 5 : 167 95 180 137 107 24 141 140 110 49 98 59 62 189 43 142 116 165 90 148 11 58 135 83 68 37 184 88 132 33 54 188 99 101 166 
Maquina 6 : 176 80 67 87 161 15 105 157 18 182 136 103 1 31 36 16 52 50 113 178 134 65 72 190 108 168 14 169 60 197 96 84 155 153 48 
