Instance filename: ./instances/200jobs/instanceLarge1244_m=9_n=200_l=30_c=20_s=1.PMTC
Min temperature: 0.1
Max temperature: 0.5
Melhor Solução: 2684
Temp div: 16
MCL: 400
PTL: 75000
Elapsed time was: 749325
Maquina 1 : 45 57 77 122 54 63 0 146 64 65 173 178 128 106 152 167 116 194 153 104 11 
Maquina 2 : 74 99 95 10 195 189 165 9 179 198 69 125 18 73 115 98 180 154 37 39 27 161 29 49 
Maquina 3 : 25 36 83 141 22 24 144 76 68 114 118 143 175 199 185 130 159 107 174 35 166 81 
Maquina 4 : 85 86 177 182 186 62 171 94 112 8 149 15 108 48 126 16 138 43 
Maquina 5 : 26 156 96 87 123 150 102 155 110 137 41 133 38 97 187 131 162 3 111 196 190 51 61 
Maquina 6 : 31 91 59 148 89 121 33 139 58 193 127 164 70 142 168 90 30 71 136 19 145 188 
Maquina 7 : 124 92 192 50 75 56 78 21 44 191 14 55 119 72 88 105 12 184 23 100 79 151 80 84 132 134 20 
Maquina 8 : 60 135 5 46 117 82 169 40 42 13 183 67 197 170 163 176 160 113 34 120 2 140 
Maquina 9 : 32 103 52 109 157 53 129 4 17 1 6 147 66 47 158 172 101 28 181 93 7 
