Instance filename: ./instances/200jobs/instanceLarge989_m=7_n=200_l=30_c=10_s=1.PMTC
Min temperature: 0.1
Max temperature: 0.5
Melhor Solução: 2862
Temp div: 16
MCL: 400
PTL: 75000
Elapsed time was: 1450244
Maquina 1 : 138 167 37 31 11 180 21 13 193 156 98 131 87 26 123 69 194 125 90 146 130 103 179 34 83 5 
Maquina 2 : 24 112 137 75 113 122 9 190 29 14 105 195 198 108 8 157 118 72 104 100 44 155 185 102 55 49 20 86 148 30 
Maquina 3 : 59 65 33 47 4 93 192 3 117 19 97 141 153 25 160 132 63 28 40 135 60 64 109 142 82 91 128 133 183 76 162 
Maquina 4 : 163 101 79 62 196 197 43 173 184 23 129 7 27 199 12 169 39 88 116 149 187 174 147 107 164 85 175 
Maquina 5 : 152 139 18 186 111 71 42 68 46 121 70 171 158 136 89 114 124 35 41 95 16 127 166 170 92 52 110 1 161 84 
Maquina 6 : 0 6 2 106 144 126 191 58 96 176 61 168 99 189 181 81 53 54 15 32 78 80 17 159 67 165 57 134 115 120 
Maquina 7 : 77 172 74 182 140 73 188 36 94 48 151 51 177 145 66 150 143 56 22 50 45 10 154 38 178 119 
