Instance filename: ./instances/200jobs/instanceLarge1217_m=9_n=200_l=30_c=10_s=1.PMTC
Min temperature: 0.1
Max temperature: 0.5
Melhor Solução: 2274
Temp div: 16
MCL: 400
PTL: 75000
Elapsed time was: 1078568
Maquina 1 : 191 7 165 153 194 14 48 92 181 40 179 35 49 111 45 59 70 96 129 113 51 128 140 
Maquina 2 : 46 117 23 3 11 147 104 168 93 151 17 85 108 150 67 52 81 88 50 90 110 42 120 133 
Maquina 3 : 195 5 184 1 114 38 68 33 12 160 39 182 57 86 13 174 25 190 149 47 97 125 84 144 
Maquina 4 : 178 199 79 6 16 71 15 132 198 56 103 158 20 162 141 31 26 30 24 66 72 83 
Maquina 5 : 2 77 115 189 177 175 186 131 196 138 139 78 193 0 197 122 172 29 69 
Maquina 6 : 109 159 9 126 135 123 166 99 136 102 106 95 154 44 54 161 169 185 124 73 105 91 
Maquina 7 : 32 101 94 27 65 64 80 171 170 41 180 53 58 22 146 188 18 145 8 176 121 62 130 37 
Maquina 8 : 192 116 155 137 118 34 142 134 10 119 60 28 157 76 21 98 100 19 167 74 107 
Maquina 9 : 82 127 75 187 148 163 156 173 143 55 112 87 89 152 164 43 36 183 61 63 4 
