Instance filename: ./instances/200jobs/instanceLarge1319_m=9_n=200_l=40_c=30_s=1.PMTC
Min temperature: 0.1
Max temperature: 0.5
Melhor Solução: 3757
Temp div: 16
MCL: 400
PTL: 75000
Elapsed time was: 1052295
Maquina 1 : 114 70 125 139 96 198 127 145 64 104 194 8 3 13 113 102 135 55 183 94 34 193 36 
Maquina 2 : 42 26 56 75 180 30 29 45 148 39 16 116 173 9 63 81 52 106 27 37 142 190 191 172 
Maquina 3 : 170 185 178 72 126 20 195 32 49 51 76 12 122 166 23 161 167 132 79 95 189 
Maquina 4 : 1 140 103 5 54 88 149 109 175 131 2 187 47 147 107 17 69 62 65 24 120 93 117 74 
Maquina 5 : 152 160 60 71 130 61 57 177 169 119 137 97 98 181 110 136 158 162 44 156 78 6 174 
Maquina 6 : 48 0 124 141 87 159 35 118 22 14 196 179 199 144 186 21 4 66 138 115 150 171 82 
Maquina 7 : 192 25 92 28 33 11 155 67 121 19 89 133 73 182 154 157 10 128 168 86 43 184 
Maquina 8 : 105 188 197 111 85 59 77 15 40 165 101 46 163 108 31 129 50 84 80 83 151 
Maquina 9 : 153 146 18 112 7 91 134 38 68 100 41 58 123 176 143 90 99 53 164 
