Instance filename: ./instances/200jobs/instanceLarge1101_m=8_n=200_l=30_c=10_s=2.PMTC
Min temperature: 0.1
Max temperature: 0.5
Melhor Solução: 803
Temp div: 16
MCL: 400
PTL: 75000
Elapsed time was: 499242
Maquina 1 : 63 186 114 19 130 7 31 84 158 100 36 153 163 133 105 34 168 12 107 79 42 139 
Maquina 2 : 157 162 23 50 154 29 61 75 128 72 171 129 180 145 195 144 52 165 197 170 51 43 45 
Maquina 3 : 184 90 30 39 117 169 106 104 3 49 82 27 71 150 99 21 28 193 38 131 164 196 121 189 110 161 
Maquina 4 : 47 172 57 142 32 151 148 70 35 13 0 120 24 136 8 141 66 115 191 4 173 91 46 58 68 119 199 143 93 109 59 134 78 
Maquina 5 : 132 67 108 124 92 62 22 55 140 159 6 9 183 40 16 135 1 81 44 126 174 116 149 15 73 11 155 
Maquina 6 : 194 101 187 97 160 87 26 41 5 122 156 125 74 179 83 14 112 64 113 53 96 182 
Maquina 7 : 118 2 80 178 166 86 89 123 146 138 77 95 137 65 102 152 147 69 54 176 18 
Maquina 8 : 56 60 25 181 88 188 185 17 167 85 111 103 190 94 48 198 20 175 37 192 33 127 177 10 76 98 
