Instance filename: ./instances/200jobs/instanceLarge1355_m=10_n=200_l=30_c=20_s=1.PMTC
Min temperature: 0.1
Max temperature: 0.5
Melhor Solução: 2542
Temp div: 16
MCL: 400
PTL: 75000
Elapsed time was: 476444
Maquina 1 : 100 18 180 72 170 68 141 90 74 17 159 16 87 107 78 103 24 9 97 22 186 12 
Maquina 2 : 127 88 115 40 59 66 152 51 41 137 37 32 135 181 189 108 101 25 
Maquina 3 : 155 173 150 147 144 21 136 8 162 53 151 160 121 67 131 132 168 61 36 
Maquina 4 : 62 70 138 192 154 106 48 42 93 174 187 177 171 76 95 134 11 116 27 58 119 
Maquina 5 : 14 47 30 112 164 175 149 198 163 182 6 15 5 129 178 111 55 185 110 52 89 169 
Maquina 6 : 176 23 153 19 157 193 158 69 94 161 118 148 172 77 143 71 126 49 117 105 
Maquina 7 : 44 2 191 146 92 84 65 31 86 85 128 75 184 64 91 179 195 73 130 7 
Maquina 8 : 4 13 50 102 142 26 80 133 57 98 99 188 0 166 194 104 196 56 190 113 
Maquina 9 : 79 109 82 60 43 38 145 125 29 45 63 3 140 167 156 120 96 35 
Maquina 10 : 114 39 139 20 197 28 83 33 183 54 34 165 122 10 1 199 124 46 81 123 
