Instance filename: ./instances/200jobs/instanceLarge1015_m=7_n=200_l=30_c=20_s=0.PMTC
Min temperature: 0.1
Max temperature: 0.5
Melhor Solução: 1581
Temp div: 16
MCL: 400
PTL: 75000
Elapsed time was: 570676
Maquina 1 : 21 19 79 166 189 124 98 187 65 127 171 49 75 20 26 161 104 183 97 74 73 4 145 25 170 
Maquina 2 : 134 152 140 52 144 12 196 88 48 159 154 199 176 119 101 136 56 6 177 81 188 0 173 22 63 43 169 
Maquina 3 : 197 28 190 35 1 143 10 117 27 9 180 77 57 50 42 55 2 100 113 158 135 120 34 72 167 164 194 64 129 
Maquina 4 : 139 54 168 105 126 181 163 94 33 149 17 109 60 155 137 151 16 160 14 198 45 102 29 138 61 195 59 193 174 92 
Maquina 5 : 115 46 36 86 157 125 118 89 67 103 87 15 18 95 185 175 70 186 191 32 51 116 121 108 132 182 91 142 93 99 
Maquina 6 : 83 133 3 141 111 58 11 53 130 47 68 41 39 90 192 128 122 78 106 150 156 147 80 131 146 13 66 30 165 178 
Maquina 7 : 153 62 76 148 85 110 38 114 5 71 123 24 96 23 37 31 184 162 69 7 112 82 40 44 84 107 179 172 8 
