Instance filename: ./instances/200jobs/instanceLarge1009_m=7_n=200_l=30_c=20_s=0.PMTC
Min temperature: 0.1
Max temperature: 0.5
Melhor Solução: 1115
Temp div: 16
MCL: 400
PTL: 75000
Elapsed time was: 653098
Maquina 1 : 119 176 199 85 90 71 86 99 142 152 6 81 174 121 177 188 124 65 37 155 184 60 151 154 163 181 51 
Maquina 2 : 94 62 33 153 178 165 30 66 13 56 98 185 95 172 15 136 110 141 11 113 187 76 158 167 72 34 120 
Maquina 3 : 53 130 47 68 41 54 114 39 122 192 78 106 150 147 156 80 131 59 101 129 88 194 
Maquina 4 : 18 168 64 128 1 93 164 91 182 108 38 191 186 32 132 96 46 115 116 157 92 125 3 118 140 89 67 48 12 
Maquina 5 : 27 144 196 134 139 74 183 195 104 161 26 75 49 19 20 127 173 105 63 180 198 143 43 169 197 190 28 35 133 135 70 61 123 7 162 
Maquina 6 : 103 40 138 175 45 137 79 97 166 189 31 149 109 73 4 145 25 0 21 100 170 69 82 23 112 24 111 5 148 
Maquina 7 : 84 107 44 29 14 160 16 102 193 171 8 52 83 77 58 10 117 57 9 50 42 146 179 36 17 87 159 126 22 2 55 
