Instance filename: ./instances/200jobs/instanceLarge859_m=6_n=200_l=30_c=10_s=0.PMTC
Min temperature: 0.1
Max temperature: 0.5
Melhor Solução: 2198
Temp div: 16
MCL: 400
PTL: 75000
Elapsed time was: 507012
Maquina 1 : 73 130 165 60 65 182 39 136 29 192 34 126 2 93 162 187 173 151 3 47 56 195 8 152 14 186 163 13 150 118 25 164 89 108 75 
Maquina 2 : 190 101 181 28 35 134 72 58 113 127 55 120 86 176 57 114 27 66 144 159 124 199 85 143 129 64 63 30 46 168 103 33 100 
Maquina 3 : 6 180 137 107 24 110 141 5 157 61 62 189 76 91 77 36 97 52 16 7 83 191 74 50 1 19 198 49 94 188 115 92 11 158 
Maquina 4 : 112 79 104 95 26 135 145 38 21 167 12 22 44 156 121 153 48 0 78 90 116 142 148 43 155 169 99 128 41 185 23 96 197 179 
Maquina 5 : 138 111 119 59 170 149 171 196 15 87 161 67 31 105 160 80 178 166 45 125 37 68 88 132 10 54 42 123 69 140 98 51 
Maquina 6 : 81 84 4 131 146 82 109 174 17 172 71 139 193 183 175 102 70 122 18 177 133 20 9 147 194 53 117 106 40 184 32 154 
