Instance filename: ./instances/200jobs/instanceLarge1224_m=9_n=200_l=30_c=10_s=2.PMTC
Min temperature: 0.1
Max temperature: 0.5
Melhor Solução: 731
Temp div: 16
MCL: 400
PTL: 75000
Elapsed time was: 502549
Maquina 1 : 63 61 4 36 183 116 43 147 87 191 109 23 29 156 122 146 94 65 101 32 51 178 
Maquina 2 : 173 69 138 60 190 193 139 71 80 16 197 7 37 196 0 199 181 48 97 168 
Maquina 3 : 72 2 26 141 30 150 176 172 18 198 83 53 104 180 117 62 130 114 46 12 184 120 
Maquina 4 : 1 78 58 41 160 47 131 144 161 174 170 27 113 95 127 59 111 66 91 52 81 151 182 49 
Maquina 5 : 70 103 177 175 163 31 38 93 152 3 89 112 55 143 159 158 90 77 14 115 194 189 
Maquina 6 : 153 92 108 165 35 24 185 75 148 6 106 15 123 129 145 140 20 56 8 188 187 
Maquina 7 : 82 96 162 149 64 44 169 154 54 124 25 105 164 133 128 88 85 45 17 67 86 157 
Maquina 8 : 76 100 19 98 21 167 74 107 9 84 79 136 166 102 57 39 13 125 33 192 5 186 126 
Maquina 9 : 11 99 121 28 50 42 195 110 68 22 135 73 179 40 171 10 119 132 134 34 142 118 155 137 
