Instance filename: ./instances/200jobs/instanceLarge1408_m=10_n=200_l=40_c=20_s=0.PMTC
Min temperature: 0.1
Max temperature: 0.5
Melhor Solução: 1803
Temp div: 16
MCL: 400
PTL: 75000
Elapsed time was: 607046
Maquina 1 : 141 127 86 196 37 97 24 159 55 130 128 169 96 105 111 177 182 98 132 
Maquina 2 : 197 46 35 179 53 57 135 83 88 160 90 191 155 146 13 79 110 27 85 94 
Maquina 3 : 138 73 11 113 122 81 62 9 63 131 137 123 190 108 72 25 120 52 
Maquina 4 : 140 32 36 172 60 21 77 168 28 1 161 76 109 34 150 154 93 151 56 186 0 104 
Maquina 5 : 106 67 145 175 114 124 6 45 173 68 10 144 199 136 30 101 174 95 117 38 51 
Maquina 6 : 91 18 70 59 50 189 26 107 125 74 180 195 193 47 92 158 78 157 
Maquina 7 : 99 48 87 49 194 33 7 167 192 163 58 89 19 126 142 54 5 69 22 
Maquina 8 : 84 29 162 2 100 12 14 42 183 147 115 61 17 184 3 129 82 149 41 
Maquina 9 : 64 164 16 133 156 23 20 43 153 185 134 188 15 176 166 165 119 187 102 198 103 40 170 139 178 8 4 
Maquina 10 : 112 31 143 171 75 39 65 152 116 80 66 181 148 71 44 118 121 
