Instance filename: ./instances/200jobs/instanceLarge1189_m=8_n=200_l=40_c=30_s=0.PMTC
Min temperature: 0.1
Max temperature: 0.5
Melhor Solução: 3068
Temp div: 16
MCL: 400
PTL: 75000
Elapsed time was: 779300
Maquina 1 : 20 84 156 90 35 62 98 173 65 60 137 3 42 32 87 8 180 26 182 195 78 102 38 142 92 141 175 
Maquina 2 : 167 140 135 132 85 73 168 80 159 107 113 94 105 176 13 148 117 177 111 116 119 31 144 
Maquina 3 : 48 2 93 22 120 192 154 0 194 79 162 190 174 124 128 123 66 14 198 161 24 122 183 131 
Maquina 4 : 121 81 58 34 193 6 7 21 9 63 77 187 36 158 83 164 181 27 160 91 108 153 64 95 12 70 57 165 163 136 
Maquina 5 : 152 43 30 172 61 23 56 55 41 69 54 109 166 29 86 39 189 103 147 114 82 185 75 
Maquina 6 : 134 130 1 46 47 112 197 97 178 44 96 127 133 179 15 4 28 110 72 19 155 138 
Maquina 7 : 89 45 37 143 171 49 88 170 157 145 150 184 17 100 149 126 74 146 67 191 53 11 115 169 139 16 186 
Maquina 8 : 33 10 50 59 52 151 196 188 104 76 125 129 25 101 99 106 118 51 40 18 68 5 71 199 
