Instance filename: ./instances/200jobs/instanceLarge941_m=6_n=200_l=40_c=30_s=1.PMTC
Min temperature: 0.1
Max temperature: 0.5
Melhor Solução: 5622
Temp div: 16
MCL: 400
PTL: 75000
Elapsed time was: 439756
Maquina 1 : 120 68 81 109 125 169 180 92 152 16 195 70 172 95 0 199 197 32 107 12 13 147 148 104 102 25 37 134 51 129 167 149 50 
Maquina 2 : 185 21 188 59 153 69 173 141 61 89 168 175 7 110 121 75 108 122 176 73 143 41 115 56 20 190 127 151 139 166 42 187 181 136 155 66 
Maquina 3 : 189 103 196 137 159 171 133 145 47 112 165 94 138 60 161 63 193 157 33 119 31 1 54 124 183 84 57 191 162 15 126 
Maquina 4 : 35 174 85 142 65 170 18 140 64 11 99 194 144 22 86 123 177 111 163 48 39 53 52 72 78 76 10 58 38 87 8 62 44 
Maquina 5 : 182 158 93 186 34 118 130 77 113 90 150 74 131 27 106 198 100 91 105 98 19 160 156 135 14 2 49 71 17 79 97 23 178 36 
Maquina 6 : 26 3 164 45 6 114 28 9 4 83 5 82 55 46 24 128 43 67 132 154 101 184 80 88 40 179 192 30 116 146 96 29 117 
