Instance filename: ./instances/200jobs/instanceLarge1412_m=10_n=200_l=40_c=30_s=1.PMTC
Min temperature: 0.1
Max temperature: 0.5
Melhor Solução: 3238
Temp div: 16
MCL: 400
PTL: 75000
Elapsed time was: 416041
Maquina 1 : 68 14 43 33 195 62 2 170 67 126 48 173 22 175 51 42 106 177 165 
Maquina 2 : 44 169 188 36 161 91 124 66 13 90 172 9 65 168 182 179 103 155 50 37 171 
Maquina 3 : 196 82 138 181 134 38 143 113 70 7 199 52 84 163 185 86 145 118 60 119 144 49 105 
Maquina 4 : 64 75 35 100 180 128 150 20 167 77 46 1 153 139 140 109 80 95 174 
Maquina 5 : 192 79 184 93 58 98 12 157 31 146 85 21 19 178 18 131 160 45 57 117 115 
Maquina 6 : 156 137 0 11 4 23 197 69 176 76 189 132 54 194 135 55 53 151 39 193 
Maquina 7 : 122 40 17 94 121 47 104 26 152 81 166 142 125 3 6 88 183 127 114 
Maquina 8 : 72 147 92 186 74 129 63 190 130 133 158 102 110 112 111 27 5 41 30 56 24 96 
Maquina 9 : 159 15 59 28 10 89 99 162 97 108 16 187 61 149 25 71 32 107 34 
Maquina 10 : 73 29 191 120 136 78 116 148 8 198 123 141 164 83 101 87 154 
