Instance filename: ./instances/200jobs/instanceLarge1068_m=7_n=200_l=40_c=30_s=2.PMTC
Min temperature: 0.1
Max temperature: 0.5
Melhor Solução: 1002
Temp div: 16
MCL: 400
PTL: 75000
Elapsed time was: 742113
Maquina 1 : 96 37 53 40 197 174 168 26 44 55 170 93 165 107 75 122 171 47 191 159 108 139 167 51 194 23 50 129 
Maquina 2 : 102 30 83 25 144 6 188 90 71 85 17 152 52 81 135 70 146 106 32 97 117 68 121 156 124 137 131 60 184 186 150 3 
Maquina 3 : 193 183 161 187 198 199 22 20 88 175 153 133 112 24 99 111 92 196 178 72 19 15 2 67 49 78 110 151 
Maquina 4 : 142 163 11 33 180 38 39 149 143 65 0 127 58 66 128 48 29 14 41 195 176 179 157 125 119 
Maquina 5 : 79 177 12 114 56 16 35 10 192 166 140 94 136 87 46 100 123 98 54 5 18 73 84 145 43 189 
Maquina 6 : 115 147 95 64 31 172 4 141 164 190 8 74 61 154 36 169 27 34 185 76 162 155 63 134 59 82 148 62 1 181 69 130 
Maquina 7 : 89 42 80 13 101 118 158 132 91 9 160 138 109 45 21 105 28 120 173 126 86 103 113 77 7 182 116 104 57 
