Instance filename: ./instances/200jobs/instanceLarge862_m=6_n=200_l=30_c=10_s=0.PMTC
Min temperature: 0.1
Max temperature: 0.5
Melhor Solução: 2782
Temp div: 16
MCL: 400
PTL: 75000
Elapsed time was: 899940
Maquina 1 : 27 66 144 114 57 120 58 127 86 90 113 115 95 92 104 26 79 181 76 135 8 38 112 21 141 140 94 142 49 1 24 107 83 110 116 
Maquina 2 : 81 139 196 158 193 183 22 125 175 70 102 122 177 18 159 133 20 53 147 194 9 101 168 108 35 106 172 0 155 25 48 
Maquina 3 : 153 124 185 128 41 23 40 180 15 157 130 60 165 65 72 190 29 89 85 199 160 192 162 143 63 163 46 179 64 30 6 
Maquina 4 : 73 103 91 121 77 164 198 19 71 129 47 2 126 173 156 75 3 154 187 5 93 74 167 78 12 37 68 184 10 132 88 50 52 54 33 
Maquina 5 : 16 36 188 99 28 146 100 118 174 131 82 109 17 4 69 98 51 123 11 169 42 138 44 145 136 14 152 150 151 56 186 137 45 
Maquina 6 : 178 34 80 166 67 161 105 134 87 31 39 182 117 149 171 170 119 111 59 191 195 13 97 7 55 61 62 148 84 197 96 43 189 176 32 
