Instance filename: ./instances/200jobs/instanceLarge1295_m=9_n=200_l=40_c=30_s=1.PMTC
Min temperature: 0.1
Max temperature: 0.5
Melhor Solução: 3730
Temp div: 16
MCL: 400
PTL: 75000
Elapsed time was: 796366
Maquina 1 : 175 109 88 70 5 48 6 156 78 112 134 172 115 150 171 79 92 25 4 68 29 34 
Maquina 2 : 141 35 159 118 22 14 196 179 94 137 21 36 86 99 90 143 176 133 152 158 170 50 83 80 
Maquina 3 : 84 13 113 160 189 102 144 167 132 45 97 181 98 110 138 10 119 169 57 177 161 116 165 
Maquina 4 : 9 135 55 82 192 149 28 33 73 182 154 157 44 64 104 180 23 166 122 12 54 76 
Maquina 5 : 162 41 121 19 85 59 77 3 8 194 53 164 103 1 69 17 62 65 24 107 
Maquina 6 : 66 151 43 186 52 37 106 30 190 191 51 142 173 117 140 111 183 89 187 2 131 100 
Maquina 7 : 128 145 123 58 74 124 0 95 114 125 42 26 120 93 27 199 101 46 163 108 31 129 61 71 
Maquina 8 : 60 81 139 155 67 16 11 39 75 91 198 136 63 56 96 127 195 32 168 15 40 174 197 188 105 
Maquina 9 : 184 147 7 47 38 185 178 72 126 20 49 87 193 153 130 146 18 148 
