Instance filename: ./instances/200jobs/instanceLarge1374_m=10_n=200_l=30_c=20_s=2.PMTC
Min temperature: 0.1
Max temperature: 0.5
Melhor Solução: 639
Temp div: 16
MCL: 400
PTL: 75000
Elapsed time was: 763851
Maquina 1 : 109 49 170 141 74 68 87 133 188 90 99 98 142 187 50 17 5 59 43 46 
Maquina 2 : 6 28 15 182 150 45 166 52 192 154 138 159 57 18 100 89 173 178 29 
Maquina 3 : 125 145 139 116 146 191 60 127 82 73 7 130 26 104 168 132 10 103 
Maquina 4 : 144 70 21 147 131 69 117 8 136 107 120 78 9 62 123 134 81 156 167 3 
Maquina 5 : 86 122 51 54 165 183 1 83 33 12 186 22 105 44 75 128 23 31 2 84 158 
Maquina 6 : 38 92 153 19 76 157 193 97 161 94 148 172 77 102 27 124 91 199 61 
Maquina 7 : 121 67 160 151 53 4 184 155 162 195 0 36 112 72 152 66 164 95 171 47 14 13 16 101 25 
Maquina 8 : 71 126 143 34 115 40 88 41 30 174 106 42 39 58 119 63 180 140 179 35 96 93 55 
Maquina 9 : 189 11 108 135 181 32 37 65 137 64 194 114 111 129 176 118 177 48 185 
Maquina 10 : 110 197 169 85 24 20 79 113 56 190 80 196 175 149 198 163 
