Instance filename: ./instances/200jobs/instanceLarge1386_m=10_n=200_l=40_c=20_s=2.PMTC
Min temperature: 0.1
Max temperature: 0.5
Melhor Solução: 662
Temp div: 16
MCL: 400
PTL: 75000
Elapsed time was: 1380195
Maquina 1 : 99 48 92 194 157 197 47 59 51 87 8 52 186 25 188 187 137 176 96 60 67 143 
Maquina 2 : 110 177 105 128 130 28 142 153 196 141 86 111 0 154 150 184 109 24 34 161 193 190 
Maquina 3 : 179 120 76 195 35 189 123 26 50 107 125 23 20 91 174 117 95 169 55 69 
Maquina 4 : 132 29 84 168 43 115 183 98 182 27 46 6 1 68 173 
Maquina 5 : 136 30 160 10 74 71 4 144 178 5 148 65 152 116 80 39 15 54 75 134 12 181 
Maquina 6 : 17 61 72 145 93 70 114 175 97 104 64 113 103 11 38 133 7 13 31 106 
Maquina 7 : 151 124 90 108 146 79 58 163 2 192 126 100 42 19 167 33 89 77 191 155 3 37 135 53 
Maquina 8 : 131 88 63 129 21 9 147 139 36 180 32 140 138 73 94 56 85 198 16 18 83 
Maquina 9 : 121 82 41 164 149 66 185 44 118 156 78 166 40 112 171 127 158 
Maquina 10 : 102 172 81 122 170 62 49 57 162 159 101 165 14 45 199 119 22 
