Instance filename: ./instances/200jobs/instanceLarge1407_m=10_n=200_l=40_c=20_s=2.PMTC
Min temperature: 0.1
Max temperature: 0.5
Melhor Solução: 631
Temp div: 16
MCL: 400
PTL: 75000
Elapsed time was: 842861
Maquina 1 : 96 97 144 175 6 70 177 68 173 136 30 10 157 5 18 4 152 65 80 66 71 194 
Maquina 2 : 163 192 77 89 167 33 147 106 21 36 32 180 140 25 52 181 8 120 9 59 
Maquina 3 : 103 72 145 19 190 112 166 118 2 44 171 116 121 82 114 149 156 
Maquina 4 : 17 61 185 38 54 88 164 129 83 78 75 39 15 134 40 35 197 29 69 84 168 182 
Maquina 5 : 42 169 115 183 100 43 196 22 101 199 162 165 159 57 14 119 170 198 195 26 74 193 
Maquina 6 : 107 123 189 125 76 53 131 37 135 113 102 11 56 104 67 126 85 73 138 1 28 
Maquina 7 : 148 130 122 81 62 172 49 127 158 124 146 58 108 90 79 13 191 
Maquina 8 : 155 3 64 133 16 94 41 51 132 20 91 117 95 50 174 153 55 187 139 
Maquina 9 : 188 137 45 176 60 143 128 105 48 141 7 87 151 31 142 93 92 47 
Maquina 10 : 150 161 154 34 63 184 109 178 24 0 160 186 12 110 179 46 27 99 111 23 98 86 
