Instance filename: ./instances/200jobs/instanceLarge1233_m=9_n=200_l=30_c=20_s=2.PMTC
Min temperature: 0.1
Max temperature: 0.5
Melhor Solução: 712
Temp div: 16
MCL: 400
PTL: 75000
Elapsed time was: 657824
Maquina 1 : 150 123 115 122 54 167 63 144 120 140 146 109 52 104 157 53 129 4 17 66 47 180 2 
Maquina 2 : 6 170 197 89 86 121 162 55 179 40 82 169 46 172 118 5 42 183 166 175 199 98 3 190 154 22 
Maquina 3 : 147 105 0 37 160 76 24 113 165 189 34 176 19 163 44 145 112 141 83 161 
Maquina 4 : 143 36 29 49 27 25 195 69 126 48 185 177 182 186 62 85 171 94 131 
Maquina 5 : 18 125 96 156 26 41 137 43 23 110 91 158 88 184 68 119 72 100 
Maquina 6 : 80 84 132 134 20 60 151 79 67 90 142 168 9 30 71 136 127 58 139 33 
Maquina 7 : 97 187 39 99 74 11 10 73 15 149 114 8 194 12 70 164 56 128 153 116 193 
Maquina 8 : 95 103 59 7 93 133 135 192 92 64 124 50 87 75 35 107 159 130 106 178 173 65 174 138 108 111 13 
Maquina 9 : 78 191 21 14 148 152 77 45 57 51 61 31 1 196 81 16 155 102 198 117 101 38 32 188 28 181 
