Instance filename: ./instances/200jobs/instanceLarge1409_m=10_n=200_l=40_c=20_s=1.PMTC
Min temperature: 0.1
Max temperature: 0.5
Melhor Solução: 2529
Temp div: 16
MCL: 400
PTL: 75000
Elapsed time was: 980369
Maquina 1 : 109 34 161 100 184 150 0 47 159 12 145 120 25 190 72 52 140 76 32 193 36 176 
Maquina 2 : 60 172 158 141 92 123 33 48 153 154 93 151 58 104 186 49 163 192 194 
Maquina 3 : 77 167 142 89 169 69 22 29 84 119 14 45 43 199 101 162 124 130 6 173 68 136 160 30 177 
Maquina 4 : 110 121 82 149 156 61 17 164 129 63 24 41 131 53 78 135 83 88 191 155 
Maquina 5 : 40 3 133 64 146 16 90 13 31 56 94 85 138 73 137 51 1 108 79 
Maquina 6 : 126 27 197 46 105 57 195 35 74 107 103 189 26 50 70 59 19 165 
Maquina 7 : 96 97 37 187 196 139 98 175 114 179 111 86 23 125 115 42 183 
Maquina 8 : 95 147 168 182 143 65 80 152 39 181 75 134 15 188 54 20 102 132 55 
Maquina 9 : 117 174 91 10 21 144 66 2 71 106 44 118 180 166 171 170 116 112 4 8 18 178 5 
Maquina 10 : 198 122 148 67 28 62 9 185 81 38 113 11 7 87 128 99 127 157 
