Instance filename: ./instances/200jobs/instanceLarge1131_m=8_n=200_l=30_c=20_s=2.PMTC
Min temperature: 0.1
Max temperature: 0.5
Melhor Solução: 807
Temp div: 16
MCL: 400
PTL: 75000
Elapsed time was: 624034
Maquina 1 : 123 13 116 155 198 79 112 72 91 196 109 180 80 178 1 86 22 158 164 186 138 167 96 15 141 92 
Maquina 2 : 130 172 136 169 125 163 99 102 94 26 82 149 185 63 16 85 181 105 132 190 173 89 28 19 
Maquina 3 : 151 157 152 48 34 197 145 9 75 121 83 168 128 199 175 17 161 171 74 140 146 143 111 176 76 39 194 189 103 
Maquina 4 : 124 35 122 127 114 101 25 21 47 62 6 53 156 54 98 107 88 10 165 38 4 150 148 117 77 33 113 
Maquina 5 : 41 129 70 30 144 182 115 43 142 32 193 95 120 153 3 154 29 87 68 133 67 135 24 
Maquina 6 : 2 108 73 55 12 160 119 110 90 131 170 69 195 78 174 52 44 191 31 20 50 97 66 81 
Maquina 7 : 61 188 147 192 104 46 65 8 37 179 14 49 183 93 106 134 184 51 159 187 7 58 5 45 118 71 
Maquina 8 : 42 126 162 64 36 56 0 27 177 11 137 100 84 166 40 23 60 18 57 139 59 
