Instance filename: ./instances/200jobs/instanceLarge1052_m=7_n=200_l=40_c=30_s=1.PMTC
Min temperature: 0.1
Max temperature: 0.5
Melhor Solução: 4977
Temp div: 16
MCL: 400
PTL: 75000
Elapsed time was: 457135
Maquina 1 : 76 162 155 44 189 63 109 156 66 85 17 71 91 9 29 117 132 165 28 60 184 186 150 3 122 171 
Maquina 2 : 47 38 75 55 168 141 14 26 195 137 93 147 95 64 31 172 182 116 104 57 159 121 108 124 7 
Maquina 3 : 149 42 101 13 70 77 80 113 51 167 24 99 12 111 62 134 82 59 139 131 52 191 164 22 179 58 39 143 193 183 161 160 187 
Maquina 4 : 45 21 185 4 180 90 6 25 83 16 35 10 56 192 50 174 140 8 190 138 15 32 125 157 40 197 53 89 130 
Maquina 5 : 69 181 198 199 123 100 46 136 135 94 163 142 0 127 78 49 11 166 96 115 126 175 153 133 102 65 112 30 128 48 
Maquina 6 : 23 118 103 86 87 79 74 119 144 36 61 169 27 34 154 37 97 146 81 106 152 68 20 148 151 176 110 1 107 
Maquina 7 : 177 114 188 194 33 67 2 158 92 196 72 19 120 173 88 41 170 129 98 54 5 18 178 73 84 105 145 43 
