Instance filename: ./instances/200jobs/instanceLarge860_m=6_n=200_l=30_c=10_s=1.PMTC
Min temperature: 0.1
Max temperature: 0.5
Melhor Solução: 3497
Temp div: 16
MCL: 400
PTL: 75000
Elapsed time was: 489697
Maquina 1 : 155 74 19 131 120 144 27 114 57 66 165 196 130 59 170 4 51 140 151 84 56 138 98 111 75 3 119 154 199 91 6 89 30 46 63 129 
Maquina 2 : 85 126 64 179 143 47 58 29 162 2 173 187 156 77 121 11 5 93 104 0 92 94 21 141 110 24 164 158 137 107 79 112 49 76 198 
Maquina 3 : 150 194 100 147 159 160 174 124 17 109 82 166 34 18 80 67 136 157 115 1 103 73 105 182 197 87 15 39 96 185 23 40 
Maquina 4 : 41 22 192 128 145 42 169 178 16 88 149 50 132 33 10 86 184 37 68 135 163 78 12 167 81 180 181 123 69 54 83 172 71 139 
Maquina 5 : 193 106 61 32 117 189 99 43 176 142 116 148 48 44 153 25 175 183 125 102 122 70 177 53 133 20 9 161 
Maquina 6 : 101 28 35 72 134 65 60 90 113 168 171 191 7 13 97 108 195 31 118 186 95 26 45 8 38 190 14 146 52 188 152 36 62 127 55 
