Instance filename: ./instances/200jobs/instanceLarge929_m=6_n=200_l=40_c=20_s=1.PMTC
Min temperature: 0.1
Max temperature: 0.5
Melhor Solução: 4002
Temp div: 16
MCL: 400
PTL: 75000
Elapsed time was: 1002023
Maquina 1 : 114 42 81 133 43 102 22 150 94 10 1 168 78 37 53 176 161 139 164 145 92 141 159 16 197 188 73 76 196 165 103 166 
Maquina 2 : 68 74 121 60 40 153 61 181 124 148 112 113 19 175 189 163 86 179 156 119 154 184 28 59 32 122 34 77 135 125 173 14 99 
Maquina 3 : 140 194 111 193 82 67 9 51 128 35 147 65 199 66 138 18 129 178 151 25 101 8 47 2 187 123 12 109 152 6 137 31 
Maquina 4 : 143 93 116 127 158 30 126 132 107 85 108 41 83 172 170 80 38 69 190 106 36 15 167 180 3 115 39 134 117 89 160 105 63 5 
Maquina 5 : 56 50 130 174 13 144 75 98 7 24 54 195 49 177 46 90 29 11 191 71 96 26 87 57 183 72 70 91 171 44 27 182 118 20 110 55 64 
Maquina 6 : 149 157 162 136 79 17 185 97 23 62 169 48 84 88 52 120 142 192 100 155 131 21 33 104 45 186 146 95 58 198 0 4 
