Instance filename: ./instances/200jobs/instanceLarge1185_m=8_n=200_l=40_c=30_s=2.PMTC
Min temperature: 0.1
Max temperature: 0.5
Melhor Solução: 808
Temp div: 16
MCL: 400
PTL: 75000
Elapsed time was: 374934
Maquina 1 : 55 153 126 100 149 74 108 91 160 12 50 97 197 112 193 138 88 49 157 44 127 133 58 166 80 145 109 190 18 174 124 
Maquina 2 : 94 69 54 96 128 123 14 66 161 122 198 26 61 23 175 194 79 162 83 164 181 27 125 25 3 110 28 39 
Maquina 3 : 6 170 142 38 21 4 137 65 158 184 17 150 185 82 114 147 103 60 40 24 0 107 159 15 186 16 87 
Maquina 4 : 139 169 146 89 167 140 117 10 106 33 101 148 13 176 105 132 113 182 195 78 102 171 
Maquina 5 : 143 37 70 45 177 199 71 5 119 116 67 68 115 53 11 120 154 192 111 163 173 51 118 
Maquina 6 : 183 131 121 34 81 29 86 75 129 99 152 136 76 104 188 196 151 52 59 144 179 
Maquina 7 : 130 57 165 46 47 9 7 63 77 187 95 36 43 135 85 73 168 64 8 180 178 32 42 
Maquina 8 : 30 172 72 19 56 155 134 191 48 2 93 22 31 189 1 41 98 62 35 90 156 84 20 92 141 
