Instance filename: ./instances/200jobs/instanceLarge991_m=7_n=200_l=30_c=20_s=0.PMTC
Min temperature: 0.1
Max temperature: 0.5
Melhor Solução: 964
Temp div: 16
MCL: 400
PTL: 75000
Elapsed time was: 664244
Maquina 1 : 1 119 122 128 78 90 192 39 187 65 73 124 74 50 57 9 194 18 101 129 88 178 153 62 102 
Maquina 2 : 29 14 160 16 151 60 155 184 37 47 54 41 56 98 82 69 23 24 123 5 71 145 114 86 131 157 36 96 46 115 51 32 191 
Maquina 3 : 186 116 108 121 20 75 49 189 45 93 99 91 182 127 97 0 173 105 22 63 180 198 66 30 43 94 42 175 55 2 113 85 
Maquina 4 : 118 140 89 26 68 134 159 144 196 12 53 130 143 195 17 58 13 188 117 10 27 179 59 161 104 183 142 4 164 
Maquina 5 : 109 174 132 81 6 177 95 185 38 172 136 110 148 92 3 125 133 76 61 137 35 190 197 28 169 31 146 
Maquina 6 : 80 106 156 147 150 168 64 40 112 7 135 70 162 103 139 44 84 107 193 165 171 8 52 77 138 152 141 
Maquina 7 : 11 111 170 15 87 67 83 79 166 154 176 48 199 19 21 100 25 163 149 126 181 33 120 34 167 72 158 
