Instance filename: ./instances/200jobs/instanceLarge1114_m=8_n=200_l=30_c=20_s=0.PMTC
Min temperature: 0.1
Max temperature: 0.5
Melhor Solução: 2698
Temp div: 16
MCL: 400
PTL: 75000
Elapsed time was: 700696
Maquina 1 : 155 44 2 13 76 123 125 165 168 38 186 150 148 164 81 192 161 46 92 104 65 8 198 54 59 37 
Maquina 2 : 179 14 49 42 71 162 36 64 182 56 151 0 27 169 95 193 32 43 115 144 138 118 142 85 105 181 
Maquina 3 : 132 61 97 50 52 20 31 191 3 157 98 107 88 10 116 117 79 63 16 82 126 141 45 96 19 
Maquina 4 : 185 28 167 130 172 173 89 190 41 188 139 112 72 91 196 109 180 87 40 23 80 
Maquina 5 : 178 1 100 86 33 113 129 70 5 30 147 106 134 184 51 159 187 7 58 78 174 57 121 
Maquina 6 : 75 9 197 145 34 17 135 24 67 77 73 163 99 120 48 102 94 26 149 18 153 152 103 39 194 
Maquina 7 : 189 114 101 136 119 127 62 90 47 156 21 53 6 93 84 11 137 177 15 55 158 22 166 111 140 143 176 175 199 128 
Maquina 8 : 83 122 35 124 183 108 4 110 146 69 131 154 29 170 68 133 60 160 12 195 25 171 66 74 
