Instance filename: ./instances/200jobs/instanceLarge1302_m=9_n=200_l=40_c=30_s=2.PMTC
Min temperature: 0.1
Max temperature: 0.5
Melhor Solução: 696
Temp div: 16
MCL: 400
PTL: 75000
Elapsed time was: 640257
Maquina 1 : 167 132 97 181 98 110 44 86 152 33 11 155 67 121 19 51 147 173 142 144 89 133 73 
Maquina 2 : 182 154 41 85 91 59 77 199 3 8 194 104 64 20 58 123 145 72 178 37 106 198 52 81 
Maquina 3 : 43 186 151 66 107 62 24 65 17 69 5 96 191 136 63 158 126 162 56 49 176 143 90 99 53 
Maquina 4 : 105 188 184 10 134 112 78 156 6 48 0 124 47 7 187 131 2 100 68 
Maquina 5 : 4 128 157 38 195 114 70 125 139 185 172 170 94 137 21 179 196 14 22 118 159 35 141 
Maquina 6 : 87 76 54 12 122 166 23 161 16 116 135 39 148 29 45 30 180 190 102 50 83 80 84 
Maquina 7 : 13 113 189 160 95 79 1 140 103 164 18 146 153 36 34 183 193 55 92 28 
Maquina 8 : 138 71 130 61 57 177 169 119 42 75 26 168 15 27 197 60 32 82 111 120 93 74 
Maquina 9 : 117 40 165 9 101 46 163 108 31 129 115 127 192 149 25 150 171 174 88 109 175 
