Instance filename: ./instances/200jobs/instanceLarge1034_m=7_n=200_l=40_c=20_s=1.PMTC
Min temperature: 0.1
Max temperature: 0.5
Melhor Solução: 3783
Temp div: 16
MCL: 400
PTL: 75000
Elapsed time was: 1369660
Maquina 1 : 21 15 136 123 162 26 111 96 38 62 158 126 122 138 73 178 5 155 34 182 141 70 74 2 154 116 61 19 145 33 
Maquina 2 : 75 48 157 16 91 57 142 23 173 174 76 90 42 7 159 51 67 150 9 186 192 121 125 132 179 198 3 
Maquina 3 : 39 197 117 60 95 169 108 161 176 187 143 53 175 25 77 119 181 188 84 1 149 31 129 193 59 0 69 
Maquina 4 : 171 22 134 106 191 196 81 195 24 115 45 103 20 147 102 130 55 85 177 146 133 43 137 94 83 93 131 170 166 79 120 
Maquina 5 : 72 99 4 49 54 113 167 97 58 110 68 46 148 11 153 13 139 183 100 71 28 37 40 86 32 63 127 168 
Maquina 6 : 156 152 17 30 124 194 107 92 78 50 135 128 66 14 164 35 98 64 8 190 114 101 87 199 140 52 65 163 
Maquina 7 : 18 160 151 27 44 180 144 118 36 185 47 56 88 29 165 172 184 6 41 82 189 10 112 80 105 104 89 12 109 
