Instance filename: ./instances/200jobs/instanceLarge881_m=6_n=200_l=30_c=20_s=1.PMTC
Min temperature: 0.1
Max temperature: 0.5
Melhor Solução: 4245
Temp div: 16
MCL: 400
PTL: 75000
Elapsed time was: 528116
Maquina 1 : 38 3 10 117 24 4 33 72 167 84 65 146 74 150 56 158 90 79 51 97 11 138 154 40 100 142 127 196 83 174 19 7 32 60 113 
Maquina 2 : 87 147 185 119 23 37 29 21 8 93 86 161 128 1 96 148 134 140 184 195 25 18 171 157 168 63 104 187 0 189 
Maquina 3 : 67 80 188 28 152 12 61 175 144 102 14 110 36 44 54 109 53 98 172 181 186 43 176 151 41 15 17 111 124 85 108 121 62 26 
Maquina 4 : 42 46 135 39 115 77 76 180 6 112 139 88 190 114 107 58 153 35 178 120 95 47 89 133 118 198 182 31 194 57 75 64 91 69 78 136 13 59 192 
Maquina 5 : 103 16 5 122 123 193 191 162 70 160 199 177 66 82 155 130 52 179 22 126 131 68 129 101 105 165 164 149 173 9 
Maquina 6 : 163 92 106 197 45 166 71 169 159 145 156 94 116 34 49 20 50 143 132 125 81 73 27 141 183 2 99 170 30 137 48 55 
