Instance filename: ./instances/200jobs/instanceLarge1303_m=9_n=200_l=40_c=30_s=0.PMTC
Min temperature: 0.1
Max temperature: 0.5
Melhor Solução: 1020
Temp div: 16
MCL: 400
PTL: 75000
Elapsed time was: 962458
Maquina 1 : 164 91 149 192 25 28 92 65 155 11 81 178 67 121 89 133 176 162 152 158 90 
Maquina 2 : 95 124 0 47 2 187 131 100 58 86 33 99 128 123 49 41 150 171 103 1 
Maquina 3 : 69 17 107 147 136 151 39 66 186 138 93 27 82 134 10 115 172 6 156 78 112 18 
Maquina 4 : 146 153 68 34 198 96 173 87 53 16 8 194 104 64 145 40 72 126 20 195 127 63 
Maquina 5 : 143 32 60 111 140 117 142 51 177 35 79 144 167 132 97 181 98 110 44 157 154 182 73 
Maquina 6 : 74 29 45 30 180 148 9 135 55 3 199 59 85 183 77 48 21 36 24 137 62 179 196 
Maquina 7 : 14 22 118 159 102 189 160 113 13 84 80 83 50 170 190 191 70 5 88 109 175 19 76 54 
Maquina 8 : 12 122 166 23 161 4 116 165 174 7 185 139 197 105 188 184 43 71 130 61 52 94 119 
Maquina 9 : 75 42 193 57 26 15 168 101 46 163 108 31 129 38 169 56 120 114 141 125 106 37 
