Instance filename: ./instances/200jobs/instanceLarge994_m=7_n=200_l=30_c=20_s=0.PMTC
Min temperature: 0.1
Max temperature: 0.5
Melhor Solução: 2960
Temp div: 16
MCL: 400
PTL: 75000
Elapsed time was: 906418
Maquina 1 : 127 73 97 52 124 155 65 37 23 98 82 69 56 14 34 72 120 167 153 182 66 30 178 18 181 101 126 168 194 
Maquina 2 : 64 135 40 103 162 7 184 59 137 17 151 160 102 16 13 107 29 44 112 31 149 33 94 163 62 166 
Maquina 3 : 189 49 20 75 26 161 104 183 74 25 145 4 109 170 99 45 91 60 70 175 38 185 95 15 87 156 61 150 106 
Maquina 4 : 78 143 169 190 197 28 35 133 191 93 164 116 142 19 115 46 96 36 174 92 24 5 111 148 11 141 140 108 58 187 
Maquina 5 : 71 86 90 123 119 129 122 128 139 192 54 41 136 117 10 57 1 9 77 50 171 42 55 2 113 158 76 85 100 21 
Maquina 6 : 79 83 199 176 159 154 48 88 67 89 118 3 125 157 110 114 51 32 186 6 132 121 177 81 188 0 
Maquina 7 : 173 22 105 63 180 198 43 146 147 80 131 134 68 152 39 47 130 53 12 138 195 144 193 27 84 196 165 179 172 8 
