Instance filename: ./instances/RCPMSII/RCPMS_Instance_91_m=6_n=200_t=7
Min temperature: 0.1
Max temperature: 0.5
Melhor Solução: 1045
Temp div: 20
MCL: 500
PTL: 400
Elapsed time was: 303753
Maquina 1 : 62 130 25 1 53 41 128 150 160 159 140 171 126 157 4 61 33 141 112 96 44 46 98 64 182 45 8 57 15 113 66 151 34 
Maquina 2 : 164 48 108 26 142 148 92 195 36 124 143 89 91 178 114 133 80 72 40 2 135 110 59 56 127 75 170 101 149 60 
Maquina 3 : 70 84 85 186 94 73 11 161 116 43 155 194 32 103 63 104 197 38 190 138 154 37 179 106 189 119 183 136 21 144 175 118 54 
Maquina 4 : 177 172 165 20 163 166 55 169 95 86 28 42 97 134 90 18 193 125 158 58 35 173 115 146 83 49 185 12 27 0 13 10 139 174 198 19 81 17 129 
Maquina 5 : 29 5 50 168 152 121 123 3 77 102 145 111 65 78 153 47 180 122 24 109 9 87 167 39 14 67 51 74 176 199 100 82 188 
Maquina 6 : 117 105 99 76 88 69 196 184 31 16 68 30 93 147 6 120 187 191 107 71 22 23 52 79 137 162 7 131 132 181 156 192 
Formato de validacao do resultado: 
0 62 0 130 0 25 0 1 0 53 0 41 0 128 0 150 0 160 0 159 0 140 0 171 0 126 0 157 0 4 0 61 0 33 0 141 0 112 0 96 0 44 0 46 0 98 0 64 0 182 0 45 0 8 0 57 0 15 0 113 0 66 0 151 0 34 
1 164 1 48 1 108 1 26 1 142 1 148 1 92 1 195 1 36 1 124 1 143 1 89 1 91 1 178 1 114 1 133 1 80 1 72 1 40 1 2 1 135 1 110 1 59 1 56 1 127 1 75 1 170 1 101 1 149 1 60 
2 70 2 84 2 85 2 186 2 94 2 73 2 11 2 161 2 116 2 43 2 155 2 194 2 32 2 103 2 63 2 104 2 197 2 38 2 190 2 138 2 154 2 37 2 179 2 106 2 189 2 119 2 183 2 136 2 21 2 144 2 175 2 118 2 54 
3 177 3 172 3 165 3 20 3 163 3 166 3 55 3 169 3 95 3 86 3 28 3 42 3 97 3 134 3 90 3 18 3 193 3 125 3 158 3 58 3 35 3 173 3 115 3 146 3 83 3 49 3 185 3 12 3 27 3 0 3 13 3 10 3 139 3 174 3 198 3 19 3 81 3 17 3 129 
4 29 4 5 4 50 4 168 4 152 4 121 4 123 4 3 4 77 4 102 4 145 4 111 4 65 4 78 4 153 4 47 4 180 4 122 4 24 4 109 4 9 4 87 4 167 4 39 4 14 4 67 4 51 4 74 4 176 4 199 4 100 4 82 4 188 
5 117 5 105 5 99 5 76 5 88 5 69 5 196 5 184 5 31 5 16 5 68 5 30 5 93 5 147 5 6 5 120 5 187 5 191 5 107 5 71 5 22 5 23 5 52 5 79 5 137 5 162 5 7 5 131 5 132 5 181 5 156 5 192 
