Instance filename: ./instances/RCPMSII/RCPMS_Instance_132_m=7_n=200_t=13
Min temperature: 0.1
Max temperature: 0.5
Melhor Solução: 944
Temp div: 20
MCL: 500
PTL: 400
Elapsed time was: 255291
Maquina 1 : 54 111 121 143 155 116 163 100 77 47 24 135 59 53 48 181 22 66 149 38 185 189 21 128 64 180 
Maquina 2 : 118 56 115 89 177 112 71 173 15 122 13 42 67 52 196 167 1 113 194 5 31 98 170 136 154 70 34 29 191 110 6 166 12 
Maquina 3 : 164 85 36 11 141 107 127 51 198 159 92 169 81 58 55 91 0 33 150 25 4 72 37 131 88 171 137 8 26 
Maquina 4 : 103 104 84 153 28 9 76 40 147 16 41 83 139 126 151 199 79 120 82 14 190 57 32 105 148 78 44 
Maquina 5 : 162 86 7 168 65 138 49 146 23 133 19 27 195 142 39 96 117 87 129 62 182 187 102 10 193 101 63 186 197 35 175 
Maquina 6 : 140 50 188 60 2 18 158 99 68 178 73 145 179 93 106 144 90 123 192 134 165 130 97 132 152 124 
Maquina 7 : 172 176 3 161 114 156 80 174 109 17 20 119 125 45 94 74 30 160 184 46 43 157 183 69 61 108 75 95 
Formato de validacao do resultado: 
0 54 0 111 0 121 0 143 0 155 0 116 0 163 0 100 0 77 0 47 0 24 0 135 0 59 0 53 0 48 0 181 0 22 0 66 0 149 0 38 0 185 0 189 0 21 0 128 0 64 0 180 
1 118 1 56 1 115 1 89 1 177 1 112 1 71 1 173 1 15 1 122 1 13 1 42 1 67 1 52 1 196 1 167 1 1 1 113 1 194 1 5 1 31 1 98 1 170 1 136 1 154 1 70 1 34 1 29 1 191 1 110 1 6 1 166 1 12 
2 164 2 85 2 36 2 11 2 141 2 107 2 127 2 51 2 198 2 159 2 92 2 169 2 81 2 58 2 55 2 91 2 0 2 33 2 150 2 25 2 4 2 72 2 37 2 131 2 88 2 171 2 137 2 8 2 26 
3 103 3 104 3 84 3 153 3 28 3 9 3 76 3 40 3 147 3 16 3 41 3 83 3 139 3 126 3 151 3 199 3 79 3 120 3 82 3 14 3 190 3 57 3 32 3 105 3 148 3 78 3 44 
4 162 4 86 4 7 4 168 4 65 4 138 4 49 4 146 4 23 4 133 4 19 4 27 4 195 4 142 4 39 4 96 4 117 4 87 4 129 4 62 4 182 4 187 4 102 4 10 4 193 4 101 4 63 4 186 4 197 4 35 4 175 
5 140 5 50 5 188 5 60 5 2 5 18 5 158 5 99 5 68 5 178 5 73 5 145 5 179 5 93 5 106 5 144 5 90 5 123 5 192 5 134 5 165 5 130 5 97 5 132 5 152 5 124 
6 172 6 176 6 3 6 161 6 114 6 156 6 80 6 174 6 109 6 17 6 20 6 119 6 125 6 45 6 94 6 74 6 30 6 160 6 184 6 46 6 43 6 157 6 183 6 69 6 61 6 108 6 75 6 95 
