Instance filename: ./instances/RCPMSII/RCPMS_Instance_68_m=5_n=100_t=7
Min temperature: 0.1
Max temperature: 0.5
Melhor Solução: 716
Temp div: 20
MCL: 500
PTL: 400
Elapsed time was: 49067
Maquina 1 : 6 30 36 32 37 72 88 22 96 97 50 48 46 42 38 0 3 14 76 
Maquina 2 : 81 17 87 82 89 93 90 5 57 9 79 85 20 52 31 39 43 63 19 47 51 
Maquina 3 : 58 11 67 55 54 25 29 49 23 83 56 68 4 86 2 45 80 94 95 1 
Maquina 4 : 92 27 53 77 61 21 16 66 35 18 98 15 26 33 40 70 24 44 60 65 64 
Maquina 5 : 75 78 12 59 41 73 28 69 13 10 62 91 99 84 74 8 71 34 7 
Formato de validacao do resultado: 
0 6 0 30 0 36 0 32 0 37 0 72 0 88 0 22 0 96 0 97 0 50 0 48 0 46 0 42 0 38 0 0 0 3 0 14 0 76 
1 81 1 17 1 87 1 82 1 89 1 93 1 90 1 5 1 57 1 9 1 79 1 85 1 20 1 52 1 31 1 39 1 43 1 63 1 19 1 47 1 51 
2 58 2 11 2 67 2 55 2 54 2 25 2 29 2 49 2 23 2 83 2 56 2 68 2 4 2 86 2 2 2 45 2 80 2 94 2 95 2 1 
3 92 3 27 3 53 3 77 3 61 3 21 3 16 3 66 3 35 3 18 3 98 3 15 3 26 3 33 3 40 3 70 3 24 3 44 3 60 3 65 3 64 
4 75 4 78 4 12 4 59 4 41 4 73 4 28 4 69 4 13 4 10 4 62 4 91 4 99 4 84 4 74 4 8 4 71 4 34 4 7 
