Instance filename: ./instances/RCPMSII/RCPMS_Instance_82_m=6_n=100_t=11
Min temperature: 0.1
Max temperature: 0.5
Melhor Solução: 562
Temp div: 20
MCL: 500
PTL: 400
Elapsed time was: 63425
Maquina 1 : 19 85 0 73 99 57 13 44 69 59 11 84 66 25 79 7 
Maquina 2 : 95 56 21 16 2 91 31 89 40 33 54 68 83 43 97 26 
Maquina 3 : 36 77 74 75 50 80 37 67 27 63 39 1 45 
Maquina 4 : 46 93 30 18 53 76 70 94 48 15 92 22 24 12 96 41 60 
Maquina 5 : 64 5 90 38 29 23 20 71 78 4 17 82 10 62 61 28 52 
Maquina 6 : 81 98 87 47 88 8 58 14 32 6 55 3 35 72 42 86 34 51 9 65 49 
Formato de validacao do resultado: 
0 19 0 85 0 0 0 73 0 99 0 57 0 13 0 44 0 69 0 59 0 11 0 84 0 66 0 25 0 79 0 7 
1 95 1 56 1 21 1 16 1 2 1 91 1 31 1 89 1 40 1 33 1 54 1 68 1 83 1 43 1 97 1 26 
2 36 2 77 2 74 2 75 2 50 2 80 2 37 2 67 2 27 2 63 2 39 2 1 2 45 
3 46 3 93 3 30 3 18 3 53 3 76 3 70 3 94 3 48 3 15 3 92 3 22 3 24 3 12 3 96 3 41 3 60 
4 64 4 5 4 90 4 38 4 29 4 23 4 20 4 71 4 78 4 4 4 17 4 82 4 10 4 62 4 61 4 28 4 52 
5 81 5 98 5 87 5 47 5 88 5 8 5 58 5 14 5 32 5 6 5 55 5 3 5 35 5 72 5 42 5 86 5 34 5 51 5 9 5 65 5 49 
