Instance filename: ./instances/RCPMSII/RCPMS_Instance_131_m=7_n=200_t=13
Min temperature: 0.1
Max temperature: 0.5
Melhor Solução: 917
Temp div: 20
MCL: 500
PTL: 400
Elapsed time was: 253023
Maquina 1 : 98 188 144 156 121 165 191 175 110 30 184 12 89 95 97 62 113 92 170 174 81 8 99 96 104 43 
Maquina 2 : 155 48 141 100 186 85 37 136 145 73 26 127 119 74 102 134 19 22 161 163 47 57 137 158 183 114 46 
Maquina 3 : 140 129 52 71 128 122 193 147 198 169 133 25 45 32 65 149 83 28 143 150 82 11 135 44 59 
Maquina 4 : 130 109 60 76 66 172 153 194 70 77 16 68 139 51 178 29 152 108 167 67 80 39 35 197 86 6 36 112 185 115 157 14 
Maquina 5 : 21 154 64 103 5 159 179 63 195 131 93 53 125 146 117 0 168 177 138 15 56 106 34 24 142 182 196 61 31 151 176 
Maquina 6 : 69 192 78 40 189 13 72 101 90 7 18 55 118 50 20 148 54 27 105 75 181 166 79 1 116 124 87 
Maquina 7 : 162 33 41 199 132 123 49 23 164 38 111 94 88 84 160 4 180 3 187 173 9 107 42 120 190 91 171 10 58 2 17 126 
Formato de validacao do resultado: 
0 98 0 188 0 144 0 156 0 121 0 165 0 191 0 175 0 110 0 30 0 184 0 12 0 89 0 95 0 97 0 62 0 113 0 92 0 170 0 174 0 81 0 8 0 99 0 96 0 104 0 43 
1 155 1 48 1 141 1 100 1 186 1 85 1 37 1 136 1 145 1 73 1 26 1 127 1 119 1 74 1 102 1 134 1 19 1 22 1 161 1 163 1 47 1 57 1 137 1 158 1 183 1 114 1 46 
2 140 2 129 2 52 2 71 2 128 2 122 2 193 2 147 2 198 2 169 2 133 2 25 2 45 2 32 2 65 2 149 2 83 2 28 2 143 2 150 2 82 2 11 2 135 2 44 2 59 
3 130 3 109 3 60 3 76 3 66 3 172 3 153 3 194 3 70 3 77 3 16 3 68 3 139 3 51 3 178 3 29 3 152 3 108 3 167 3 67 3 80 3 39 3 35 3 197 3 86 3 6 3 36 3 112 3 185 3 115 3 157 3 14 
4 21 4 154 4 64 4 103 4 5 4 159 4 179 4 63 4 195 4 131 4 93 4 53 4 125 4 146 4 117 4 0 4 168 4 177 4 138 4 15 4 56 4 106 4 34 4 24 4 142 4 182 4 196 4 61 4 31 4 151 4 176 
5 69 5 192 5 78 5 40 5 189 5 13 5 72 5 101 5 90 5 7 5 18 5 55 5 118 5 50 5 20 5 148 5 54 5 27 5 105 5 75 5 181 5 166 5 79 5 1 5 116 5 124 5 87 
6 162 6 33 6 41 6 199 6 132 6 123 6 49 6 23 6 164 6 38 6 111 6 94 6 88 6 84 6 160 6 4 6 180 6 3 6 187 6 173 6 9 6 107 6 42 6 120 6 190 6 91 6 171 6 10 6 58 6 2 6 17 6 126 
