Instance filename: ./instances/RCPMSII/RCPMS_Instance_152_m=9_n=200_t=10
Min temperature: 0.1
Max temperature: 0.5
Melhor Solução: 696
Temp div: 20
MCL: 500
PTL: 400
Elapsed time was: 579479
Maquina 1 : 70 39 120 160 157 27 72 28 156 113 132 146 62 149 26 114 
Maquina 2 : 185 96 178 24 192 68 158 99 139 102 195 141 174 49 12 90 187 83 95 86 189 134 18 
Maquina 3 : 56 63 69 54 188 55 179 127 13 108 151 52 58 45 105 75 2 19 148 106 7 129 110 
Maquina 4 : 8 170 15 159 199 42 91 57 173 25 138 166 76 122 93 1 143 67 14 153 104 198 121 41 
Maquina 5 : 38 125 23 88 116 59 64 176 20 175 81 133 163 190 73 124 87 182 137 115 
Maquina 6 : 194 80 197 140 6 36 85 78 196 53 117 186 51 22 152 184 144 136 77 3 94 171 66 147 
Maquina 7 : 37 109 97 21 161 181 33 103 130 31 30 131 126 168 65 135 74 180 164 
Maquina 8 : 191 142 183 193 111 79 48 40 43 34 60 11 100 89 145 169 47 98 172 44 71 46 154 92 4 
Maquina 9 : 5 61 84 32 101 10 50 112 82 128 119 150 165 35 118 17 167 177 9 162 107 0 29 123 16 155 
Formato de validacao do resultado: 
0 70 0 39 0 120 0 160 0 157 0 27 0 72 0 28 0 156 0 113 0 132 0 146 0 62 0 149 0 26 0 114 
1 185 1 96 1 178 1 24 1 192 1 68 1 158 1 99 1 139 1 102 1 195 1 141 1 174 1 49 1 12 1 90 1 187 1 83 1 95 1 86 1 189 1 134 1 18 
2 56 2 63 2 69 2 54 2 188 2 55 2 179 2 127 2 13 2 108 2 151 2 52 2 58 2 45 2 105 2 75 2 2 2 19 2 148 2 106 2 7 2 129 2 110 
3 8 3 170 3 15 3 159 3 199 3 42 3 91 3 57 3 173 3 25 3 138 3 166 3 76 3 122 3 93 3 1 3 143 3 67 3 14 3 153 3 104 3 198 3 121 3 41 
4 38 4 125 4 23 4 88 4 116 4 59 4 64 4 176 4 20 4 175 4 81 4 133 4 163 4 190 4 73 4 124 4 87 4 182 4 137 4 115 
5 194 5 80 5 197 5 140 5 6 5 36 5 85 5 78 5 196 5 53 5 117 5 186 5 51 5 22 5 152 5 184 5 144 5 136 5 77 5 3 5 94 5 171 5 66 5 147 
6 37 6 109 6 97 6 21 6 161 6 181 6 33 6 103 6 130 6 31 6 30 6 131 6 126 6 168 6 65 6 135 6 74 6 180 6 164 
7 191 7 142 7 183 7 193 7 111 7 79 7 48 7 40 7 43 7 34 7 60 7 11 7 100 7 89 7 145 7 169 7 47 7 98 7 172 7 44 7 71 7 46 7 154 7 92 7 4 
8 5 8 61 8 84 8 32 8 101 8 10 8 50 8 112 8 82 8 128 8 119 8 150 8 165 8 35 8 118 8 17 8 167 8 177 8 9 8 162 8 107 8 0 8 29 8 123 8 16 8 155 
