Instance filename: ./instances/RCPMSII/RCPMS_Instance_149_m=8_n=200_t=13
Min temperature: 0.1
Max temperature: 0.5
Melhor Solução: 815
Temp div: 20
MCL: 500
PTL: 400
Elapsed time was: 412386
Maquina 1 : 188 80 116 191 172 73 128 110 37 127 176 115 133 86 145 109 119 140 51 0 179 92 22 19 41 175 
Maquina 2 : 138 98 54 49 161 24 9 36 76 136 88 159 130 163 100 78 177 60 72 96 50 165 64 167 81 189 141 
Maquina 3 : 83 154 45 62 87 193 29 124 137 196 107 65 158 67 104 79 74 108 184 95 91 102 
Maquina 4 : 183 35 68 33 168 57 28 142 164 121 18 135 43 151 117 120 30 26 44 106 170 31 56 17 157 61 111 118 
Maquina 5 : 75 69 94 38 23 180 14 156 48 123 187 181 15 113 166 71 125 1 6 5 58 93 40 169 103 149 
Maquina 6 : 129 63 162 89 150 42 152 66 173 146 13 12 192 134 195 160 39 3 194 199 97 174 20 190 
Maquina 7 : 53 198 101 4 16 77 182 112 155 126 46 143 85 27 84 10 34 131 197 153 148 
Maquina 8 : 132 52 82 90 7 8 59 105 32 2 99 114 144 25 47 21 139 178 55 70 11 147 122 171 186 185 
Formato de validacao do resultado: 
0 188 0 80 0 116 0 191 0 172 0 73 0 128 0 110 0 37 0 127 0 176 0 115 0 133 0 86 0 145 0 109 0 119 0 140 0 51 0 0 0 179 0 92 0 22 0 19 0 41 0 175 
1 138 1 98 1 54 1 49 1 161 1 24 1 9 1 36 1 76 1 136 1 88 1 159 1 130 1 163 1 100 1 78 1 177 1 60 1 72 1 96 1 50 1 165 1 64 1 167 1 81 1 189 1 141 
2 83 2 154 2 45 2 62 2 87 2 193 2 29 2 124 2 137 2 196 2 107 2 65 2 158 2 67 2 104 2 79 2 74 2 108 2 184 2 95 2 91 2 102 
3 183 3 35 3 68 3 33 3 168 3 57 3 28 3 142 3 164 3 121 3 18 3 135 3 43 3 151 3 117 3 120 3 30 3 26 3 44 3 106 3 170 3 31 3 56 3 17 3 157 3 61 3 111 3 118 
4 75 4 69 4 94 4 38 4 23 4 180 4 14 4 156 4 48 4 123 4 187 4 181 4 15 4 113 4 166 4 71 4 125 4 1 4 6 4 5 4 58 4 93 4 40 4 169 4 103 4 149 
5 129 5 63 5 162 5 89 5 150 5 42 5 152 5 66 5 173 5 146 5 13 5 12 5 192 5 134 5 195 5 160 5 39 5 3 5 194 5 199 5 97 5 174 5 20 5 190 
6 53 6 198 6 101 6 4 6 16 6 77 6 182 6 112 6 155 6 126 6 46 6 143 6 85 6 27 6 84 6 10 6 34 6 131 6 197 6 153 6 148 
7 132 7 52 7 82 7 90 7 7 7 8 7 59 7 105 7 32 7 2 7 99 7 114 7 144 7 25 7 47 7 21 7 139 7 178 7 55 7 70 7 11 7 147 7 122 7 171 7 186 7 185 
