Instance filename: ./instances/RCPMSII/RCPMS_Instance_98_m=6_n=200_t=11
Min temperature: 0.1
Max temperature: 0.5
Melhor Solução: 1029
Temp div: 20
MCL: 500
PTL: 400
Elapsed time was: 92936
Maquina 1 : 84 47 158 172 28 182 142 23 130 196 3 86 89 160 70 114 73 9 40 18 59 38 90 71 4 14 60 24 193 36 140 197 121 
Maquina 2 : 105 138 102 72 174 179 149 80 189 159 165 33 113 20 99 183 69 199 156 167 131 150 143 46 75 175 43 134 169 81 168 181 
Maquina 3 : 25 129 58 56 147 107 144 120 106 109 12 98 122 104 123 91 133 82 110 173 27 190 135 61 85 68 97 157 164 95 88 171 100 8 
Maquina 4 : 145 11 64 17 124 132 177 188 76 66 154 16 35 74 79 153 96 176 92 162 53 63 161 51 2 26 7 29 151 50 148 170 39 32 111 
Maquina 5 : 67 163 125 52 116 93 78 54 108 195 31 42 65 6 119 194 49 34 83 185 30 136 178 191 141 55 48 146 198 101 127 115 10 94 
Maquina 6 : 128 118 186 0 5 21 57 87 22 139 15 180 166 19 155 62 44 126 103 184 192 152 187 45 13 137 117 37 1 112 41 77 
Formato de validacao do resultado: 
0 84 0 47 0 158 0 172 0 28 0 182 0 142 0 23 0 130 0 196 0 3 0 86 0 89 0 160 0 70 0 114 0 73 0 9 0 40 0 18 0 59 0 38 0 90 0 71 0 4 0 14 0 60 0 24 0 193 0 36 0 140 0 197 0 121 
1 105 1 138 1 102 1 72 1 174 1 179 1 149 1 80 1 189 1 159 1 165 1 33 1 113 1 20 1 99 1 183 1 69 1 199 1 156 1 167 1 131 1 150 1 143 1 46 1 75 1 175 1 43 1 134 1 169 1 81 1 168 1 181 
2 25 2 129 2 58 2 56 2 147 2 107 2 144 2 120 2 106 2 109 2 12 2 98 2 122 2 104 2 123 2 91 2 133 2 82 2 110 2 173 2 27 2 190 2 135 2 61 2 85 2 68 2 97 2 157 2 164 2 95 2 88 2 171 2 100 2 8 
3 145 3 11 3 64 3 17 3 124 3 132 3 177 3 188 3 76 3 66 3 154 3 16 3 35 3 74 3 79 3 153 3 96 3 176 3 92 3 162 3 53 3 63 3 161 3 51 3 2 3 26 3 7 3 29 3 151 3 50 3 148 3 170 3 39 3 32 3 111 
4 67 4 163 4 125 4 52 4 116 4 93 4 78 4 54 4 108 4 195 4 31 4 42 4 65 4 6 4 119 4 194 4 49 4 34 4 83 4 185 4 30 4 136 4 178 4 191 4 141 4 55 4 48 4 146 4 198 4 101 4 127 4 115 4 10 4 94 
5 128 5 118 5 186 5 0 5 5 5 21 5 57 5 87 5 22 5 139 5 15 5 180 5 166 5 19 5 155 5 62 5 44 5 126 5 103 5 184 5 192 5 152 5 187 5 45 5 13 5 137 5 117 5 37 5 1 5 112 5 41 5 77 
