Instance filename: ./instances/RCPMSII/RCPMS_Instance_121_m=7_n=200_t=8
Min temperature: 0.1
Max temperature: 0.5
Melhor Solução: 935
Temp div: 20
MCL: 500
PTL: 400
Elapsed time was: 324400
Maquina 1 : 153 166 50 32 173 40 198 114 95 164 127 28 39 120 83 2 174 29 176 27 106 35 99 190 163 111 51 97 156 62 0 
Maquina 2 : 89 45 24 113 150 67 93 171 31 143 79 167 193 33 12 158 116 86 162 184 180 69 19 20 30 23 52 6 55 100 109 
Maquina 3 : 182 181 60 61 149 145 21 132 5 36 165 38 78 130 183 118 151 47 108 129 135 88 44 125 65 87 
Maquina 4 : 3 59 188 91 105 13 139 137 26 142 161 178 16 90 196 123 101 117 73 70 7 18 170 43 141 157 155 154 68 186 
Maquina 5 : 115 75 102 107 81 191 187 169 58 4 64 76 17 179 126 94 42 131 177 98 189 37 159 63 192 49 53 140 85 11 104 136 
Maquina 6 : 22 121 72 14 144 152 160 147 194 195 197 124 82 138 1 74 84 122 48 168 9 110 148 46 15 
Maquina 7 : 56 71 92 8 119 54 41 10 66 172 96 133 134 185 80 34 175 128 146 25 77 103 57 112 199 
Formato de validacao do resultado: 
0 153 0 166 0 50 0 32 0 173 0 40 0 198 0 114 0 95 0 164 0 127 0 28 0 39 0 120 0 83 0 2 0 174 0 29 0 176 0 27 0 106 0 35 0 99 0 190 0 163 0 111 0 51 0 97 0 156 0 62 0 0 
1 89 1 45 1 24 1 113 1 150 1 67 1 93 1 171 1 31 1 143 1 79 1 167 1 193 1 33 1 12 1 158 1 116 1 86 1 162 1 184 1 180 1 69 1 19 1 20 1 30 1 23 1 52 1 6 1 55 1 100 1 109 
2 182 2 181 2 60 2 61 2 149 2 145 2 21 2 132 2 5 2 36 2 165 2 38 2 78 2 130 2 183 2 118 2 151 2 47 2 108 2 129 2 135 2 88 2 44 2 125 2 65 2 87 
3 3 3 59 3 188 3 91 3 105 3 13 3 139 3 137 3 26 3 142 3 161 3 178 3 16 3 90 3 196 3 123 3 101 3 117 3 73 3 70 3 7 3 18 3 170 3 43 3 141 3 157 3 155 3 154 3 68 3 186 
4 115 4 75 4 102 4 107 4 81 4 191 4 187 4 169 4 58 4 4 4 64 4 76 4 17 4 179 4 126 4 94 4 42 4 131 4 177 4 98 4 189 4 37 4 159 4 63 4 192 4 49 4 53 4 140 4 85 4 11 4 104 4 136 
5 22 5 121 5 72 5 14 5 144 5 152 5 160 5 147 5 194 5 195 5 197 5 124 5 82 5 138 5 1 5 74 5 84 5 122 5 48 5 168 5 9 5 110 5 148 5 46 5 15 
6 56 6 71 6 92 6 8 6 119 6 54 6 41 6 10 6 66 6 172 6 96 6 133 6 134 6 185 6 80 6 34 6 175 6 128 6 146 6 25 6 77 6 103 6 57 6 112 6 199 
