Instance filename: ./instances/RCPMSII/RCPMS_Instance_156_m=9_n=200_t=11
Min temperature: 0.1
Max temperature: 0.5
Melhor Solução: 766
Temp div: 20
MCL: 500
PTL: 400
Elapsed time was: 550314
Maquina 1 : 10 4 26 24 41 114 181 80 110 66 128 59 90 142 36 56 169 122 118 132 179 
Maquina 2 : 116 53 149 34 140 105 14 82 197 98 141 83 148 47 102 127 164 160 163 89 86 50 
Maquina 3 : 156 187 185 159 109 166 46 136 51 75 101 76 69 153 87 183 68 7 103 20 42 63 123 
Maquina 4 : 198 186 15 12 130 173 88 180 121 93 133 111 171 147 61 16 60 3 134 155 0 30 106 176 
Maquina 5 : 91 194 81 161 113 95 5 112 150 162 146 94 55 25 70 168 137 192 71 189 124 
Maquina 6 : 38 57 158 131 22 199 157 49 33 172 97 43 37 65 73 195 144 99 77 115 62 29 
Maquina 7 : 139 85 152 9 126 79 170 178 39 31 167 48 193 184 100 2 175 188 27 
Maquina 8 : 19 84 6 18 151 52 78 54 13 1 28 165 119 72 92 120 182 154 17 58 117 174 
Maquina 9 : 190 104 107 143 96 135 45 177 32 138 67 8 35 44 108 40 129 21 11 125 23 196 145 64 74 191 
Formato de validacao do resultado: 
0 10 0 4 0 26 0 24 0 41 0 114 0 181 0 80 0 110 0 66 0 128 0 59 0 90 0 142 0 36 0 56 0 169 0 122 0 118 0 132 0 179 
1 116 1 53 1 149 1 34 1 140 1 105 1 14 1 82 1 197 1 98 1 141 1 83 1 148 1 47 1 102 1 127 1 164 1 160 1 163 1 89 1 86 1 50 
2 156 2 187 2 185 2 159 2 109 2 166 2 46 2 136 2 51 2 75 2 101 2 76 2 69 2 153 2 87 2 183 2 68 2 7 2 103 2 20 2 42 2 63 2 123 
3 198 3 186 3 15 3 12 3 130 3 173 3 88 3 180 3 121 3 93 3 133 3 111 3 171 3 147 3 61 3 16 3 60 3 3 3 134 3 155 3 0 3 30 3 106 3 176 
4 91 4 194 4 81 4 161 4 113 4 95 4 5 4 112 4 150 4 162 4 146 4 94 4 55 4 25 4 70 4 168 4 137 4 192 4 71 4 189 4 124 
5 38 5 57 5 158 5 131 5 22 5 199 5 157 5 49 5 33 5 172 5 97 5 43 5 37 5 65 5 73 5 195 5 144 5 99 5 77 5 115 5 62 5 29 
6 139 6 85 6 152 6 9 6 126 6 79 6 170 6 178 6 39 6 31 6 167 6 48 6 193 6 184 6 100 6 2 6 175 6 188 6 27 
7 19 7 84 7 6 7 18 7 151 7 52 7 78 7 54 7 13 7 1 7 28 7 165 7 119 7 72 7 92 7 120 7 182 7 154 7 17 7 58 7 117 7 174 
8 190 8 104 8 107 8 143 8 96 8 135 8 45 8 177 8 32 8 138 8 67 8 8 8 35 8 44 8 108 8 40 8 129 8 21 8 11 8 125 8 23 8 196 8 145 8 64 8 74 8 191 
