Instance filename: ./instances/RCPMSII/RCPMS_Instance_42_m=4_n=100_t=11
Min temperature: 0.1
Max temperature: 0.5
Melhor Solução: 839
Temp div: 20
MCL: 500
PTL: 400
Elapsed time was: 27145
Maquina 1 : 31 61 40 58 80 49 38 69 57 96 65 44 91 56 16 86 1 30 13 77 3 75 4 32 
Maquina 2 : 67 8 41 78 33 99 43 42 39 71 10 35 9 29 5 50 53 27 46 18 85 74 60 97 
Maquina 3 : 28 79 23 6 14 21 52 70 84 92 25 76 55 47 15 94 82 2 24 93 19 87 89 62 51 12 64 
Maquina 4 : 22 81 72 7 34 37 48 68 95 66 0 45 11 59 17 26 90 73 63 98 54 83 36 88 20 
Formato de validacao do resultado: 
0 31 0 61 0 40 0 58 0 80 0 49 0 38 0 69 0 57 0 96 0 65 0 44 0 91 0 56 0 16 0 86 0 1 0 30 0 13 0 77 0 3 0 75 0 4 0 32 
1 67 1 8 1 41 1 78 1 33 1 99 1 43 1 42 1 39 1 71 1 10 1 35 1 9 1 29 1 5 1 50 1 53 1 27 1 46 1 18 1 85 1 74 1 60 1 97 
2 28 2 79 2 23 2 6 2 14 2 21 2 52 2 70 2 84 2 92 2 25 2 76 2 55 2 47 2 15 2 94 2 82 2 2 2 24 2 93 2 19 2 87 2 89 2 62 2 51 2 12 2 64 
3 22 3 81 3 72 3 7 3 34 3 37 3 48 3 68 3 95 3 66 3 0 3 45 3 11 3 59 3 17 3 26 3 90 3 73 3 63 3 98 3 54 3 83 3 36 3 88 3 20 
