Instance filename: ./instances/RCPMSII/RCPMS_Instance_116_m=7_n=100_t=13
Min temperature: 0.1
Max temperature: 0.5
Melhor Solução: 475
Temp div: 20
MCL: 500
PTL: 400
Elapsed time was: 59389
Maquina 1 : 91 39 62 88 16 69 4 93 33 87 60 9 
Maquina 2 : 20 90 47 71 66 70 82 45 15 3 19 89 86 65 55 
Maquina 3 : 98 78 29 27 28 0 17 37 25 92 7 26 23 18 52 
Maquina 4 : 74 34 61 58 96 72 36 35 43 48 50 12 77 
Maquina 5 : 56 2 13 51 97 53 67 68 64 79 73 44 41 6 5 38 42 
Maquina 6 : 31 94 95 21 99 75 24 40 83 46 22 81 11 14 
Maquina 7 : 84 8 1 30 32 59 49 10 80 63 54 76 85 57 
Formato de validacao do resultado: 
0 91 0 39 0 62 0 88 0 16 0 69 0 4 0 93 0 33 0 87 0 60 0 9 
1 20 1 90 1 47 1 71 1 66 1 70 1 82 1 45 1 15 1 3 1 19 1 89 1 86 1 65 1 55 
2 98 2 78 2 29 2 27 2 28 2 0 2 17 2 37 2 25 2 92 2 7 2 26 2 23 2 18 2 52 
3 74 3 34 3 61 3 58 3 96 3 72 3 36 3 35 3 43 3 48 3 50 3 12 3 77 
4 56 4 2 4 13 4 51 4 97 4 53 4 67 4 68 4 64 4 79 4 73 4 44 4 41 4 6 4 5 4 38 4 42 
5 31 5 94 5 95 5 21 5 99 5 75 5 24 5 40 5 83 5 46 5 22 5 81 5 11 5 14 
6 84 6 8 6 1 6 30 6 32 6 59 6 49 6 10 6 80 6 63 6 54 6 76 6 85 6 57 
