Instance filename: ./instances/RCPMSII/RCPMS_Instance_38_m=4_n=100_t=7
Min temperature: 0.1
Max temperature: 0.5
Melhor Solução: 794
Temp div: 20
MCL: 500
PTL: 400
Elapsed time was: 27986
Maquina 1 : 57 15 96 9 51 20 6 92 85 98 44 53 25 59 39 2 8 32 69 34 66 54 41 78 
Maquina 2 : 35 86 73 62 49 48 28 37 89 1 18 61 7 38 68 5 56 29 31 12 45 23 47 99 30 94 24 
Maquina 3 : 72 67 33 11 60 93 58 0 95 55 83 13 3 79 21 76 97 65 26 74 64 80 27 14 
Maquina 4 : 88 4 90 46 91 40 50 82 10 77 70 42 87 17 52 71 43 16 84 81 22 19 63 75 36 
Formato de validacao do resultado: 
0 57 0 15 0 96 0 9 0 51 0 20 0 6 0 92 0 85 0 98 0 44 0 53 0 25 0 59 0 39 0 2 0 8 0 32 0 69 0 34 0 66 0 54 0 41 0 78 
1 35 1 86 1 73 1 62 1 49 1 48 1 28 1 37 1 89 1 1 1 18 1 61 1 7 1 38 1 68 1 5 1 56 1 29 1 31 1 12 1 45 1 23 1 47 1 99 1 30 1 94 1 24 
2 72 2 67 2 33 2 11 2 60 2 93 2 58 2 0 2 95 2 55 2 83 2 13 2 3 2 79 2 21 2 76 2 97 2 65 2 26 2 74 2 64 2 80 2 27 2 14 
3 88 3 4 3 90 3 46 3 91 3 40 3 50 3 82 3 10 3 77 3 70 3 42 3 87 3 17 3 52 3 71 3 43 3 16 3 84 3 81 3 22 3 19 3 63 3 75 3 36 
