Instance filename: ./instances/RCPMSII/RCPMS_Instance_43_m=4_n=100_t=11
Min temperature: 0.1
Max temperature: 0.5
Melhor Solução: 872
Temp div: 20
MCL: 500
PTL: 400
Elapsed time was: 24149
Maquina 1 : 43 56 52 85 84 96 38 19 12 31 57 60 63 82 66 93 13 65 7 88 3 21 61 67 92 
Maquina 2 : 30 25 95 64 51 47 44 26 4 1 78 48 80 72 73 40 94 39 15 53 91 45 23 79 11 37 
Maquina 3 : 69 14 97 16 99 33 76 77 83 24 50 59 58 8 90 81 71 75 2 98 54 42 32 6 35 
Maquina 4 : 10 86 68 17 74 27 34 5 18 36 49 20 46 70 28 29 87 0 55 41 9 22 89 62 
Formato de validacao do resultado: 
0 43 0 56 0 52 0 85 0 84 0 96 0 38 0 19 0 12 0 31 0 57 0 60 0 63 0 82 0 66 0 93 0 13 0 65 0 7 0 88 0 3 0 21 0 61 0 67 0 92 
1 30 1 25 1 95 1 64 1 51 1 47 1 44 1 26 1 4 1 1 1 78 1 48 1 80 1 72 1 73 1 40 1 94 1 39 1 15 1 53 1 91 1 45 1 23 1 79 1 11 1 37 
2 69 2 14 2 97 2 16 2 99 2 33 2 76 2 77 2 83 2 24 2 50 2 59 2 58 2 8 2 90 2 81 2 71 2 75 2 2 2 98 2 54 2 42 2 32 2 6 2 35 
3 10 3 86 3 68 3 17 3 74 3 27 3 34 3 5 3 18 3 36 3 49 3 20 3 46 3 70 3 28 3 29 3 87 3 0 3 55 3 41 3 9 3 22 3 89 3 62 
