Instance filename: ./instances/RCPMSII/RCPMS_Instance_44_m=4_n=100_t=11
Min temperature: 0.1
Max temperature: 0.5
Melhor Solução: 852
Temp div: 20
MCL: 500
PTL: 400
Elapsed time was: 24119
Maquina 1 : 17 92 67 1 57 5 49 68 60 2 14 81 36 73 79 98 96 8 99 95 34 50 11 43 74 23 4 65 
Maquina 2 : 12 55 59 41 64 25 37 90 94 72 33 97 30 31 56 48 22 88 75 93 53 3 19 69 77 
Maquina 3 : 51 44 21 46 9 70 0 38 58 89 13 86 27 62 16 15 32 82 63 84 85 29 35 71 76 18 
Maquina 4 : 54 10 40 87 26 7 83 24 47 28 6 42 91 39 78 52 45 20 66 80 61 
Formato de validacao do resultado: 
0 17 0 92 0 67 0 1 0 57 0 5 0 49 0 68 0 60 0 2 0 14 0 81 0 36 0 73 0 79 0 98 0 96 0 8 0 99 0 95 0 34 0 50 0 11 0 43 0 74 0 23 0 4 0 65 
1 12 1 55 1 59 1 41 1 64 1 25 1 37 1 90 1 94 1 72 1 33 1 97 1 30 1 31 1 56 1 48 1 22 1 88 1 75 1 93 1 53 1 3 1 19 1 69 1 77 
2 51 2 44 2 21 2 46 2 9 2 70 2 0 2 38 2 58 2 89 2 13 2 86 2 27 2 62 2 16 2 15 2 32 2 82 2 63 2 84 2 85 2 29 2 35 2 71 2 76 2 18 
3 54 3 10 3 40 3 87 3 26 3 7 3 83 3 24 3 47 3 28 3 6 3 42 3 91 3 39 3 78 3 52 3 45 3 20 3 66 3 80 3 61 
