Instance filename: ./instances/RCPMSII/RCPMS_Instance_173_m=10_n=200_t=13
Min temperature: 0.1
Max temperature: 0.5
Melhor Solução: 751
Temp div: 20
MCL: 500
PTL: 400
Elapsed time was: 801928
Maquina 1 : 159 108 24 44 164 48 57 4 59 100 62 99 143 146 136 174 110 2 22 190 90 
Maquina 2 : 125 26 60 154 115 107 70 8 160 133 170 120 167 114 109 88 162 65 36 182 166 10 
Maquina 3 : 85 142 116 21 111 12 196 186 73 157 50 29 41 54 34 19 23 
Maquina 4 : 32 117 119 76 141 145 15 69 6 64 33 9 75 91 92 95 197 66 
Maquina 5 : 11 77 81 43 180 134 113 130 155 101 93 16 46 172 150 
Maquina 6 : 83 153 40 178 152 171 20 138 169 53 35 183 86 51 89 27 5 195 129 191 37 139 55 158 58 194 
Maquina 7 : 87 135 56 97 17 38 94 25 188 165 192 177 79 198 96 45 72 
Maquina 8 : 127 47 147 151 121 98 137 105 52 132 67 103 140 0 104 144 175 163 42 1 184 74 
Maquina 9 : 128 126 179 123 61 187 193 78 161 168 84 122 124 14 28 68 39 102 118 49 
Maquina 10 : 18 13 149 30 112 148 131 106 82 7 189 156 181 80 31 3 71 185 63 173 199 176 
Formato de validacao do resultado: 
0 159 0 108 0 24 0 44 0 164 0 48 0 57 0 4 0 59 0 100 0 62 0 99 0 143 0 146 0 136 0 174 0 110 0 2 0 22 0 190 0 90 
1 125 1 26 1 60 1 154 1 115 1 107 1 70 1 8 1 160 1 133 1 170 1 120 1 167 1 114 1 109 1 88 1 162 1 65 1 36 1 182 1 166 1 10 
2 85 2 142 2 116 2 21 2 111 2 12 2 196 2 186 2 73 2 157 2 50 2 29 2 41 2 54 2 34 2 19 2 23 
3 32 3 117 3 119 3 76 3 141 3 145 3 15 3 69 3 6 3 64 3 33 3 9 3 75 3 91 3 92 3 95 3 197 3 66 
4 11 4 77 4 81 4 43 4 180 4 134 4 113 4 130 4 155 4 101 4 93 4 16 4 46 4 172 4 150 
5 83 5 153 5 40 5 178 5 152 5 171 5 20 5 138 5 169 5 53 5 35 5 183 5 86 5 51 5 89 5 27 5 5 5 195 5 129 5 191 5 37 5 139 5 55 5 158 5 58 5 194 
6 87 6 135 6 56 6 97 6 17 6 38 6 94 6 25 6 188 6 165 6 192 6 177 6 79 6 198 6 96 6 45 6 72 
7 127 7 47 7 147 7 151 7 121 7 98 7 137 7 105 7 52 7 132 7 67 7 103 7 140 7 0 7 104 7 144 7 175 7 163 7 42 7 1 7 184 7 74 
8 128 8 126 8 179 8 123 8 61 8 187 8 193 8 78 8 161 8 168 8 84 8 122 8 124 8 14 8 28 8 68 8 39 8 102 8 118 8 49 
9 18 9 13 9 149 9 30 9 112 9 148 9 131 9 106 9 82 9 7 9 189 9 156 9 181 9 80 9 31 9 3 9 71 9 185 9 63 9 173 9 199 9 176 
