Instance filename: ./instances/RCPMSII/RCPMS_Instance_70_m=5_n=100_t=7
Min temperature: 0.1
Max temperature: 0.5
Melhor Solução: 615
Temp div: 20
MCL: 500
PTL: 400
Elapsed time was: 57637
Maquina 1 : 5 93 26 8 45 48 21 72 9 7 68 65 91 51 10 53 49 71 83 62 
Maquina 2 : 17 57 44 84 41 59 58 46 4 29 32 73 47 27 69 55 24 77 70 97 54 75 90 6 13 99 25 
Maquina 3 : 92 95 37 96 36 31 2 88 79 89 1 20 80 40 0 64 35 
Maquina 4 : 86 3 94 67 39 85 38 74 30 60 42 18 78 11 56 81 23 22 50 63 
Maquina 5 : 34 12 61 82 16 98 28 43 87 66 14 15 33 19 76 52 
Formato de validacao do resultado: 
0 5 0 93 0 26 0 8 0 45 0 48 0 21 0 72 0 9 0 7 0 68 0 65 0 91 0 51 0 10 0 53 0 49 0 71 0 83 0 62 
1 17 1 57 1 44 1 84 1 41 1 59 1 58 1 46 1 4 1 29 1 32 1 73 1 47 1 27 1 69 1 55 1 24 1 77 1 70 1 97 1 54 1 75 1 90 1 6 1 13 1 99 1 25 
2 92 2 95 2 37 2 96 2 36 2 31 2 2 2 88 2 79 2 89 2 1 2 20 2 80 2 40 2 0 2 64 2 35 
3 86 3 3 3 94 3 67 3 39 3 85 3 38 3 74 3 30 3 60 3 42 3 18 3 78 3 11 3 56 3 81 3 23 3 22 3 50 3 63 
4 34 4 12 4 61 4 82 4 16 4 98 4 28 4 43 4 87 4 66 4 14 4 15 4 33 4 19 4 76 4 52 
