Instance filename: ./instances/RCPMSII/RCPMS_Instance_125_m=7_n=200_t=8
Min temperature: 0.1
Max temperature: 0.5
Melhor Solução: 994
Temp div: 20
MCL: 500
PTL: 400
Elapsed time was: 226459
Maquina 1 : 62 117 17 69 41 195 175 133 2 78 103 106 84 177 122 172 29 53 24 57 100 141 88 22 191 158 49 149 45 
Maquina 2 : 190 98 111 179 156 108 85 75 33 27 113 199 148 10 76 173 3 124 154 38 186 23 16 14 32 
Maquina 3 : 71 51 110 74 198 96 68 99 159 193 101 151 67 36 161 18 9 79 155 167 50 104 152 15 21 54 91 61 87 168 77 126 13 80 
Maquina 4 : 47 192 42 58 196 7 160 39 132 145 123 56 11 187 8 1 163 102 70 142 153 176 65 
Maquina 5 : 20 81 135 182 43 55 174 138 0 12 139 127 95 26 82 129 112 97 178 63 116 165 66 35 118 131 125 92 5 120 37 
Maquina 6 : 121 59 28 4 19 147 40 115 166 94 197 143 136 164 183 162 170 128 86 73 180 52 31 109 114 189 171 181 89 134 
Maquina 7 : 90 60 25 185 140 64 157 130 46 169 144 146 188 105 72 30 48 194 93 150 34 44 184 6 119 107 83 137 
Formato de validacao do resultado: 
0 62 0 117 0 17 0 69 0 41 0 195 0 175 0 133 0 2 0 78 0 103 0 106 0 84 0 177 0 122 0 172 0 29 0 53 0 24 0 57 0 100 0 141 0 88 0 22 0 191 0 158 0 49 0 149 0 45 
1 190 1 98 1 111 1 179 1 156 1 108 1 85 1 75 1 33 1 27 1 113 1 199 1 148 1 10 1 76 1 173 1 3 1 124 1 154 1 38 1 186 1 23 1 16 1 14 1 32 
2 71 2 51 2 110 2 74 2 198 2 96 2 68 2 99 2 159 2 193 2 101 2 151 2 67 2 36 2 161 2 18 2 9 2 79 2 155 2 167 2 50 2 104 2 152 2 15 2 21 2 54 2 91 2 61 2 87 2 168 2 77 2 126 2 13 2 80 
3 47 3 192 3 42 3 58 3 196 3 7 3 160 3 39 3 132 3 145 3 123 3 56 3 11 3 187 3 8 3 1 3 163 3 102 3 70 3 142 3 153 3 176 3 65 
4 20 4 81 4 135 4 182 4 43 4 55 4 174 4 138 4 0 4 12 4 139 4 127 4 95 4 26 4 82 4 129 4 112 4 97 4 178 4 63 4 116 4 165 4 66 4 35 4 118 4 131 4 125 4 92 4 5 4 120 4 37 
5 121 5 59 5 28 5 4 5 19 5 147 5 40 5 115 5 166 5 94 5 197 5 143 5 136 5 164 5 183 5 162 5 170 5 128 5 86 5 73 5 180 5 52 5 31 5 109 5 114 5 189 5 171 5 181 5 89 5 134 
6 90 6 60 6 25 6 185 6 140 6 64 6 157 6 130 6 46 6 169 6 144 6 146 6 188 6 105 6 72 6 30 6 48 6 194 6 93 6 150 6 34 6 44 6 184 6 6 6 119 6 107 6 83 6 137 
