Instance filename: ./instances/RCPMSII/RCPMS_Instance_140_m=8_n=200_t=9
Min temperature: 0.1
Max temperature: 0.5
Melhor Solução: 809
Temp div: 20
MCL: 500
PTL: 400
Elapsed time was: 446791
Maquina 1 : 10 17 70 51 62 196 177 176 167 26 41 19 64 44 155 146 144 137 135 128 125 124 107 104 95 
Maquina 2 : 1 113 40 38 192 184 164 162 109 63 7 71 77 88 94 101 42 43 61 45 13 25 33 37 117 136 150 106 
Maquina 3 : 34 29 15 189 3 74 97 89 100 116 11 27 23 118 160 158 152 140 132 163 170 16 188 
Maquina 4 : 0 2 54 46 99 98 96 133 131 120 119 75 112 183 126 178 59 72 165 50 47 
Maquina 5 : 190 28 122 115 102 87 85 73 127 123 57 66 67 129 8 9 21 186 182 181 174 169 142 5 195 199 
Maquina 6 : 20 60 30 153 161 168 193 180 175 185 24 149 143 171 191 197 156 154 130 121 111 105 84 83 58 166 
Maquina 7 : 12 35 22 114 93 79 147 56 53 65 148 68 157 172 187 198 18 36 48 49 78 141 134 4 6 14 110 103 82 91 
Maquina 8 : 55 31 52 32 194 179 173 159 151 145 139 39 69 76 80 81 86 90 92 108 138 
Formato de validacao do resultado: 
0 10 0 17 0 70 0 51 0 62 0 196 0 177 0 176 0 167 0 26 0 41 0 19 0 64 0 44 0 155 0 146 0 144 0 137 0 135 0 128 0 125 0 124 0 107 0 104 0 95 
1 1 1 113 1 40 1 38 1 192 1 184 1 164 1 162 1 109 1 63 1 7 1 71 1 77 1 88 1 94 1 101 1 42 1 43 1 61 1 45 1 13 1 25 1 33 1 37 1 117 1 136 1 150 1 106 
2 34 2 29 2 15 2 189 2 3 2 74 2 97 2 89 2 100 2 116 2 11 2 27 2 23 2 118 2 160 2 158 2 152 2 140 2 132 2 163 2 170 2 16 2 188 
3 0 3 2 3 54 3 46 3 99 3 98 3 96 3 133 3 131 3 120 3 119 3 75 3 112 3 183 3 126 3 178 3 59 3 72 3 165 3 50 3 47 
4 190 4 28 4 122 4 115 4 102 4 87 4 85 4 73 4 127 4 123 4 57 4 66 4 67 4 129 4 8 4 9 4 21 4 186 4 182 4 181 4 174 4 169 4 142 4 5 4 195 4 199 
5 20 5 60 5 30 5 153 5 161 5 168 5 193 5 180 5 175 5 185 5 24 5 149 5 143 5 171 5 191 5 197 5 156 5 154 5 130 5 121 5 111 5 105 5 84 5 83 5 58 5 166 
6 12 6 35 6 22 6 114 6 93 6 79 6 147 6 56 6 53 6 65 6 148 6 68 6 157 6 172 6 187 6 198 6 18 6 36 6 48 6 49 6 78 6 141 6 134 6 4 6 6 6 14 6 110 6 103 6 82 6 91 
7 55 7 31 7 52 7 32 7 194 7 179 7 173 7 159 7 151 7 145 7 139 7 39 7 69 7 76 7 80 7 81 7 86 7 90 7 92 7 108 7 138 
