Instance filename: ./instances/RCPMSII/RCPMS_Instance_120_m=7_n=100_t=13
Min temperature: 0.1
Max temperature: 0.5
Melhor Solução: 520
Temp div: 20
MCL: 500
PTL: 400
Elapsed time was: 73250
Maquina 1 : 73 5 17 32 16 57 36 29 9 55 31 72 97 
Maquina 2 : 67 21 76 38 26 75 74 71 59 56 4 65 79 54 
Maquina 3 : 11 28 0 18 22 10 87 90 27 68 91 23 12 
Maquina 4 : 44 43 41 19 81 93 49 89 84 96 64 6 88 1 92 
Maquina 5 : 37 46 2 14 80 30 7 94 69 24 83 99 
Maquina 6 : 13 8 47 62 66 35 53 25 40 34 98 86 95 3 85 61 50 
Maquina 7 : 77 15 20 48 63 52 60 78 82 45 70 58 39 33 42 51 
Formato de validacao do resultado: 
0 73 0 5 0 17 0 32 0 16 0 57 0 36 0 29 0 9 0 55 0 31 0 72 0 97 
1 67 1 21 1 76 1 38 1 26 1 75 1 74 1 71 1 59 1 56 1 4 1 65 1 79 1 54 
2 11 2 28 2 0 2 18 2 22 2 10 2 87 2 90 2 27 2 68 2 91 2 23 2 12 
3 44 3 43 3 41 3 19 3 81 3 93 3 49 3 89 3 84 3 96 3 64 3 6 3 88 3 1 3 92 
4 37 4 46 4 2 4 14 4 80 4 30 4 7 4 94 4 69 4 24 4 83 4 99 
5 13 5 8 5 47 5 62 5 66 5 35 5 53 5 25 5 40 5 34 5 98 5 86 5 95 5 3 5 85 5 61 5 50 
6 77 6 15 6 20 6 48 6 63 6 52 6 60 6 78 6 82 6 45 6 70 6 58 6 39 6 33 6 42 6 51 
