Instance filename: ./instances/RCPMSII/RCPMS_Instance_136_m=8_n=200_t=9
Min temperature: 0.1
Max temperature: 0.5
Melhor Solução: 804
Temp div: 20
MCL: 500
PTL: 400
Elapsed time was: 441147
Maquina 1 : 19 59 119 182 79 161 7 87 121 35 199 123 135 103 18 127 158 68 76 153 8 70 109 180 154 40 
Maquina 2 : 12 97 107 129 15 49 83 17 32 84 131 21 47 102 186 27 191 14 26 75 71 116 128 
Maquina 3 : 170 196 192 16 108 95 139 57 117 69 100 6 188 9 106 171 101 198 194 181 146 77 
Maquina 4 : 189 63 54 67 130 134 152 23 132 183 51 150 31 52 120 176 159 178 78 4 50 193 99 142 114 
Maquina 5 : 44 72 39 163 185 162 136 53 197 155 81 62 96 168 172 42 20 190 195 1 3 34 115 56 104 145 10 45 
Maquina 6 : 65 2 148 61 138 48 74 37 174 73 91 85 64 177 5 169 133 82 89 11 60 124 113 
Maquina 7 : 144 66 141 98 93 22 58 164 165 184 137 0 111 43 94 179 112 118 41 173 143 166 80 140 28 
Maquina 8 : 167 13 122 187 86 24 30 90 151 88 38 25 125 160 126 147 149 175 55 46 110 105 157 36 29 33 156 92 
Formato de validacao do resultado: 
0 19 0 59 0 119 0 182 0 79 0 161 0 7 0 87 0 121 0 35 0 199 0 123 0 135 0 103 0 18 0 127 0 158 0 68 0 76 0 153 0 8 0 70 0 109 0 180 0 154 0 40 
1 12 1 97 1 107 1 129 1 15 1 49 1 83 1 17 1 32 1 84 1 131 1 21 1 47 1 102 1 186 1 27 1 191 1 14 1 26 1 75 1 71 1 116 1 128 
2 170 2 196 2 192 2 16 2 108 2 95 2 139 2 57 2 117 2 69 2 100 2 6 2 188 2 9 2 106 2 171 2 101 2 198 2 194 2 181 2 146 2 77 
3 189 3 63 3 54 3 67 3 130 3 134 3 152 3 23 3 132 3 183 3 51 3 150 3 31 3 52 3 120 3 176 3 159 3 178 3 78 3 4 3 50 3 193 3 99 3 142 3 114 
4 44 4 72 4 39 4 163 4 185 4 162 4 136 4 53 4 197 4 155 4 81 4 62 4 96 4 168 4 172 4 42 4 20 4 190 4 195 4 1 4 3 4 34 4 115 4 56 4 104 4 145 4 10 4 45 
5 65 5 2 5 148 5 61 5 138 5 48 5 74 5 37 5 174 5 73 5 91 5 85 5 64 5 177 5 5 5 169 5 133 5 82 5 89 5 11 5 60 5 124 5 113 
6 144 6 66 6 141 6 98 6 93 6 22 6 58 6 164 6 165 6 184 6 137 6 0 6 111 6 43 6 94 6 179 6 112 6 118 6 41 6 173 6 143 6 166 6 80 6 140 6 28 
7 167 7 13 7 122 7 187 7 86 7 24 7 30 7 90 7 151 7 88 7 38 7 25 7 125 7 160 7 126 7 147 7 149 7 175 7 55 7 46 7 110 7 105 7 157 7 36 7 29 7 33 7 156 7 92 
