Instance filename: ./instances/RCPMSII/RCPMS_Instance_81_m=6_n=100_t=11
Min temperature: 0.1
Max temperature: 0.5
Melhor Solução: 561
Temp div: 20
MCL: 500
PTL: 400
Elapsed time was: 73085
Maquina 1 : 80 72 35 60 58 44 77 21 38 22 6 15 98 94 51 
Maquina 2 : 36 64 81 10 43 11 1 91 76 84 32 33 87 31 90 7 34 
Maquina 3 : 59 95 37 92 52 61 93 86 3 74 97 2 88 79 14 12 
Maquina 4 : 5 41 46 49 16 39 57 55 47 71 20 28 66 54 50 42 70 48 
Maquina 5 : 26 85 23 68 25 53 56 40 82 78 99 27 4 96 9 29 63 73 0 
Maquina 6 : 75 83 62 89 8 18 30 19 24 67 45 17 69 65 13 
Formato de validacao do resultado: 
0 80 0 72 0 35 0 60 0 58 0 44 0 77 0 21 0 38 0 22 0 6 0 15 0 98 0 94 0 51 
1 36 1 64 1 81 1 10 1 43 1 11 1 1 1 91 1 76 1 84 1 32 1 33 1 87 1 31 1 90 1 7 1 34 
2 59 2 95 2 37 2 92 2 52 2 61 2 93 2 86 2 3 2 74 2 97 2 2 2 88 2 79 2 14 2 12 
3 5 3 41 3 46 3 49 3 16 3 39 3 57 3 55 3 47 3 71 3 20 3 28 3 66 3 54 3 50 3 42 3 70 3 48 
4 26 4 85 4 23 4 68 4 25 4 53 4 56 4 40 4 82 4 78 4 99 4 27 4 4 4 96 4 9 4 29 4 63 4 73 4 0 
5 75 5 83 5 62 5 89 5 8 5 18 5 30 5 19 5 24 5 67 5 45 5 17 5 69 5 65 5 13 
