Instance filename: ./instances/RCPMSII/RCPMS_Instance_124_m=7_n=200_t=8
Min temperature: 0.1
Max temperature: 0.5
Melhor Solução: 844
Temp div: 20
MCL: 500
PTL: 400
Elapsed time was: 233414
Maquina 1 : 138 109 56 102 38 114 64 115 140 134 175 130 179 167 44 42 177 155 29 186 178 54 33 141 139 110 173 125 165 
Maquina 2 : 7 15 188 90 53 96 174 113 34 31 107 123 145 12 111 52 156 160 40 23 150 11 170 99 128 168 59 85 163 187 157 48 
Maquina 3 : 35 93 97 63 76 32 78 16 25 194 198 77 65 6 95 13 192 67 171 68 143 176 193 80 24 106 72 73 4 
Maquina 4 : 121 21 88 36 92 182 20 1 197 124 101 75 9 122 17 5 135 120 108 28 190 91 100 181 132 161 87 147 154 
Maquina 5 : 191 137 105 74 41 66 70 27 169 129 51 158 82 45 37 86 162 49 127 118 39 119 153 58 71 14 103 
Maquina 6 : 164 159 116 196 149 104 89 84 81 151 112 131 43 172 18 2 3 22 195 69 26 19 184 62 94 
Maquina 7 : 146 152 61 98 117 10 180 185 133 126 47 46 55 30 166 183 50 8 148 199 83 144 60 0 79 189 136 142 57 
Formato de validacao do resultado: 
0 138 0 109 0 56 0 102 0 38 0 114 0 64 0 115 0 140 0 134 0 175 0 130 0 179 0 167 0 44 0 42 0 177 0 155 0 29 0 186 0 178 0 54 0 33 0 141 0 139 0 110 0 173 0 125 0 165 
1 7 1 15 1 188 1 90 1 53 1 96 1 174 1 113 1 34 1 31 1 107 1 123 1 145 1 12 1 111 1 52 1 156 1 160 1 40 1 23 1 150 1 11 1 170 1 99 1 128 1 168 1 59 1 85 1 163 1 187 1 157 1 48 
2 35 2 93 2 97 2 63 2 76 2 32 2 78 2 16 2 25 2 194 2 198 2 77 2 65 2 6 2 95 2 13 2 192 2 67 2 171 2 68 2 143 2 176 2 193 2 80 2 24 2 106 2 72 2 73 2 4 
3 121 3 21 3 88 3 36 3 92 3 182 3 20 3 1 3 197 3 124 3 101 3 75 3 9 3 122 3 17 3 5 3 135 3 120 3 108 3 28 3 190 3 91 3 100 3 181 3 132 3 161 3 87 3 147 3 154 
4 191 4 137 4 105 4 74 4 41 4 66 4 70 4 27 4 169 4 129 4 51 4 158 4 82 4 45 4 37 4 86 4 162 4 49 4 127 4 118 4 39 4 119 4 153 4 58 4 71 4 14 4 103 
5 164 5 159 5 116 5 196 5 149 5 104 5 89 5 84 5 81 5 151 5 112 5 131 5 43 5 172 5 18 5 2 5 3 5 22 5 195 5 69 5 26 5 19 5 184 5 62 5 94 
6 146 6 152 6 61 6 98 6 117 6 10 6 180 6 185 6 133 6 126 6 47 6 46 6 55 6 30 6 166 6 183 6 50 6 8 6 148 6 199 6 83 6 144 6 60 6 0 6 79 6 189 6 136 6 142 6 57 
