Instance filename: ./instances/RCPMSII/RCPMS_Instance_93_m=6_n=200_t=7
Min temperature: 0.1
Max temperature: 0.5
Melhor Solução: 1046
Temp div: 20
MCL: 500
PTL: 400
Elapsed time was: 334142
Maquina 1 : 172 150 66 111 0 6 165 88 96 197 178 65 102 1 177 139 110 148 71 21 196 53 93 124 85 171 39 13 73 153 78 74 138 121 51 
Maquina 2 : 132 151 136 128 24 120 26 4 49 122 31 75 8 155 147 5 154 108 146 70 12 162 116 40 166 114 69 156 81 141 194 30 55 185 
Maquina 3 : 140 118 109 60 134 192 145 16 92 59 89 58 163 186 119 97 152 159 170 32 2 174 182 137 125 3 10 45 131 15 82 115 144 68 
Maquina 4 : 77 28 135 14 190 164 20 22 90 48 157 61 52 86 142 98 91 133 27 9 189 113 34 103 36 184 104 37 41 94 188 
Maquina 5 : 23 175 25 64 106 129 35 191 67 63 101 83 176 29 168 161 107 100 195 72 123 33 84 56 181 95 198 127 76 79 46 126 112 57 160 43 
Maquina 6 : 54 117 167 50 17 7 87 47 199 80 179 173 169 187 18 62 38 11 149 105 180 193 44 158 183 99 130 42 19 143 
Formato de validacao do resultado: 
0 172 0 150 0 66 0 111 0 0 0 6 0 165 0 88 0 96 0 197 0 178 0 65 0 102 0 1 0 177 0 139 0 110 0 148 0 71 0 21 0 196 0 53 0 93 0 124 0 85 0 171 0 39 0 13 0 73 0 153 0 78 0 74 0 138 0 121 0 51 
1 132 1 151 1 136 1 128 1 24 1 120 1 26 1 4 1 49 1 122 1 31 1 75 1 8 1 155 1 147 1 5 1 154 1 108 1 146 1 70 1 12 1 162 1 116 1 40 1 166 1 114 1 69 1 156 1 81 1 141 1 194 1 30 1 55 1 185 
2 140 2 118 2 109 2 60 2 134 2 192 2 145 2 16 2 92 2 59 2 89 2 58 2 163 2 186 2 119 2 97 2 152 2 159 2 170 2 32 2 2 2 174 2 182 2 137 2 125 2 3 2 10 2 45 2 131 2 15 2 82 2 115 2 144 2 68 
3 77 3 28 3 135 3 14 3 190 3 164 3 20 3 22 3 90 3 48 3 157 3 61 3 52 3 86 3 142 3 98 3 91 3 133 3 27 3 9 3 189 3 113 3 34 3 103 3 36 3 184 3 104 3 37 3 41 3 94 3 188 
4 23 4 175 4 25 4 64 4 106 4 129 4 35 4 191 4 67 4 63 4 101 4 83 4 176 4 29 4 168 4 161 4 107 4 100 4 195 4 72 4 123 4 33 4 84 4 56 4 181 4 95 4 198 4 127 4 76 4 79 4 46 4 126 4 112 4 57 4 160 4 43 
5 54 5 117 5 167 5 50 5 17 5 7 5 87 5 47 5 199 5 80 5 179 5 173 5 169 5 187 5 18 5 62 5 38 5 11 5 149 5 105 5 180 5 193 5 44 5 158 5 183 5 99 5 130 5 42 5 19 5 143 
