Instance filename: ./instances/RCPMSII/RCPMS_Instance_92_m=6_n=200_t=7
Min temperature: 0.1
Max temperature: 0.5
Melhor Solução: 1020
Temp div: 20
MCL: 500
PTL: 400
Elapsed time was: 322179
Maquina 1 : 157 44 121 115 171 131 198 123 92 146 71 87 20 12 197 102 18 90 124 169 191 15 199 17 98 127 166 181 39 107 151 
Maquina 2 : 187 172 34 10 156 177 182 99 94 26 56 170 118 110 85 49 162 185 72 84 69 100 82 158 6 76 83 4 88 8 66 147 176 
Maquina 3 : 23 194 22 24 46 62 186 134 142 70 40 27 19 140 73 139 178 41 64 108 116 119 77 126 42 190 93 9 168 106 184 
Maquina 4 : 75 33 5 145 7 193 2 160 101 31 52 55 53 68 43 74 35 117 167 114 105 130 153 120 79 149 80 150 29 104 89 122 163 133 32 113 154 86 
Maquina 5 : 78 138 180 129 155 161 164 61 60 58 173 14 51 179 189 11 59 159 148 175 16 38 65 188 125 1 13 174 144 63 195 112 30 50 91 109 
Maquina 6 : 97 47 137 136 132 96 25 28 192 48 103 3 95 135 141 196 183 57 45 81 111 54 0 143 21 152 165 37 67 128 36 
Formato de validacao do resultado: 
0 157 0 44 0 121 0 115 0 171 0 131 0 198 0 123 0 92 0 146 0 71 0 87 0 20 0 12 0 197 0 102 0 18 0 90 0 124 0 169 0 191 0 15 0 199 0 17 0 98 0 127 0 166 0 181 0 39 0 107 0 151 
1 187 1 172 1 34 1 10 1 156 1 177 1 182 1 99 1 94 1 26 1 56 1 170 1 118 1 110 1 85 1 49 1 162 1 185 1 72 1 84 1 69 1 100 1 82 1 158 1 6 1 76 1 83 1 4 1 88 1 8 1 66 1 147 1 176 
2 23 2 194 2 22 2 24 2 46 2 62 2 186 2 134 2 142 2 70 2 40 2 27 2 19 2 140 2 73 2 139 2 178 2 41 2 64 2 108 2 116 2 119 2 77 2 126 2 42 2 190 2 93 2 9 2 168 2 106 2 184 
3 75 3 33 3 5 3 145 3 7 3 193 3 2 3 160 3 101 3 31 3 52 3 55 3 53 3 68 3 43 3 74 3 35 3 117 3 167 3 114 3 105 3 130 3 153 3 120 3 79 3 149 3 80 3 150 3 29 3 104 3 89 3 122 3 163 3 133 3 32 3 113 3 154 3 86 
4 78 4 138 4 180 4 129 4 155 4 161 4 164 4 61 4 60 4 58 4 173 4 14 4 51 4 179 4 189 4 11 4 59 4 159 4 148 4 175 4 16 4 38 4 65 4 188 4 125 4 1 4 13 4 174 4 144 4 63 4 195 4 112 4 30 4 50 4 91 4 109 
5 97 5 47 5 137 5 136 5 132 5 96 5 25 5 28 5 192 5 48 5 103 5 3 5 95 5 135 5 141 5 196 5 183 5 57 5 45 5 81 5 111 5 54 5 0 5 143 5 21 5 152 5 165 5 37 5 67 5 128 5 36 
