Instance filename: ./instances/RCPMSII/RCPMS_Instance_45_m=4_n=100_t=11
Min temperature: 0.1
Max temperature: 0.5
Melhor Solução: 839
Temp div: 20
MCL: 500
PTL: 400
Elapsed time was: 23866
Maquina 1 : 13 82 46 8 51 71 23 27 90 89 99 95 43 9 24 62 76 92 0 44 79 18 72 84 53 
Maquina 2 : 40 25 65 34 59 32 28 97 67 41 74 2 15 48 75 98 7 45 31 38 69 86 85 64 73 
Maquina 3 : 81 66 14 35 61 6 96 42 52 4 83 26 37 63 20 10 91 57 5 93 11 12 78 60 22 29 3 
Maquina 4 : 88 39 19 21 80 54 30 16 49 56 17 87 55 47 94 36 58 50 70 33 68 1 77 
Formato de validacao do resultado: 
0 13 0 82 0 46 0 8 0 51 0 71 0 23 0 27 0 90 0 89 0 99 0 95 0 43 0 9 0 24 0 62 0 76 0 92 0 0 0 44 0 79 0 18 0 72 0 84 0 53 
1 40 1 25 1 65 1 34 1 59 1 32 1 28 1 97 1 67 1 41 1 74 1 2 1 15 1 48 1 75 1 98 1 7 1 45 1 31 1 38 1 69 1 86 1 85 1 64 1 73 
2 81 2 66 2 14 2 35 2 61 2 6 2 96 2 42 2 52 2 4 2 83 2 26 2 37 2 63 2 20 2 10 2 91 2 57 2 5 2 93 2 11 2 12 2 78 2 60 2 22 2 29 2 3 
3 88 3 39 3 19 3 21 3 80 3 54 3 30 3 16 3 49 3 56 3 17 3 87 3 55 3 47 3 94 3 36 3 58 3 50 3 70 3 33 3 68 3 1 3 77 
