Instance filename: ./instances/RCPMSII/RCPMS_Instance_109_m=7_n=100_t=8
Min temperature: 0.1
Max temperature: 0.5
Melhor Solução: 489
Temp div: 20
MCL: 500
PTL: 400
Elapsed time was: 96998
Maquina 1 : 97 72 28 58 7 10 63 24 86 88 84 69 99 94 74 
Maquina 2 : 30 26 45 16 43 37 82 60 81 61 90 13 
Maquina 3 : 83 91 36 77 85 34 78 70 68 40 23 1 42 87 50 12 96 39 
Maquina 4 : 79 53 51 52 41 31 64 44 67 8 71 22 65 48 25 
Maquina 5 : 3 4 47 35 11 17 19 75 38 95 89 
Maquina 6 : 9 33 80 55 92 59 76 29 49 54 20 27 46 18 
Maquina 7 : 0 32 98 5 73 93 15 56 2 62 21 14 57 66 6 
Formato de validacao do resultado: 
0 97 0 72 0 28 0 58 0 7 0 10 0 63 0 24 0 86 0 88 0 84 0 69 0 99 0 94 0 74 
1 30 1 26 1 45 1 16 1 43 1 37 1 82 1 60 1 81 1 61 1 90 1 13 
2 83 2 91 2 36 2 77 2 85 2 34 2 78 2 70 2 68 2 40 2 23 2 1 2 42 2 87 2 50 2 12 2 96 2 39 
3 79 3 53 3 51 3 52 3 41 3 31 3 64 3 44 3 67 3 8 3 71 3 22 3 65 3 48 3 25 
4 3 4 4 4 47 4 35 4 11 4 17 4 19 4 75 4 38 4 95 4 89 
5 9 5 33 5 80 5 55 5 92 5 59 5 76 5 29 5 49 5 54 5 20 5 27 5 46 5 18 
6 0 6 32 6 98 6 5 6 73 6 93 6 15 6 56 6 2 6 62 6 21 6 14 6 57 6 66 6 6 
