Instance filename: ./instances/RCPMSII/RCPMS_Instance_90_m=6_n=100_t=13
Min temperature: 0.1
Max temperature: 0.5
Melhor Solução: 601
Temp div: 20
MCL: 500
PTL: 400
Elapsed time was: 67594
Maquina 1 : 15 75 68 42 29 2 36 6 43 1 86 28 38 11 12 57 80 71 87 
Maquina 2 : 83 40 78 34 14 73 97 4 23 76 88 63 22 48 46 
Maquina 3 : 18 35 45 32 33 70 59 5 65 44 99 49 50 54 62 82 13 25 67 96 92 
Maquina 4 : 94 27 26 17 74 93 56 64 16 37 53 24 3 9 
Maquina 5 : 20 69 21 61 91 41 31 77 51 8 10 95 79 81 
Maquina 6 : 30 47 85 89 52 55 60 66 84 0 72 7 58 39 19 98 90 
Formato de validacao do resultado: 
0 15 0 75 0 68 0 42 0 29 0 2 0 36 0 6 0 43 0 1 0 86 0 28 0 38 0 11 0 12 0 57 0 80 0 71 0 87 
1 83 1 40 1 78 1 34 1 14 1 73 1 97 1 4 1 23 1 76 1 88 1 63 1 22 1 48 1 46 
2 18 2 35 2 45 2 32 2 33 2 70 2 59 2 5 2 65 2 44 2 99 2 49 2 50 2 54 2 62 2 82 2 13 2 25 2 67 2 96 2 92 
3 94 3 27 3 26 3 17 3 74 3 93 3 56 3 64 3 16 3 37 3 53 3 24 3 3 3 9 
4 20 4 69 4 21 4 61 4 91 4 41 4 31 4 77 4 51 4 8 4 10 4 95 4 79 4 81 
5 30 5 47 5 85 5 89 5 52 5 55 5 60 5 66 5 84 5 0 5 72 5 7 5 58 5 39 5 19 5 98 5 90 
