Instance filename: ./instances/RCPMSII/RCPMS_Instance_114_m=7_n=100_t=11
Min temperature: 0.1
Max temperature: 0.5
Melhor Solução: 447
Temp div: 20
MCL: 500
PTL: 400
Elapsed time was: 122971
Maquina 1 : 38 24 44 82 21 18 6 54 93 78 32 
Maquina 2 : 37 94 33 5 58 15 28 45 59 85 76 51 73 61 50 
Maquina 3 : 99 68 72 88 25 70 13 27 16 67 90 77 57 19 89 60 
Maquina 4 : 46 95 71 41 29 12 20 23 92 79 47 53 26 98 0 34 
Maquina 5 : 7 3 56 17 40 97 55 9 64 31 49 86 11 63 35 
Maquina 6 : 39 14 91 36 52 30 4 80 96 84 74 62 66 42 
Maquina 7 : 2 75 81 69 65 1 8 48 22 10 43 87 83 
Formato de validacao do resultado: 
0 38 0 24 0 44 0 82 0 21 0 18 0 6 0 54 0 93 0 78 0 32 
1 37 1 94 1 33 1 5 1 58 1 15 1 28 1 45 1 59 1 85 1 76 1 51 1 73 1 61 1 50 
2 99 2 68 2 72 2 88 2 25 2 70 2 13 2 27 2 16 2 67 2 90 2 77 2 57 2 19 2 89 2 60 
3 46 3 95 3 71 3 41 3 29 3 12 3 20 3 23 3 92 3 79 3 47 3 53 3 26 3 98 3 0 3 34 
4 7 4 3 4 56 4 17 4 40 4 97 4 55 4 9 4 64 4 31 4 49 4 86 4 11 4 63 4 35 
5 39 5 14 5 91 5 36 5 52 5 30 5 4 5 80 5 96 5 84 5 74 5 62 5 66 5 42 
6 2 6 75 6 81 6 69 6 65 6 1 6 8 6 48 6 22 6 10 6 43 6 87 6 83 
