Instance filename: ./instances/RCPMSII/RCPMS_Instance_83_m=6_n=100_t=11
Min temperature: 0.1
Max temperature: 0.5
Melhor Solução: 549
Temp div: 20
MCL: 500
PTL: 400
Elapsed time was: 70872
Maquina 1 : 9 38 67 93 91 60 79 52 42 1 43 8 25 28 49 70 
Maquina 2 : 76 4 19 31 98 15 64 29 62 95 37 89 32 72 63 55 
Maquina 3 : 71 85 34 59 36 10 40 83 82 24 92 51 80 21 74 48 57 11 
Maquina 4 : 56 30 50 90 87 2 6 81 46 26 75 88 86 7 77 94 97 47 
Maquina 5 : 65 58 54 73 96 22 41 0 12 39 14 5 18 45 78 44 61 
Maquina 6 : 68 66 27 84 35 3 13 17 33 69 99 53 16 23 20 
Formato de validacao do resultado: 
0 9 0 38 0 67 0 93 0 91 0 60 0 79 0 52 0 42 0 1 0 43 0 8 0 25 0 28 0 49 0 70 
1 76 1 4 1 19 1 31 1 98 1 15 1 64 1 29 1 62 1 95 1 37 1 89 1 32 1 72 1 63 1 55 
2 71 2 85 2 34 2 59 2 36 2 10 2 40 2 83 2 82 2 24 2 92 2 51 2 80 2 21 2 74 2 48 2 57 2 11 
3 56 3 30 3 50 3 90 3 87 3 2 3 6 3 81 3 46 3 26 3 75 3 88 3 86 3 7 3 77 3 94 3 97 3 47 
4 65 4 58 4 54 4 73 4 96 4 22 4 41 4 0 4 12 4 39 4 14 4 5 4 18 4 45 4 78 4 44 4 61 
5 68 5 66 5 27 5 84 5 35 5 3 5 13 5 17 5 33 5 69 5 99 5 53 5 16 5 23 5 20 
