Instance filename: ./instances/RCPMSII/RCPMS_Instance_95_m=6_n=200_t=7
Min temperature: 0.1
Max temperature: 0.5
Melhor Solução: 1057
Temp div: 20
MCL: 500
PTL: 400
Elapsed time was: 335150
Maquina 1 : 120 7 100 118 158 29 153 83 146 49 196 3 109 2 147 130 135 56 162 35 78 94 195 152 191 76 173 186 57 19 125 34 37 188 
Maquina 2 : 95 183 107 139 82 104 170 190 85 132 86 42 79 114 165 192 189 0 115 161 157 123 197 156 59 36 70 54 145 134 93 20 65 
Maquina 3 : 129 164 99 149 77 143 27 80 60 23 4 133 155 40 116 81 193 184 117 113 131 169 69 43 53 180 150 28 21 68 111 151 30 
Maquina 4 : 15 31 181 141 136 179 166 101 163 108 44 128 48 1 10 84 127 138 73 144 177 24 174 175 75 58 182 9 26 106 178 103 14 
Maquina 5 : 90 71 72 154 194 39 17 25 51 89 33 199 46 32 64 13 66 198 160 45 52 55 92 87 185 171 168 67 47 8 50 
Maquina 6 : 88 140 102 63 142 112 159 22 121 61 105 137 119 11 38 18 124 62 98 172 176 167 110 12 126 96 16 91 187 97 5 122 41 74 148 6 
Formato de validacao do resultado: 
0 120 0 7 0 100 0 118 0 158 0 29 0 153 0 83 0 146 0 49 0 196 0 3 0 109 0 2 0 147 0 130 0 135 0 56 0 162 0 35 0 78 0 94 0 195 0 152 0 191 0 76 0 173 0 186 0 57 0 19 0 125 0 34 0 37 0 188 
1 95 1 183 1 107 1 139 1 82 1 104 1 170 1 190 1 85 1 132 1 86 1 42 1 79 1 114 1 165 1 192 1 189 1 0 1 115 1 161 1 157 1 123 1 197 1 156 1 59 1 36 1 70 1 54 1 145 1 134 1 93 1 20 1 65 
2 129 2 164 2 99 2 149 2 77 2 143 2 27 2 80 2 60 2 23 2 4 2 133 2 155 2 40 2 116 2 81 2 193 2 184 2 117 2 113 2 131 2 169 2 69 2 43 2 53 2 180 2 150 2 28 2 21 2 68 2 111 2 151 2 30 
3 15 3 31 3 181 3 141 3 136 3 179 3 166 3 101 3 163 3 108 3 44 3 128 3 48 3 1 3 10 3 84 3 127 3 138 3 73 3 144 3 177 3 24 3 174 3 175 3 75 3 58 3 182 3 9 3 26 3 106 3 178 3 103 3 14 
4 90 4 71 4 72 4 154 4 194 4 39 4 17 4 25 4 51 4 89 4 33 4 199 4 46 4 32 4 64 4 13 4 66 4 198 4 160 4 45 4 52 4 55 4 92 4 87 4 185 4 171 4 168 4 67 4 47 4 8 4 50 
5 88 5 140 5 102 5 63 5 142 5 112 5 159 5 22 5 121 5 61 5 105 5 137 5 119 5 11 5 38 5 18 5 124 5 62 5 98 5 172 5 176 5 167 5 110 5 12 5 126 5 96 5 16 5 91 5 187 5 97 5 5 5 122 5 41 5 74 5 148 5 6 
