Instance filename: ./instances/RCPMSII/RCPMS_Instance_118_m=7_n=100_t=13
Min temperature: 0.1
Max temperature: 0.5
Melhor Solução: 471
Temp div: 20
MCL: 500
PTL: 400
Elapsed time was: 61724
Maquina 1 : 26 10 64 13 57 52 68 9 34 73 32 48 3 0 7 16 
Maquina 2 : 21 25 31 87 15 86 72 84 29 67 98 41 20 
Maquina 3 : 89 11 78 6 47 80 53 97 30 17 69 60 37 18 63 96 
Maquina 4 : 35 8 94 79 88 95 71 91 92 36 22 14 49 5 76 
Maquina 5 : 65 51 83 24 2 55 56 45 58 27 75 4 
Maquina 6 : 93 42 59 28 39 74 99 38 19 66 62 46 
Maquina 7 : 85 23 40 44 70 77 1 33 82 50 43 54 12 61 81 90 
Formato de validacao do resultado: 
0 26 0 10 0 64 0 13 0 57 0 52 0 68 0 9 0 34 0 73 0 32 0 48 0 3 0 0 0 7 0 16 
1 21 1 25 1 31 1 87 1 15 1 86 1 72 1 84 1 29 1 67 1 98 1 41 1 20 
2 89 2 11 2 78 2 6 2 47 2 80 2 53 2 97 2 30 2 17 2 69 2 60 2 37 2 18 2 63 2 96 
3 35 3 8 3 94 3 79 3 88 3 95 3 71 3 91 3 92 3 36 3 22 3 14 3 49 3 5 3 76 
4 65 4 51 4 83 4 24 4 2 4 55 4 56 4 45 4 58 4 27 4 75 4 4 
5 93 5 42 5 59 5 28 5 39 5 74 5 99 5 38 5 19 5 66 5 62 5 46 
6 85 6 23 6 40 6 44 6 70 6 77 6 1 6 33 6 82 6 50 6 43 6 54 6 12 6 61 6 81 6 90 
