Instance filename: ./instances/RCPMSII/RCPMS_Instance_33_m=4_n=100_t=5
Min temperature: 0.1
Max temperature: 0.5
Melhor Solução: 699
Temp div: 20
MCL: 500
PTL: 400
Elapsed time was: 46537
Maquina 1 : 36 29 35 83 78 80 23 12 25 91 67 7 8 69 2 81 79 28 17 52 40 31 92 5 58 
Maquina 2 : 53 95 85 93 15 1 0 39 62 63 11 66 73 21 57 88 89 38 51 27 71 75 33 87 26 41 97 
Maquina 3 : 20 13 22 44 77 61 9 86 70 46 48 82 56 43 6 50 47 90 3 72 54 14 34 
Maquina 4 : 64 10 45 99 68 42 96 59 74 19 18 32 4 49 65 24 55 16 84 37 98 76 30 60 94 
Formato de validacao do resultado: 
0 36 0 29 0 35 0 83 0 78 0 80 0 23 0 12 0 25 0 91 0 67 0 7 0 8 0 69 0 2 0 81 0 79 0 28 0 17 0 52 0 40 0 31 0 92 0 5 0 58 
1 53 1 95 1 85 1 93 1 15 1 1 1 0 1 39 1 62 1 63 1 11 1 66 1 73 1 21 1 57 1 88 1 89 1 38 1 51 1 27 1 71 1 75 1 33 1 87 1 26 1 41 1 97 
2 20 2 13 2 22 2 44 2 77 2 61 2 9 2 86 2 70 2 46 2 48 2 82 2 56 2 43 2 6 2 50 2 47 2 90 2 3 2 72 2 54 2 14 2 34 
3 64 3 10 3 45 3 99 3 68 3 42 3 96 3 59 3 74 3 19 3 18 3 32 3 4 3 49 3 65 3 24 3 55 3 16 3 84 3 37 3 98 3 76 3 30 3 60 3 94 
