Instance filename: ./instances/RCPMSII/RCPMS_Instance_179_m=10_n=200_t=17
Min temperature: 0.1
Max temperature: 0.5
Melhor Solução: 677
Temp div: 20
MCL: 500
PTL: 400
Elapsed time was: 577810
Maquina 1 : 99 117 183 39 190 24 174 2 145 84 1 32 86 63 52 161 149 154 194 
Maquina 2 : 36 192 196 142 92 146 114 20 156 188 126 103 187 155 3 140 186 106 53 132 28 10 
Maquina 3 : 54 34 4 64 66 124 179 88 72 8 199 173 16 102 43 23 55 81 68 18 
Maquina 4 : 11 38 135 44 40 171 125 162 74 96 182 65 25 180 118 98 51 123 0 7 46 
Maquina 5 : 170 37 15 87 121 110 130 116 148 160 193 181 75 5 48 122 29 104 9 
Maquina 6 : 21 85 115 163 198 90 172 105 164 119 141 107 197 22 58 73 113 62 
Maquina 7 : 129 80 76 89 189 69 56 17 14 109 93 33 19 184 131 27 35 67 169 168 77 
Maquina 8 : 91 165 60 97 178 139 79 82 167 42 47 143 152 137 50 59 133 138 111 
Maquina 9 : 176 71 177 120 159 144 166 112 151 45 191 158 134 6 127 26 100 41 108 95 83 
Maquina 10 : 70 49 61 12 150 175 147 57 101 157 30 13 195 94 128 31 78 136 153 185 
Formato de validacao do resultado: 
0 99 0 117 0 183 0 39 0 190 0 24 0 174 0 2 0 145 0 84 0 1 0 32 0 86 0 63 0 52 0 161 0 149 0 154 0 194 
1 36 1 192 1 196 1 142 1 92 1 146 1 114 1 20 1 156 1 188 1 126 1 103 1 187 1 155 1 3 1 140 1 186 1 106 1 53 1 132 1 28 1 10 
2 54 2 34 2 4 2 64 2 66 2 124 2 179 2 88 2 72 2 8 2 199 2 173 2 16 2 102 2 43 2 23 2 55 2 81 2 68 2 18 
3 11 3 38 3 135 3 44 3 40 3 171 3 125 3 162 3 74 3 96 3 182 3 65 3 25 3 180 3 118 3 98 3 51 3 123 3 0 3 7 3 46 
4 170 4 37 4 15 4 87 4 121 4 110 4 130 4 116 4 148 4 160 4 193 4 181 4 75 4 5 4 48 4 122 4 29 4 104 4 9 
5 21 5 85 5 115 5 163 5 198 5 90 5 172 5 105 5 164 5 119 5 141 5 107 5 197 5 22 5 58 5 73 5 113 5 62 
6 129 6 80 6 76 6 89 6 189 6 69 6 56 6 17 6 14 6 109 6 93 6 33 6 19 6 184 6 131 6 27 6 35 6 67 6 169 6 168 6 77 
7 91 7 165 7 60 7 97 7 178 7 139 7 79 7 82 7 167 7 42 7 47 7 143 7 152 7 137 7 50 7 59 7 133 7 138 7 111 
8 176 8 71 8 177 8 120 8 159 8 144 8 166 8 112 8 151 8 45 8 191 8 158 8 134 8 6 8 127 8 26 8 100 8 41 8 108 8 95 8 83 
9 70 9 49 9 61 9 12 9 150 9 175 9 147 9 57 9 101 9 157 9 30 9 13 9 195 9 94 9 128 9 31 9 78 9 136 9 153 9 185 
