Instance filename: ./instances/RCPMSII/RCPMS_Instance_134_m=7_n=200_t=13
Min temperature: 0.1
Max temperature: 0.5
Melhor Solução: 944
Temp div: 20
MCL: 500
PTL: 400
Elapsed time was: 238937
Maquina 1 : 64 37 45 104 51 74 9 140 105 41 68 171 0 124 93 47 14 71 137 131 182 120 159 81 12 130 55 198 97 128 117 29 
Maquina 2 : 62 192 168 199 122 176 30 77 149 106 13 116 21 59 173 115 174 112 118 50 96 186 25 156 86 27 158 162 160 157 43 92 193 
Maquina 3 : 89 23 58 136 75 46 138 114 119 147 150 180 179 111 189 28 163 85 80 2 34 166 35 87 72 142 
Maquina 4 : 39 153 54 177 113 107 141 10 44 91 129 132 79 26 33 42 127 40 170 144 52 83 67 76 181 5 126 98 78 
Maquina 5 : 195 152 164 73 110 146 84 15 188 31 56 60 109 191 194 151 108 38 103 65 187 197 123 99 101 178 133 22 19 95 
Maquina 6 : 135 82 69 1 167 63 90 145 134 185 49 24 125 190 48 161 155 17 165 148 169 100 172 
Maquina 7 : 53 57 184 70 175 121 16 88 7 4 36 6 94 20 32 8 3 102 196 143 139 11 18 66 61 183 154 
Formato de validacao do resultado: 
0 64 0 37 0 45 0 104 0 51 0 74 0 9 0 140 0 105 0 41 0 68 0 171 0 0 0 124 0 93 0 47 0 14 0 71 0 137 0 131 0 182 0 120 0 159 0 81 0 12 0 130 0 55 0 198 0 97 0 128 0 117 0 29 
1 62 1 192 1 168 1 199 1 122 1 176 1 30 1 77 1 149 1 106 1 13 1 116 1 21 1 59 1 173 1 115 1 174 1 112 1 118 1 50 1 96 1 186 1 25 1 156 1 86 1 27 1 158 1 162 1 160 1 157 1 43 1 92 1 193 
2 89 2 23 2 58 2 136 2 75 2 46 2 138 2 114 2 119 2 147 2 150 2 180 2 179 2 111 2 189 2 28 2 163 2 85 2 80 2 2 2 34 2 166 2 35 2 87 2 72 2 142 
3 39 3 153 3 54 3 177 3 113 3 107 3 141 3 10 3 44 3 91 3 129 3 132 3 79 3 26 3 33 3 42 3 127 3 40 3 170 3 144 3 52 3 83 3 67 3 76 3 181 3 5 3 126 3 98 3 78 
4 195 4 152 4 164 4 73 4 110 4 146 4 84 4 15 4 188 4 31 4 56 4 60 4 109 4 191 4 194 4 151 4 108 4 38 4 103 4 65 4 187 4 197 4 123 4 99 4 101 4 178 4 133 4 22 4 19 4 95 
5 135 5 82 5 69 5 1 5 167 5 63 5 90 5 145 5 134 5 185 5 49 5 24 5 125 5 190 5 48 5 161 5 155 5 17 5 165 5 148 5 169 5 100 5 172 
6 53 6 57 6 184 6 70 6 175 6 121 6 16 6 88 6 7 6 4 6 36 6 6 6 94 6 20 6 32 6 8 6 3 6 102 6 196 6 143 6 139 6 11 6 18 6 66 6 61 6 183 6 154 
