Instance filename: ./instances/RCPMSII/RCPMS_Instance_108_m=7_n=100_t=8
Min temperature: 0.1
Max temperature: 0.5
Melhor Solução: 442
Temp div: 20
MCL: 500
PTL: 400
Elapsed time was: 123439
Maquina 1 : 4 43 71 75 77 5 62 88 28 44 57 18 60 22 
Maquina 2 : 9 99 64 82 84 95 86 63 53 48 41 40 7 
Maquina 3 : 96 78 59 52 37 36 16 24 14 11 8 
Maquina 4 : 74 70 6 19 93 80 85 90 92 68 46 54 67 34 33 29 
Maquina 5 : 98 66 42 47 50 97 61 58 55 12 23 31 81 89 3 1 15 2 
Maquina 6 : 65 76 79 13 10 20 26 91 83 35 32 27 0 
Maquina 7 : 49 69 56 51 17 21 25 30 38 45 39 72 73 87 94 
Formato de validacao do resultado: 
0 4 0 43 0 71 0 75 0 77 0 5 0 62 0 88 0 28 0 44 0 57 0 18 0 60 0 22 
1 9 1 99 1 64 1 82 1 84 1 95 1 86 1 63 1 53 1 48 1 41 1 40 1 7 
2 96 2 78 2 59 2 52 2 37 2 36 2 16 2 24 2 14 2 11 2 8 
3 74 3 70 3 6 3 19 3 93 3 80 3 85 3 90 3 92 3 68 3 46 3 54 3 67 3 34 3 33 3 29 
4 98 4 66 4 42 4 47 4 50 4 97 4 61 4 58 4 55 4 12 4 23 4 31 4 81 4 89 4 3 4 1 4 15 4 2 
5 65 5 76 5 79 5 13 5 10 5 20 5 26 5 91 5 83 5 35 5 32 5 27 5 0 
6 49 6 69 6 56 6 51 6 17 6 21 6 25 6 30 6 38 6 45 6 39 6 72 6 73 6 87 6 94 
