Instance filename: ./instances/RCPMSII/RCPMS_Instance_38_m=4_n=100_t=7
Min temperature: 0.1
Max temperature: 0.5
Melhor Solução: 794
Temp div: 20
MCL: 500
PTL: 400
Elapsed time was: 26783
Maquina 1 : 52 77 16 10 42 17 81 75 70 22 71 82 36 84 43 63 19 87 25 85 57 98 53 96 
Maquina 2 : 92 44 9 51 15 6 20 59 2 91 32 90 54 39 69 40 88 66 4 41 8 78 34 50 46 
Maquina 3 : 99 74 26 27 14 80 76 97 65 64 48 86 49 37 1 89 35 61 28 62 73 18 7 
Maquina 4 : 55 93 13 21 33 67 95 11 72 79 60 24 83 0 58 3 31 56 68 94 38 30 5 23 29 45 12 47 
Formato de validacao do resultado: 
0 52 0 77 0 16 0 10 0 42 0 17 0 81 0 75 0 70 0 22 0 71 0 82 0 36 0 84 0 43 0 63 0 19 0 87 0 25 0 85 0 57 0 98 0 53 0 96 
1 92 1 44 1 9 1 51 1 15 1 6 1 20 1 59 1 2 1 91 1 32 1 90 1 54 1 39 1 69 1 40 1 88 1 66 1 4 1 41 1 8 1 78 1 34 1 50 1 46 
2 99 2 74 2 26 2 27 2 14 2 80 2 76 2 97 2 65 2 64 2 48 2 86 2 49 2 37 2 1 2 89 2 35 2 61 2 28 2 62 2 73 2 18 2 7 
3 55 3 93 3 13 3 21 3 33 3 67 3 95 3 11 3 72 3 79 3 60 3 24 3 83 3 0 3 58 3 3 3 31 3 56 3 68 3 94 3 38 3 30 3 5 3 23 3 29 3 45 3 12 3 47 
