Instance filename: ./instances/RCPMSII/RCPMS_Instance_65_m=5_n=100_t=6
Min temperature: 0.1
Max temperature: 0.5
Melhor Solução: 605
Temp div: 20
MCL: 500
PTL: 400
Elapsed time was: 50159
Maquina 1 : 23 1 66 38 7 36 46 58 32 62 34 9 90 29 86 3 52 
Maquina 2 : 51 39 54 40 73 95 21 89 97 12 99 53 93 33 31 14 5 13 80 10 2 76 
Maquina 3 : 15 70 25 35 88 6 71 49 30 55 43 28 56 91 74 37 48 
Maquina 4 : 94 84 18 44 77 72 47 83 59 42 96 87 79 50 45 68 85 27 0 26 41 82 
Maquina 5 : 78 4 64 92 20 57 19 8 65 22 60 11 69 16 63 24 98 75 17 81 67 61 
Formato de validacao do resultado: 
0 23 0 1 0 66 0 38 0 7 0 36 0 46 0 58 0 32 0 62 0 34 0 9 0 90 0 29 0 86 0 3 0 52 
1 51 1 39 1 54 1 40 1 73 1 95 1 21 1 89 1 97 1 12 1 99 1 53 1 93 1 33 1 31 1 14 1 5 1 13 1 80 1 10 1 2 1 76 
2 15 2 70 2 25 2 35 2 88 2 6 2 71 2 49 2 30 2 55 2 43 2 28 2 56 2 91 2 74 2 37 2 48 
3 94 3 84 3 18 3 44 3 77 3 72 3 47 3 83 3 59 3 42 3 96 3 87 3 79 3 50 3 45 3 68 3 85 3 27 3 0 3 26 3 41 3 82 
4 78 4 4 4 64 4 92 4 20 4 57 4 19 4 8 4 65 4 22 4 60 4 11 4 69 4 16 4 63 4 24 4 98 4 75 4 17 4 81 4 67 4 61 
