Instance filename: ./instances/RCPMSII/RCPMS_Instance_122_m=7_n=200_t=8
Min temperature: 0.1
Max temperature: 0.5
Melhor Solução: 895
Temp div: 20
MCL: 500
PTL: 400
Elapsed time was: 355816
Maquina 1 : 39 90 23 54 79 128 151 131 147 154 35 175 67 53 118 4 32 56 45 12 189 63 46 10 144 89 165 59 107 42 
Maquina 2 : 18 81 110 195 7 156 49 120 105 168 3 188 2 173 182 193 163 52 150 24 21 6 140 34 64 86 187 137 152 
Maquina 3 : 16 83 69 197 78 172 159 30 25 113 116 92 125 38 135 27 178 114 1 33 29 181 50 55 106 68 97 
Maquina 4 : 121 164 127 198 72 109 149 9 77 148 191 166 126 112 108 103 161 98 100 58 157 155 142 15 96 190 91 133 174 139 
Maquina 5 : 66 61 192 185 84 143 87 22 176 71 75 95 145 85 31 43 65 196 111 0 44 160 20 169 129 171 73 
Maquina 6 : 51 37 14 170 47 57 122 36 115 180 82 123 94 41 62 184 132 153 124 162 199 136 80 48 102 13 
Maquina 7 : 194 88 179 99 117 177 40 26 134 70 183 93 130 28 186 138 17 11 158 101 119 60 167 104 141 76 19 146 5 8 74 
Formato de validacao do resultado: 
0 39 0 90 0 23 0 54 0 79 0 128 0 151 0 131 0 147 0 154 0 35 0 175 0 67 0 53 0 118 0 4 0 32 0 56 0 45 0 12 0 189 0 63 0 46 0 10 0 144 0 89 0 165 0 59 0 107 0 42 
1 18 1 81 1 110 1 195 1 7 1 156 1 49 1 120 1 105 1 168 1 3 1 188 1 2 1 173 1 182 1 193 1 163 1 52 1 150 1 24 1 21 1 6 1 140 1 34 1 64 1 86 1 187 1 137 1 152 
2 16 2 83 2 69 2 197 2 78 2 172 2 159 2 30 2 25 2 113 2 116 2 92 2 125 2 38 2 135 2 27 2 178 2 114 2 1 2 33 2 29 2 181 2 50 2 55 2 106 2 68 2 97 
3 121 3 164 3 127 3 198 3 72 3 109 3 149 3 9 3 77 3 148 3 191 3 166 3 126 3 112 3 108 3 103 3 161 3 98 3 100 3 58 3 157 3 155 3 142 3 15 3 96 3 190 3 91 3 133 3 174 3 139 
4 66 4 61 4 192 4 185 4 84 4 143 4 87 4 22 4 176 4 71 4 75 4 95 4 145 4 85 4 31 4 43 4 65 4 196 4 111 4 0 4 44 4 160 4 20 4 169 4 129 4 171 4 73 
5 51 5 37 5 14 5 170 5 47 5 57 5 122 5 36 5 115 5 180 5 82 5 123 5 94 5 41 5 62 5 184 5 132 5 153 5 124 5 162 5 199 5 136 5 80 5 48 5 102 5 13 
6 194 6 88 6 179 6 99 6 117 6 177 6 40 6 26 6 134 6 70 6 183 6 93 6 130 6 28 6 186 6 138 6 17 6 11 6 158 6 101 6 119 6 60 6 167 6 104 6 141 6 76 6 19 6 146 6 5 6 8 6 74 
