Instance filename: ./instances/RCPMSII/RCPMS_Instance_161_m=9_n=200_t=13
Min temperature: 0.1
Max temperature: 0.5
Melhor Solução: 710
Temp div: 20
MCL: 500
PTL: 400
Elapsed time was: 202750
Maquina 1 : 3 12 33 52 53 84 137 151 162 19 20 38 40 58 67 97 105 128 146 149 157 163 
Maquina 2 : 181 194 195 197 1 31 42 47 48 95 104 106 115 153 165 169 178 190 6 17 23 41 51 72 81 98 108 
Maquina 3 : 121 127 140 167 5 25 32 45 49 54 55 62 80 83 90 101 117 133 135 139 150 159 172 174 0 8 
Maquina 4 : 15 43 63 70 75 77 79 87 92 100 107 120 123 132 136 175 185 196 198 193 
Maquina 5 : 183 177 129 125 109 94 93 91 89 73 192 176 166 158 144 126 113 69 
Maquina 6 : 64 39 30 28 24 13 184 179 171 145 142 78 76 66 37 35 4 189 182 180 
Maquina 7 : 155 134 122 102 88 36 16 11 191 188 186 152 143 119 116 114 112 103 99 86 59 34 29 
Maquina 8 : 21 18 14 10 7 173 170 168 156 154 147 141 138 118 111 82 71 68 61 50 27 22 9 2 
Maquina 9 : 199 187 164 161 160 148 131 130 124 110 96 85 74 65 60 57 56 46 44 26 
Formato de validacao do resultado: 
0 3 0 12 0 33 0 52 0 53 0 84 0 137 0 151 0 162 0 19 0 20 0 38 0 40 0 58 0 67 0 97 0 105 0 128 0 146 0 149 0 157 0 163 
1 181 1 194 1 195 1 197 1 1 1 31 1 42 1 47 1 48 1 95 1 104 1 106 1 115 1 153 1 165 1 169 1 178 1 190 1 6 1 17 1 23 1 41 1 51 1 72 1 81 1 98 1 108 
2 121 2 127 2 140 2 167 2 5 2 25 2 32 2 45 2 49 2 54 2 55 2 62 2 80 2 83 2 90 2 101 2 117 2 133 2 135 2 139 2 150 2 159 2 172 2 174 2 0 2 8 
3 15 3 43 3 63 3 70 3 75 3 77 3 79 3 87 3 92 3 100 3 107 3 120 3 123 3 132 3 136 3 175 3 185 3 196 3 198 3 193 
4 183 4 177 4 129 4 125 4 109 4 94 4 93 4 91 4 89 4 73 4 192 4 176 4 166 4 158 4 144 4 126 4 113 4 69 
5 64 5 39 5 30 5 28 5 24 5 13 5 184 5 179 5 171 5 145 5 142 5 78 5 76 5 66 5 37 5 35 5 4 5 189 5 182 5 180 
6 155 6 134 6 122 6 102 6 88 6 36 6 16 6 11 6 191 6 188 6 186 6 152 6 143 6 119 6 116 6 114 6 112 6 103 6 99 6 86 6 59 6 34 6 29 
7 21 7 18 7 14 7 10 7 7 7 173 7 170 7 168 7 156 7 154 7 147 7 141 7 138 7 118 7 111 7 82 7 71 7 68 7 61 7 50 7 27 7 22 7 9 7 2 
8 199 8 187 8 164 8 161 8 160 8 148 8 131 8 130 8 124 8 110 8 96 8 85 8 74 8 65 8 60 8 57 8 56 8 46 8 44 8 26 
