Instance filename: ./instances/RCPMSII/RCPMS_Instance_160_m=9_n=200_t=11
Min temperature: 0.1
Max temperature: 0.5
Melhor Solução: 707
Temp div: 20
MCL: 500
PTL: 400
Elapsed time was: 207563
Maquina 1 : 7 11 14 16 19 22 38 39 88 96 100 114 118 120 133 136 143 148 155 165 167 198 
Maquina 2 : 2 13 21 23 68 80 91 99 109 119 152 156 194 1 17 20 25 27 32 55 84 101 
Maquina 3 : 104 131 132 137 157 159 163 179 188 4 5 46 49 64 67 97 98 102 110 115 117 121 
Maquina 4 : 125 129 140 142 175 177 185 186 3 15 30 31 37 42 51 54 58 63 73 82 93 113 
Maquina 5 : 126 135 149 160 166 168 170 199 24 28 40 61 62 74 76 77 79 86 111 123 146 150 
Maquina 6 : 161 169 171 195 196 9 33 34 35 43 47 53 72 90 134 144 151 158 176 181 190 10 
Maquina 7 : 41 45 59 71 75 105 107 112 127 139 141 145 153 164 180 182 183 187 192 193 197 6 
Maquina 8 : 8 18 48 56 60 78 81 124 138 154 178 189 191 12 26 29 36 44 57 65 66 69 
Maquina 9 : 83 89 92 94 95 116 122 130 162 172 173 184 0 50 52 70 85 87 103 106 108 128 147 174 
Formato de validacao do resultado: 
0 7 0 11 0 14 0 16 0 19 0 22 0 38 0 39 0 88 0 96 0 100 0 114 0 118 0 120 0 133 0 136 0 143 0 148 0 155 0 165 0 167 0 198 
1 2 1 13 1 21 1 23 1 68 1 80 1 91 1 99 1 109 1 119 1 152 1 156 1 194 1 1 1 17 1 20 1 25 1 27 1 32 1 55 1 84 1 101 
2 104 2 131 2 132 2 137 2 157 2 159 2 163 2 179 2 188 2 4 2 5 2 46 2 49 2 64 2 67 2 97 2 98 2 102 2 110 2 115 2 117 2 121 
3 125 3 129 3 140 3 142 3 175 3 177 3 185 3 186 3 3 3 15 3 30 3 31 3 37 3 42 3 51 3 54 3 58 3 63 3 73 3 82 3 93 3 113 
4 126 4 135 4 149 4 160 4 166 4 168 4 170 4 199 4 24 4 28 4 40 4 61 4 62 4 74 4 76 4 77 4 79 4 86 4 111 4 123 4 146 4 150 
5 161 5 169 5 171 5 195 5 196 5 9 5 33 5 34 5 35 5 43 5 47 5 53 5 72 5 90 5 134 5 144 5 151 5 158 5 176 5 181 5 190 5 10 
6 41 6 45 6 59 6 71 6 75 6 105 6 107 6 112 6 127 6 139 6 141 6 145 6 153 6 164 6 180 6 182 6 183 6 187 6 192 6 193 6 197 6 6 
7 8 7 18 7 48 7 56 7 60 7 78 7 81 7 124 7 138 7 154 7 178 7 189 7 191 7 12 7 26 7 29 7 36 7 44 7 57 7 65 7 66 7 69 
8 83 8 89 8 92 8 94 8 95 8 116 8 122 8 130 8 162 8 172 8 173 8 184 8 0 8 50 8 52 8 70 8 85 8 87 8 103 8 106 8 108 8 128 8 147 8 174 
