Instance filename: ./instances/RCPMSII/RCPMS_Instance_40_m=4_n=100_t=7
Min temperature: 0.1
Max temperature: 0.5
Melhor Solução: 790
Temp div: 20
MCL: 500
PTL: 400
Elapsed time was: 32735
Maquina 1 : 21 8 33 80 64 93 51 42 38 46 13 12 62 94 87 2 95 55 73 66 98 4 37 75 
Maquina 2 : 58 10 15 29 20 26 41 3 16 68 74 14 28 81 52 99 97 50 43 86 96 44 78 39 
Maquina 3 : 17 67 24 60 18 85 56 34 45 32 92 57 6 31 90 53 11 82 9 61 19 91 1 79 70 59 30 7 0 49 
Maquina 4 : 47 83 88 76 69 77 35 5 27 65 23 48 63 71 40 25 36 89 84 22 54 72 
Formato de validacao do resultado: 
0 21 0 8 0 33 0 80 0 64 0 93 0 51 0 42 0 38 0 46 0 13 0 12 0 62 0 94 0 87 0 2 0 95 0 55 0 73 0 66 0 98 0 4 0 37 0 75 
1 58 1 10 1 15 1 29 1 20 1 26 1 41 1 3 1 16 1 68 1 74 1 14 1 28 1 81 1 52 1 99 1 97 1 50 1 43 1 86 1 96 1 44 1 78 1 39 
2 17 2 67 2 24 2 60 2 18 2 85 2 56 2 34 2 45 2 32 2 92 2 57 2 6 2 31 2 90 2 53 2 11 2 82 2 9 2 61 2 19 2 91 2 1 2 79 2 70 2 59 2 30 2 7 2 0 2 49 
3 47 3 83 3 88 3 76 3 69 3 77 3 35 3 5 3 27 3 65 3 23 3 48 3 63 3 71 3 40 3 25 3 36 3 89 3 84 3 22 3 54 3 72 
