Instance filename: ./instances/RCPMSII/RCPMS_Instance_156_m=9_n=200_t=11
Min temperature: 0.1
Max temperature: 0.5
Melhor Solução: 758
Temp div: 20
MCL: 500
PTL: 400
Elapsed time was: 553047
Maquina 1 : 176 155 194 169 114 59 56 181 110 41 36 179 80 118 142 128 66 132 122 90 
Maquina 2 : 49 57 158 97 37 131 76 71 70 26 153 189 10 137 69 192 68 168 183 24 87 101 124 
Maquina 3 : 25 161 150 94 81 95 162 113 146 5 112 55 73 38 199 195 65 33 157 172 43 22 
Maquina 4 : 115 18 119 99 6 29 62 144 151 19 52 92 72 1 28 165 54 84 78 77 13 193 136 
Maquina 5 : 2 166 109 27 187 159 51 100 48 156 46 75 175 185 188 184 120 152 31 17 178 170 39 154 
Maquina 6 : 182 85 167 117 139 9 58 79 126 174 60 16 0 91 3 134 147 106 61 30 
Maquina 7 : 105 86 102 83 149 14 53 50 127 163 34 116 140 98 47 82 141 148 197 89 160 164 
Maquina 8 : 4 173 103 130 15 88 171 42 180 133 186 12 121 63 123 20 7 198 111 93 
Maquina 9 : 191 23 96 11 64 143 35 104 145 21 138 129 40 196 32 8 67 45 177 107 74 135 190 44 125 108 
Formato de validacao do resultado: 
0 176 0 155 0 194 0 169 0 114 0 59 0 56 0 181 0 110 0 41 0 36 0 179 0 80 0 118 0 142 0 128 0 66 0 132 0 122 0 90 
1 49 1 57 1 158 1 97 1 37 1 131 1 76 1 71 1 70 1 26 1 153 1 189 1 10 1 137 1 69 1 192 1 68 1 168 1 183 1 24 1 87 1 101 1 124 
2 25 2 161 2 150 2 94 2 81 2 95 2 162 2 113 2 146 2 5 2 112 2 55 2 73 2 38 2 199 2 195 2 65 2 33 2 157 2 172 2 43 2 22 
3 115 3 18 3 119 3 99 3 6 3 29 3 62 3 144 3 151 3 19 3 52 3 92 3 72 3 1 3 28 3 165 3 54 3 84 3 78 3 77 3 13 3 193 3 136 
4 2 4 166 4 109 4 27 4 187 4 159 4 51 4 100 4 48 4 156 4 46 4 75 4 175 4 185 4 188 4 184 4 120 4 152 4 31 4 17 4 178 4 170 4 39 4 154 
5 182 5 85 5 167 5 117 5 139 5 9 5 58 5 79 5 126 5 174 5 60 5 16 5 0 5 91 5 3 5 134 5 147 5 106 5 61 5 30 
6 105 6 86 6 102 6 83 6 149 6 14 6 53 6 50 6 127 6 163 6 34 6 116 6 140 6 98 6 47 6 82 6 141 6 148 6 197 6 89 6 160 6 164 
7 4 7 173 7 103 7 130 7 15 7 88 7 171 7 42 7 180 7 133 7 186 7 12 7 121 7 63 7 123 7 20 7 7 7 198 7 111 7 93 
8 191 8 23 8 96 8 11 8 64 8 143 8 35 8 104 8 145 8 21 8 138 8 129 8 40 8 196 8 32 8 8 8 67 8 45 8 177 8 107 8 74 8 135 8 190 8 44 8 125 8 108 
