Instance filename: ./instances/RCPMSII/RCPMS_Instance_110_m=7_n=100_t=8
Min temperature: 0.1
Max temperature: 0.5
Melhor Solução: 496
Temp div: 20
MCL: 500
PTL: 400
Elapsed time was: 95908
Maquina 1 : 74 92 73 82 28 98 36 59 96 1 39 34 57 80 
Maquina 2 : 93 99 86 47 41 62 64 8 61 72 40 69 75 45 79 88 
Maquina 3 : 17 65 67 94 29 83 23 42 5 2 0 84 81 
Maquina 4 : 19 56 95 90 32 21 97 87 77 89 22 43 
Maquina 5 : 27 10 38 33 13 24 30 48 20 71 91 25 35 85 54 70 
Maquina 6 : 14 60 44 52 9 12 6 4 78 31 58 53 50 3 18 
Maquina 7 : 37 26 66 63 16 15 46 51 55 11 68 49 76 7 
Formato de validacao do resultado: 
0 74 0 92 0 73 0 82 0 28 0 98 0 36 0 59 0 96 0 1 0 39 0 34 0 57 0 80 
1 93 1 99 1 86 1 47 1 41 1 62 1 64 1 8 1 61 1 72 1 40 1 69 1 75 1 45 1 79 1 88 
2 17 2 65 2 67 2 94 2 29 2 83 2 23 2 42 2 5 2 2 2 0 2 84 2 81 
3 19 3 56 3 95 3 90 3 32 3 21 3 97 3 87 3 77 3 89 3 22 3 43 
4 27 4 10 4 38 4 33 4 13 4 24 4 30 4 48 4 20 4 71 4 91 4 25 4 35 4 85 4 54 4 70 
5 14 5 60 5 44 5 52 5 9 5 12 5 6 5 4 5 78 5 31 5 58 5 53 5 50 5 3 5 18 
6 37 6 26 6 66 6 63 6 16 6 15 6 46 6 51 6 55 6 11 6 68 6 49 6 76 6 7 
