Instance filename: ./instances/RCPMSII/RCPMS_Instance_64_m=5_n=100_t=6
Min temperature: 0.1
Max temperature: 0.5
Melhor Solução: 648
Temp div: 20
MCL: 500
PTL: 400
Elapsed time was: 55659
Maquina 1 : 1 2 37 33 27 10 9 6 3 39 45 50 69 72 76 90 92 93 95 96 
Maquina 2 : 15 88 80 78 68 67 65 64 61 58 57 55 54 53 51 40 35 25 18 99 
Maquina 3 : 4 7 8 16 20 31 32 47 48 71 91 94 73 63 62 56 
Maquina 4 : 49 42 41 26 22 19 11 0 74 84 89 97 5 13 17 79 77 60 46 43 36 29 28 
Maquina 5 : 23 82 83 86 87 98 30 24 21 14 12 34 38 44 52 59 66 70 75 81 85 
Formato de validacao do resultado: 
0 1 0 2 0 37 0 33 0 27 0 10 0 9 0 6 0 3 0 39 0 45 0 50 0 69 0 72 0 76 0 90 0 92 0 93 0 95 0 96 
1 15 1 88 1 80 1 78 1 68 1 67 1 65 1 64 1 61 1 58 1 57 1 55 1 54 1 53 1 51 1 40 1 35 1 25 1 18 1 99 
2 4 2 7 2 8 2 16 2 20 2 31 2 32 2 47 2 48 2 71 2 91 2 94 2 73 2 63 2 62 2 56 
3 49 3 42 3 41 3 26 3 22 3 19 3 11 3 0 3 74 3 84 3 89 3 97 3 5 3 13 3 17 3 79 3 77 3 60 3 46 3 43 3 36 3 29 3 28 
4 23 4 82 4 83 4 86 4 87 4 98 4 30 4 24 4 21 4 14 4 12 4 34 4 38 4 44 4 52 4 59 4 66 4 70 4 75 4 81 4 85 
