Instance filename: ./instances/RCPMSII/RCPMS_Instance_44_m=4_n=100_t=11
Min temperature: 0.1
Max temperature: 0.5
Melhor Solução: 852
Temp div: 20
MCL: 500
PTL: 400
Elapsed time was: 24736
Maquina 1 : 78 39 47 42 6 91 28 12 41 25 64 59 55 56 72 90 33 94 31 48 37 22 30 97 
Maquina 2 : 1 57 67 5 92 49 17 68 73 96 36 8 14 60 98 79 81 2 11 23 50 4 65 34 74 43 95 99 
Maquina 3 : 61 52 66 45 20 80 69 77 3 88 93 53 75 19 7 54 24 87 83 26 10 40 
Maquina 4 : 86 46 27 38 70 58 44 13 0 51 89 21 9 71 76 63 29 18 16 82 32 15 85 35 84 62 
Formato de validacao do resultado: 
0 78 0 39 0 47 0 42 0 6 0 91 0 28 0 12 0 41 0 25 0 64 0 59 0 55 0 56 0 72 0 90 0 33 0 94 0 31 0 48 0 37 0 22 0 30 0 97 
1 1 1 57 1 67 1 5 1 92 1 49 1 17 1 68 1 73 1 96 1 36 1 8 1 14 1 60 1 98 1 79 1 81 1 2 1 11 1 23 1 50 1 4 1 65 1 34 1 74 1 43 1 95 1 99 
2 61 2 52 2 66 2 45 2 20 2 80 2 69 2 77 2 3 2 88 2 93 2 53 2 75 2 19 2 7 2 54 2 24 2 87 2 83 2 26 2 10 2 40 
3 86 3 46 3 27 3 38 3 70 3 58 3 44 3 13 3 0 3 51 3 89 3 21 3 9 3 71 3 76 3 63 3 29 3 18 3 16 3 82 3 32 3 15 3 85 3 35 3 84 3 62 
