Instance filename: ./instances/RCPMSII/RCPMS_Instance_125_m=7_n=200_t=8
Min temperature: 0.1
Max temperature: 0.5
Melhor Solução: 994
Temp div: 20
MCL: 500
PTL: 400
Elapsed time was: 244608
Maquina 1 : 99 32 23 2 17 195 3 10 198 145 132 131 125 165 178 123 63 192 111 120 160 116 118 66 14 113 85 108 33 
Maquina 2 : 98 104 27 16 58 92 74 38 51 75 67 76 173 193 154 186 196 151 96 159 68 71 110 124 101 24 69 
Maquina 3 : 78 57 21 15 18 122 41 29 53 45 88 149 49 175 103 84 22 191 117 172 141 106 100 158 177 5 
Maquina 4 : 70 81 153 56 112 55 182 174 138 82 0 20 102 187 11 97 176 139 8 163 26 129 1 135 65 142 95 127 43 12 
Maquina 5 : 169 48 185 83 6 60 194 46 146 90 30 140 64 137 72 144 150 44 105 157 130 93 34 188 184 107 119 25 
Maquina 6 : 47 35 42 39 37 179 156 152 148 79 199 190 80 7 36 91 54 161 9 126 61 133 155 87 77 50 62 13 168 167 
Maquina 7 : 40 189 121 109 162 19 143 128 180 134 31 166 4 114 171 28 59 197 89 94 115 147 164 170 181 183 86 73 52 136 
Formato de validacao do resultado: 
0 99 0 32 0 23 0 2 0 17 0 195 0 3 0 10 0 198 0 145 0 132 0 131 0 125 0 165 0 178 0 123 0 63 0 192 0 111 0 120 0 160 0 116 0 118 0 66 0 14 0 113 0 85 0 108 0 33 
1 98 1 104 1 27 1 16 1 58 1 92 1 74 1 38 1 51 1 75 1 67 1 76 1 173 1 193 1 154 1 186 1 196 1 151 1 96 1 159 1 68 1 71 1 110 1 124 1 101 1 24 1 69 
2 78 2 57 2 21 2 15 2 18 2 122 2 41 2 29 2 53 2 45 2 88 2 149 2 49 2 175 2 103 2 84 2 22 2 191 2 117 2 172 2 141 2 106 2 100 2 158 2 177 2 5 
3 70 3 81 3 153 3 56 3 112 3 55 3 182 3 174 3 138 3 82 3 0 3 20 3 102 3 187 3 11 3 97 3 176 3 139 3 8 3 163 3 26 3 129 3 1 3 135 3 65 3 142 3 95 3 127 3 43 3 12 
4 169 4 48 4 185 4 83 4 6 4 60 4 194 4 46 4 146 4 90 4 30 4 140 4 64 4 137 4 72 4 144 4 150 4 44 4 105 4 157 4 130 4 93 4 34 4 188 4 184 4 107 4 119 4 25 
5 47 5 35 5 42 5 39 5 37 5 179 5 156 5 152 5 148 5 79 5 199 5 190 5 80 5 7 5 36 5 91 5 54 5 161 5 9 5 126 5 61 5 133 5 155 5 87 5 77 5 50 5 62 5 13 5 168 5 167 
6 40 6 189 6 121 6 109 6 162 6 19 6 143 6 128 6 180 6 134 6 31 6 166 6 4 6 114 6 171 6 28 6 59 6 197 6 89 6 94 6 115 6 147 6 164 6 170 6 181 6 183 6 86 6 73 6 52 6 136 
