Instance filename: ./instances/RCPMSII/RCPMS_Instance_116_m=7_n=100_t=13
Min temperature: 0.1
Max temperature: 0.5
Melhor Solução: 475
Temp div: 20
MCL: 500
PTL: 400
Elapsed time was: 60954
Maquina 1 : 78 29 0 28 98 27 92 17 37 7 23 26 18 25 52 
Maquina 2 : 31 57 80 85 63 54 32 10 49 84 30 59 8 1 
Maquina 3 : 5 44 79 42 6 38 68 73 64 41 53 67 56 97 51 13 2 
Maquina 4 : 11 14 46 22 40 99 24 75 83 81 21 76 95 94 
Maquina 5 : 45 70 55 82 15 19 66 3 86 65 89 62 69 91 16 
Maquina 6 : 34 61 74 58 48 12 96 36 43 77 35 50 72 
Maquina 7 : 4 39 88 93 60 47 87 20 71 90 9 33 
Formato de validacao do resultado: 
0 78 0 29 0 0 0 28 0 98 0 27 0 92 0 17 0 37 0 7 0 23 0 26 0 18 0 25 0 52 
1 31 1 57 1 80 1 85 1 63 1 54 1 32 1 10 1 49 1 84 1 30 1 59 1 8 1 1 
2 5 2 44 2 79 2 42 2 6 2 38 2 68 2 73 2 64 2 41 2 53 2 67 2 56 2 97 2 51 2 13 2 2 
3 11 3 14 3 46 3 22 3 40 3 99 3 24 3 75 3 83 3 81 3 21 3 76 3 95 3 94 
4 45 4 70 4 55 4 82 4 15 4 19 4 66 4 3 4 86 4 65 4 89 4 62 4 69 4 91 4 16 
5 34 5 61 5 74 5 58 5 48 5 12 5 96 5 36 5 43 5 77 5 35 5 50 5 72 
6 4 6 39 6 88 6 93 6 60 6 47 6 87 6 20 6 71 6 90 6 9 6 33 
