Instance filename: ./instances/RCPMSII/RCPMS_Instance_78_m=6_n=100_t=7
Min temperature: 0.1
Max temperature: 0.5
Melhor Solução: 514
Temp div: 20
MCL: 500
PTL: 400
Elapsed time was: 76770
Maquina 1 : 82 22 90 62 43 33 54 47 66 86 92 31 72 34 
Maquina 2 : 77 29 37 0 98 88 5 61 60 21 94 11 67 96 50 59 70 97 
Maquina 3 : 45 83 7 84 91 30 23 58 73 36 17 26 65 3 48 79 89 
Maquina 4 : 14 87 95 46 39 27 35 12 81 20 32 25 6 8 16 42 
Maquina 5 : 53 41 38 2 1 74 15 52 57 44 93 71 9 19 99 13 56 28 18 
Maquina 6 : 69 10 24 68 75 85 64 63 80 40 78 4 51 49 55 76 
Formato de validacao do resultado: 
0 82 0 22 0 90 0 62 0 43 0 33 0 54 0 47 0 66 0 86 0 92 0 31 0 72 0 34 
1 77 1 29 1 37 1 0 1 98 1 88 1 5 1 61 1 60 1 21 1 94 1 11 1 67 1 96 1 50 1 59 1 70 1 97 
2 45 2 83 2 7 2 84 2 91 2 30 2 23 2 58 2 73 2 36 2 17 2 26 2 65 2 3 2 48 2 79 2 89 
3 14 3 87 3 95 3 46 3 39 3 27 3 35 3 12 3 81 3 20 3 32 3 25 3 6 3 8 3 16 3 42 
4 53 4 41 4 38 4 2 4 1 4 74 4 15 4 52 4 57 4 44 4 93 4 71 4 9 4 19 4 99 4 13 4 56 4 28 4 18 
5 69 5 10 5 24 5 68 5 75 5 85 5 64 5 63 5 80 5 40 5 78 5 4 5 51 5 49 5 55 5 76 
