Instance filename: ./instances/RCPMSII/RCPMS_Instance_159_m=9_n=200_t=11
Min temperature: 0.1
Max temperature: 0.5
Melhor Solução: 754
Temp div: 20
MCL: 500
PTL: 400
Elapsed time was: 252187
Maquina 1 : 194 189 9 10 16 86 75 70 59 46 37 187 33 30 145 141 129 133 110 166 103 
Maquina 2 : 0 6 8 190 188 182 161 160 77 131 142 121 124 128 85 154 106 96 95 91 47 29 35 
Maquina 3 : 3 22 88 24 23 87 56 25 90 98 102 123 127 138 143 146 149 178 195 4 
Maquina 4 : 14 27 34 99 94 69 64 50 51 53 13 7 2 140 
Maquina 5 : 130 171 52 71 73 169 164 1 186 185 176 126 74 80 82 49 42 109 125 
Maquina 6 : 198 181 173 157 148 32 36 48 84 104 114 139 152 144 132 158 43 55 61 62 66 67 78 28 199 192 
Maquina 7 : 174 168 193 183 179 153 172 162 155 147 120 115 101 92 89 83 39 31 26 63 45 54 57 180 
Maquina 8 : 18 15 5 191 184 38 40 58 68 196 97 93 79 135 122 116 76 137 177 105 107 11 12 17 19 112 
Maquina 9 : 113 117 119 175 167 134 197 111 108 72 65 60 21 41 44 20 163 159 156 151 136 150 165 170 118 100 81 
Formato de validacao do resultado: 
0 194 0 189 0 9 0 10 0 16 0 86 0 75 0 70 0 59 0 46 0 37 0 187 0 33 0 30 0 145 0 141 0 129 0 133 0 110 0 166 0 103 
1 0 1 6 1 8 1 190 1 188 1 182 1 161 1 160 1 77 1 131 1 142 1 121 1 124 1 128 1 85 1 154 1 106 1 96 1 95 1 91 1 47 1 29 1 35 
2 3 2 22 2 88 2 24 2 23 2 87 2 56 2 25 2 90 2 98 2 102 2 123 2 127 2 138 2 143 2 146 2 149 2 178 2 195 2 4 
3 14 3 27 3 34 3 99 3 94 3 69 3 64 3 50 3 51 3 53 3 13 3 7 3 2 3 140 
4 130 4 171 4 52 4 71 4 73 4 169 4 164 4 1 4 186 4 185 4 176 4 126 4 74 4 80 4 82 4 49 4 42 4 109 4 125 
5 198 5 181 5 173 5 157 5 148 5 32 5 36 5 48 5 84 5 104 5 114 5 139 5 152 5 144 5 132 5 158 5 43 5 55 5 61 5 62 5 66 5 67 5 78 5 28 5 199 5 192 
6 174 6 168 6 193 6 183 6 179 6 153 6 172 6 162 6 155 6 147 6 120 6 115 6 101 6 92 6 89 6 83 6 39 6 31 6 26 6 63 6 45 6 54 6 57 6 180 
7 18 7 15 7 5 7 191 7 184 7 38 7 40 7 58 7 68 7 196 7 97 7 93 7 79 7 135 7 122 7 116 7 76 7 137 7 177 7 105 7 107 7 11 7 12 7 17 7 19 7 112 
8 113 8 117 8 119 8 175 8 167 8 134 8 197 8 111 8 108 8 72 8 65 8 60 8 21 8 41 8 44 8 20 8 163 8 159 8 156 8 151 8 136 8 150 8 165 8 170 8 118 8 100 8 81 
