Instance filename: ./instances/RCPMSII/RCPMS_Instance_32_m=4_n=100_t=5
Min temperature: 0.1
Max temperature: 0.5
Melhor Solução: 773
Temp div: 20
MCL: 500
PTL: 400
Elapsed time was: 35454
Maquina 1 : 31 36 94 87 68 0 28 40 95 91 90 83 54 85 5 4 60 3 44 89 22 76 41 7 11 8 16 99 
Maquina 2 : 48 52 53 24 2 71 13 70 97 46 49 37 38 47 20 81 84 66 55 1 10 72 74 79 30 33 
Maquina 3 : 12 86 98 43 23 62 17 14 34 39 96 65 67 82 56 75 29 35 63 69 64 77 
Maquina 4 : 78 92 9 25 18 27 93 26 61 80 73 51 19 32 45 6 57 21 15 42 88 58 50 59 
Formato de validacao do resultado: 
0 31 0 36 0 94 0 87 0 68 0 0 0 28 0 40 0 95 0 91 0 90 0 83 0 54 0 85 0 5 0 4 0 60 0 3 0 44 0 89 0 22 0 76 0 41 0 7 0 11 0 8 0 16 0 99 
1 48 1 52 1 53 1 24 1 2 1 71 1 13 1 70 1 97 1 46 1 49 1 37 1 38 1 47 1 20 1 81 1 84 1 66 1 55 1 1 1 10 1 72 1 74 1 79 1 30 1 33 
2 12 2 86 2 98 2 43 2 23 2 62 2 17 2 14 2 34 2 39 2 96 2 65 2 67 2 82 2 56 2 75 2 29 2 35 2 63 2 69 2 64 2 77 
3 78 3 92 3 9 3 25 3 18 3 27 3 93 3 26 3 61 3 80 3 73 3 51 3 19 3 32 3 45 3 6 3 57 3 21 3 15 3 42 3 88 3 58 3 50 3 59 
