Instance filename: ./instances/RCPMSII/RCPMS_Instance_86_m=6_n=100_t=13
Min temperature: 0.1
Max temperature: 0.5
Melhor Solução: 537
Temp div: 20
MCL: 500
PTL: 400
Elapsed time was: 55160
Maquina 1 : 78 4 20 92 29 47 99 45 14 67 81 22 90 71 87 
Maquina 2 : 39 80 82 91 41 68 5 1 98 42 59 15 11 23 95 2 
Maquina 3 : 49 63 75 72 12 21 8 84 73 93 10 62 58 51 88 30 24 53 
Maquina 4 : 37 94 97 46 52 60 32 69 66 19 25 38 74 77 3 55 50 40 
Maquina 5 : 33 64 35 27 48 6 96 36 9 85 18 56 28 89 43 79 70 83 
Maquina 6 : 0 31 61 54 76 16 44 65 34 17 7 86 57 13 26 
Formato de validacao do resultado: 
0 78 0 4 0 20 0 92 0 29 0 47 0 99 0 45 0 14 0 67 0 81 0 22 0 90 0 71 0 87 
1 39 1 80 1 82 1 91 1 41 1 68 1 5 1 1 1 98 1 42 1 59 1 15 1 11 1 23 1 95 1 2 
2 49 2 63 2 75 2 72 2 12 2 21 2 8 2 84 2 73 2 93 2 10 2 62 2 58 2 51 2 88 2 30 2 24 2 53 
3 37 3 94 3 97 3 46 3 52 3 60 3 32 3 69 3 66 3 19 3 25 3 38 3 74 3 77 3 3 3 55 3 50 3 40 
4 33 4 64 4 35 4 27 4 48 4 6 4 96 4 36 4 9 4 85 4 18 4 56 4 28 4 89 4 43 4 79 4 70 4 83 
5 0 5 31 5 61 5 54 5 76 5 16 5 44 5 65 5 34 5 17 5 7 5 86 5 57 5 13 5 26 
