Instance filename: ./instances/RCPMSII/RCPMS_Instance_157_m=9_n=200_t=11
Min temperature: 0.1
Max temperature: 0.5
Melhor Solução: 812
Temp div: 20
MCL: 500
PTL: 400
Elapsed time was: 192633
Maquina 1 : 48 57 58 60 78 83 103 104 106 124 131 139 140 13 14 22 25 43 49 51 55 67 68 
Maquina 2 : 69 75 88 102 116 129 147 148 154 166 37 36 35 34 32 19 17 0 176 165 162 160 144 
Maquina 3 : 130 118 113 112 111 107 94 80 66 54 46 33 21 9 4 199 196 193 192 186 183 181 
Maquina 4 : 179 159 135 122 120 100 93 86 61 47 42 38 10 189 79 91 96 127 132 44 
Maquina 5 : 59 63 109 121 123 133 136 137 149 151 153 156 158 167 168 178 2 7 12 20 40 50 52 62 81 84 87 
Maquina 6 : 119 125 143 195 188 184 174 141 138 117 115 110 105 56 39 23 194 190 187 27 26 16 3 
Maquina 7 : 197 150 164 182 185 1 5 15 29 64 65 70 73 76 77 24 18 8 6 
Maquina 8 : 191 180 177 175 172 169 163 161 146 145 142 134 126 114 101 97 90 85 71 45 41 31 28 11 
Maquina 9 : 173 171 170 152 99 92 89 82 30 53 72 74 95 98 108 128 155 157 198 
Formato de validacao do resultado: 
0 48 0 57 0 58 0 60 0 78 0 83 0 103 0 104 0 106 0 124 0 131 0 139 0 140 0 13 0 14 0 22 0 25 0 43 0 49 0 51 0 55 0 67 0 68 
1 69 1 75 1 88 1 102 1 116 1 129 1 147 1 148 1 154 1 166 1 37 1 36 1 35 1 34 1 32 1 19 1 17 1 0 1 176 1 165 1 162 1 160 1 144 
2 130 2 118 2 113 2 112 2 111 2 107 2 94 2 80 2 66 2 54 2 46 2 33 2 21 2 9 2 4 2 199 2 196 2 193 2 192 2 186 2 183 2 181 
3 179 3 159 3 135 3 122 3 120 3 100 3 93 3 86 3 61 3 47 3 42 3 38 3 10 3 189 3 79 3 91 3 96 3 127 3 132 3 44 
4 59 4 63 4 109 4 121 4 123 4 133 4 136 4 137 4 149 4 151 4 153 4 156 4 158 4 167 4 168 4 178 4 2 4 7 4 12 4 20 4 40 4 50 4 52 4 62 4 81 4 84 4 87 
5 119 5 125 5 143 5 195 5 188 5 184 5 174 5 141 5 138 5 117 5 115 5 110 5 105 5 56 5 39 5 23 5 194 5 190 5 187 5 27 5 26 5 16 5 3 
6 197 6 150 6 164 6 182 6 185 6 1 6 5 6 15 6 29 6 64 6 65 6 70 6 73 6 76 6 77 6 24 6 18 6 8 6 6 
7 191 7 180 7 177 7 175 7 172 7 169 7 163 7 161 7 146 7 145 7 142 7 134 7 126 7 114 7 101 7 97 7 90 7 85 7 71 7 45 7 41 7 31 7 28 7 11 
8 173 8 171 8 170 8 152 8 99 8 92 8 89 8 82 8 30 8 53 8 72 8 74 8 95 8 98 8 108 8 128 8 155 8 157 8 198 
