Instance filename: ./instances/RCPMSII/RCPMS_Instance_163_m=9_n=200_t=13
Min temperature: 0.1
Max temperature: 0.5
Melhor Solução: 675
Temp div: 20
MCL: 500
PTL: 400
Elapsed time was: 170873
Maquina 1 : 0 9 12 19 21 49 75 98 115 135 150 184 189 14 46 68 78 80 97 126 132 145 
Maquina 2 : 155 11 28 44 61 65 79 82 83 102 139 141 164 186 191 197 18 22 23 38 41 48 55 
Maquina 3 : 67 71 74 86 105 113 116 129 146 157 163 169 180 5 8 29 31 32 42 57 77 
Maquina 4 : 89 108 114 117 118 119 128 136 137 173 178 199 15 33 39 50 58 63 94 104 111 121 148 151 152 170 
Maquina 5 : 181 187 198 2 17 24 64 81 106 109 110 112 122 160 171 172 185 192 3 10 72 84 99 
Maquina 6 : 101 103 120 130 154 168 174 183 13 20 47 51 54 59 85 88 138 140 156 159 
Maquina 7 : 161 167 188 190 193 35 37 43 62 90 91 93 107 123 133 194 1 6 36 45 53 66 69 127 
Maquina 8 : 134 143 153 175 177 179 16 56 60 70 73 76 92 96 100 131 144 147 166 176 196 
Maquina 9 : 4 7 25 26 27 30 34 40 52 87 95 124 125 142 149 158 162 165 182 195 
Formato de validacao do resultado: 
0 0 0 9 0 12 0 19 0 21 0 49 0 75 0 98 0 115 0 135 0 150 0 184 0 189 0 14 0 46 0 68 0 78 0 80 0 97 0 126 0 132 0 145 
1 155 1 11 1 28 1 44 1 61 1 65 1 79 1 82 1 83 1 102 1 139 1 141 1 164 1 186 1 191 1 197 1 18 1 22 1 23 1 38 1 41 1 48 1 55 
2 67 2 71 2 74 2 86 2 105 2 113 2 116 2 129 2 146 2 157 2 163 2 169 2 180 2 5 2 8 2 29 2 31 2 32 2 42 2 57 2 77 
3 89 3 108 3 114 3 117 3 118 3 119 3 128 3 136 3 137 3 173 3 178 3 199 3 15 3 33 3 39 3 50 3 58 3 63 3 94 3 104 3 111 3 121 3 148 3 151 3 152 3 170 
4 181 4 187 4 198 4 2 4 17 4 24 4 64 4 81 4 106 4 109 4 110 4 112 4 122 4 160 4 171 4 172 4 185 4 192 4 3 4 10 4 72 4 84 4 99 
5 101 5 103 5 120 5 130 5 154 5 168 5 174 5 183 5 13 5 20 5 47 5 51 5 54 5 59 5 85 5 88 5 138 5 140 5 156 5 159 
6 161 6 167 6 188 6 190 6 193 6 35 6 37 6 43 6 62 6 90 6 91 6 93 6 107 6 123 6 133 6 194 6 1 6 6 6 36 6 45 6 53 6 66 6 69 6 127 
7 134 7 143 7 153 7 175 7 177 7 179 7 16 7 56 7 60 7 70 7 73 7 76 7 92 7 96 7 100 7 131 7 144 7 147 7 166 7 176 7 196 
8 4 8 7 8 25 8 26 8 27 8 30 8 34 8 40 8 52 8 87 8 95 8 124 8 125 8 142 8 149 8 158 8 162 8 165 8 182 8 195 
