Instance filename: ./instances/RCPMSII/RCPMS_Instance_71_m=5_n=100_t=11
Min temperature: 0.1
Max temperature: 0.5
Melhor Solução: 670
Temp div: 20
MCL: 500
PTL: 400
Elapsed time was: 39136
Maquina 1 : 90 88 27 39 34 5 82 37 13 60 4 29 83 17 25 6 79 45 
Maquina 2 : 1 76 22 80 78 0 70 48 47 33 65 12 32 66 8 72 36 67 56 
Maquina 3 : 30 53 85 46 38 41 73 7 74 42 68 84 16 75 62 18 35 52 87 15 96 55 
Maquina 4 : 40 31 89 24 54 98 59 91 99 51 26 11 3 97 69 92 14 94 10 44 
Maquina 5 : 95 57 43 2 19 77 63 61 64 50 93 28 86 20 21 23 81 58 71 49 9 
Formato de validacao do resultado: 
0 90 0 88 0 27 0 39 0 34 0 5 0 82 0 37 0 13 0 60 0 4 0 29 0 83 0 17 0 25 0 6 0 79 0 45 
1 1 1 76 1 22 1 80 1 78 1 0 1 70 1 48 1 47 1 33 1 65 1 12 1 32 1 66 1 8 1 72 1 36 1 67 1 56 
2 30 2 53 2 85 2 46 2 38 2 41 2 73 2 7 2 74 2 42 2 68 2 84 2 16 2 75 2 62 2 18 2 35 2 52 2 87 2 15 2 96 2 55 
3 40 3 31 3 89 3 24 3 54 3 98 3 59 3 91 3 99 3 51 3 26 3 11 3 3 3 97 3 69 3 92 3 14 3 94 3 10 3 44 
4 95 4 57 4 43 4 2 4 19 4 77 4 63 4 61 4 64 4 50 4 93 4 28 4 86 4 20 4 21 4 23 4 81 4 58 4 71 4 49 4 9 
