Instance filename: ./instances/RCPMSII/RCPMS_Instance_108_m=7_n=100_t=8
Min temperature: 0.1
Max temperature: 0.5
Melhor Solução: 442
Temp div: 20
MCL: 500
PTL: 400
Elapsed time was: 119040
Maquina 1 : 4 5 18 44 43 28 22 57 62 60 71 75 77 88 
Maquina 2 : 98 97 89 81 66 61 47 1 3 12 23 50 55 31 58 42 10 2 
Maquina 3 : 93 19 29 46 54 67 68 70 74 80 90 85 33 34 92 6 
Maquina 4 : 13 15 20 26 65 76 79 7 40 41 99 95 86 
Maquina 5 : 84 82 64 63 53 48 91 83 35 32 27 9 0 
Maquina 6 : 17 51 45 49 39 38 30 25 21 56 69 72 73 87 94 
Maquina 7 : 8 11 14 96 36 37 52 59 78 24 16 
Formato de validacao do resultado: 
0 4 0 5 0 18 0 44 0 43 0 28 0 22 0 57 0 62 0 60 0 71 0 75 0 77 0 88 
1 98 1 97 1 89 1 81 1 66 1 61 1 47 1 1 1 3 1 12 1 23 1 50 1 55 1 31 1 58 1 42 1 10 1 2 
2 93 2 19 2 29 2 46 2 54 2 67 2 68 2 70 2 74 2 80 2 90 2 85 2 33 2 34 2 92 2 6 
3 13 3 15 3 20 3 26 3 65 3 76 3 79 3 7 3 40 3 41 3 99 3 95 3 86 
4 84 4 82 4 64 4 63 4 53 4 48 4 91 4 83 4 35 4 32 4 27 4 9 4 0 
5 17 5 51 5 45 5 49 5 39 5 38 5 30 5 25 5 21 5 56 5 69 5 72 5 73 5 87 5 94 
6 8 6 11 6 14 6 96 6 36 6 37 6 52 6 59 6 78 6 24 6 16 
