Instance filename: ./instances/RCPMSII/RCPMS_Instance_122_m=7_n=200_t=8
Min temperature: 0.1
Max temperature: 0.5
Melhor Solução: 895
Temp div: 20
MCL: 500
PTL: 400
Elapsed time was: 317274
Maquina 1 : 27 18 7 1 50 55 116 81 92 145 143 87 111 65 66 71 43 133 139 196 91 31 176 174 75 192 84 85 
Maquina 2 : 61 95 185 22 173 168 163 140 150 188 187 182 193 152 21 6 2 3 24 137 105 86 64 52 34 
Maquina 3 : 199 132 136 13 51 36 14 57 170 82 124 123 122 184 62 80 47 41 48 162 153 115 102 94 180 37 
Maquina 4 : 175 171 169 160 129 128 154 23 20 39 0 90 73 131 53 35 147 67 151 54 44 79 12 4 118 89 113 165 59 197 189 
Maquina 5 : 172 69 32 78 46 45 63 16 25 10 159 30 56 107 42 83 144 100 98 191 149 126 127 109 157 148 121 
Maquina 6 : 198 9 72 77 96 97 142 155 103 15 108 164 166 58 161 112 190 178 114 110 106 49 38 33 29 120 68 156 135 125 181 195 
Maquina 7 : 11 74 26 28 93 99 101 70 117 119 130 134 104 60 177 40 8 146 141 76 19 17 5 158 167 138 186 88 183 179 194 
Formato de validacao do resultado: 
0 27 0 18 0 7 0 1 0 50 0 55 0 116 0 81 0 92 0 145 0 143 0 87 0 111 0 65 0 66 0 71 0 43 0 133 0 139 0 196 0 91 0 31 0 176 0 174 0 75 0 192 0 84 0 85 
1 61 1 95 1 185 1 22 1 173 1 168 1 163 1 140 1 150 1 188 1 187 1 182 1 193 1 152 1 21 1 6 1 2 1 3 1 24 1 137 1 105 1 86 1 64 1 52 1 34 
2 199 2 132 2 136 2 13 2 51 2 36 2 14 2 57 2 170 2 82 2 124 2 123 2 122 2 184 2 62 2 80 2 47 2 41 2 48 2 162 2 153 2 115 2 102 2 94 2 180 2 37 
3 175 3 171 3 169 3 160 3 129 3 128 3 154 3 23 3 20 3 39 3 0 3 90 3 73 3 131 3 53 3 35 3 147 3 67 3 151 3 54 3 44 3 79 3 12 3 4 3 118 3 89 3 113 3 165 3 59 3 197 3 189 
4 172 4 69 4 32 4 78 4 46 4 45 4 63 4 16 4 25 4 10 4 159 4 30 4 56 4 107 4 42 4 83 4 144 4 100 4 98 4 191 4 149 4 126 4 127 4 109 4 157 4 148 4 121 
5 198 5 9 5 72 5 77 5 96 5 97 5 142 5 155 5 103 5 15 5 108 5 164 5 166 5 58 5 161 5 112 5 190 5 178 5 114 5 110 5 106 5 49 5 38 5 33 5 29 5 120 5 68 5 156 5 135 5 125 5 181 5 195 
6 11 6 74 6 26 6 28 6 93 6 99 6 101 6 70 6 117 6 119 6 130 6 134 6 104 6 60 6 177 6 40 6 8 6 146 6 141 6 76 6 19 6 17 6 5 6 158 6 167 6 138 6 186 6 88 6 183 6 179 6 194 
