Instance filename: ./instances/RCPMSII/RCPMS_Instance_96_m=6_n=200_t=11
Min temperature: 0.1
Max temperature: 0.5
Melhor Solução: 1073
Temp div: 20
MCL: 500
PTL: 400
Elapsed time was: 101579
Maquina 1 : 163 194 64 107 102 37 12 109 52 41 35 129 60 3 113 4 93 186 17 199 134 131 87 148 153 22 178 125 166 104 58 9 
Maquina 2 : 2 180 91 144 80 11 77 1 172 124 150 170 39 198 173 94 168 18 67 53 112 95 44 14 187 88 177 115 66 75 10 136 119 159 98 
Maquina 3 : 51 158 43 81 42 154 126 152 181 82 54 70 108 78 127 59 99 26 46 40 183 31 171 116 86 16 83 121 36 111 63 47 118 65 
Maquina 4 : 73 105 176 89 49 29 19 141 85 135 123 72 0 68 130 117 188 45 161 97 15 92 13 182 79 55 162 110 48 100 71 
Maquina 5 : 160 195 27 167 34 5 190 106 139 122 146 137 196 184 143 61 157 142 25 193 101 30 169 32 21 133 165 6 84 76 138 156 57 145 
Maquina 6 : 74 56 185 50 174 149 7 20 62 28 24 23 128 191 132 96 103 151 192 120 33 189 147 197 140 175 38 164 69 179 155 8 90 114 
Formato de validacao do resultado: 
0 163 0 194 0 64 0 107 0 102 0 37 0 12 0 109 0 52 0 41 0 35 0 129 0 60 0 3 0 113 0 4 0 93 0 186 0 17 0 199 0 134 0 131 0 87 0 148 0 153 0 22 0 178 0 125 0 166 0 104 0 58 0 9 
1 2 1 180 1 91 1 144 1 80 1 11 1 77 1 1 1 172 1 124 1 150 1 170 1 39 1 198 1 173 1 94 1 168 1 18 1 67 1 53 1 112 1 95 1 44 1 14 1 187 1 88 1 177 1 115 1 66 1 75 1 10 1 136 1 119 1 159 1 98 
2 51 2 158 2 43 2 81 2 42 2 154 2 126 2 152 2 181 2 82 2 54 2 70 2 108 2 78 2 127 2 59 2 99 2 26 2 46 2 40 2 183 2 31 2 171 2 116 2 86 2 16 2 83 2 121 2 36 2 111 2 63 2 47 2 118 2 65 
3 73 3 105 3 176 3 89 3 49 3 29 3 19 3 141 3 85 3 135 3 123 3 72 3 0 3 68 3 130 3 117 3 188 3 45 3 161 3 97 3 15 3 92 3 13 3 182 3 79 3 55 3 162 3 110 3 48 3 100 3 71 
4 160 4 195 4 27 4 167 4 34 4 5 4 190 4 106 4 139 4 122 4 146 4 137 4 196 4 184 4 143 4 61 4 157 4 142 4 25 4 193 4 101 4 30 4 169 4 32 4 21 4 133 4 165 4 6 4 84 4 76 4 138 4 156 4 57 4 145 
5 74 5 56 5 185 5 50 5 174 5 149 5 7 5 20 5 62 5 28 5 24 5 23 5 128 5 191 5 132 5 96 5 103 5 151 5 192 5 120 5 33 5 189 5 147 5 197 5 140 5 175 5 38 5 164 5 69 5 179 5 155 5 8 5 90 5 114 
