Instance filename: ./instances/RCPMSII/RCPMS_Instance_148_m=8_n=200_t=13
Min temperature: 0.1
Max temperature: 0.5
Melhor Solução: 778
Temp div: 20
MCL: 500
PTL: 400
Elapsed time was: 158205
Maquina 1 : 26 57 63 189 199 54 35 152 116 130 103 143 127 123 28 24 180 132 113 73 0 137 
Maquina 2 : 3 34 17 80 92 125 89 99 78 56 49 106 192 162 160 186 158 175 149 141 118 198 2 74 194 188 179 155 
Maquina 3 : 18 197 170 72 14 23 37 40 42 43 44 60 193 140 171 104 101 91 142 47 45 19 39 
Maquina 4 : 15 9 76 64 97 58 129 126 53 55 36 27 112 61 59 108 86 82 66 5 20 13 90 21 
Maquina 5 : 32 79 51 93 190 95 85 178 183 120 110 98 68 88 164 122 128 150 177 181 105 75 25 33 29 
Maquina 6 : 31 50 144 52 167 161 138 109 165 46 131 139 16 147 157 153 11 12 30 185 184 182 115 62 83 174 119 6 154 151 84 
Maquina 7 : 70 65 166 102 41 38 156 4 8 7 168 117 121 136 148 163 81 22 133 107 69 195 145 169 172 191 111 71 
Maquina 8 : 1 10 48 187 124 134 176 135 77 67 96 100 114 173 159 146 87 94 196 
Formato de validacao do resultado: 
0 26 0 57 0 63 0 189 0 199 0 54 0 35 0 152 0 116 0 130 0 103 0 143 0 127 0 123 0 28 0 24 0 180 0 132 0 113 0 73 0 0 0 137 
1 3 1 34 1 17 1 80 1 92 1 125 1 89 1 99 1 78 1 56 1 49 1 106 1 192 1 162 1 160 1 186 1 158 1 175 1 149 1 141 1 118 1 198 1 2 1 74 1 194 1 188 1 179 1 155 
2 18 2 197 2 170 2 72 2 14 2 23 2 37 2 40 2 42 2 43 2 44 2 60 2 193 2 140 2 171 2 104 2 101 2 91 2 142 2 47 2 45 2 19 2 39 
3 15 3 9 3 76 3 64 3 97 3 58 3 129 3 126 3 53 3 55 3 36 3 27 3 112 3 61 3 59 3 108 3 86 3 82 3 66 3 5 3 20 3 13 3 90 3 21 
4 32 4 79 4 51 4 93 4 190 4 95 4 85 4 178 4 183 4 120 4 110 4 98 4 68 4 88 4 164 4 122 4 128 4 150 4 177 4 181 4 105 4 75 4 25 4 33 4 29 
5 31 5 50 5 144 5 52 5 167 5 161 5 138 5 109 5 165 5 46 5 131 5 139 5 16 5 147 5 157 5 153 5 11 5 12 5 30 5 185 5 184 5 182 5 115 5 62 5 83 5 174 5 119 5 6 5 154 5 151 5 84 
6 70 6 65 6 166 6 102 6 41 6 38 6 156 6 4 6 8 6 7 6 168 6 117 6 121 6 136 6 148 6 163 6 81 6 22 6 133 6 107 6 69 6 195 6 145 6 169 6 172 6 191 6 111 6 71 
7 1 7 10 7 48 7 187 7 124 7 134 7 176 7 135 7 77 7 67 7 96 7 100 7 114 7 173 7 159 7 146 7 87 7 94 7 196 
