Instance filename: ./instances/RCPMSII/RCPMS_Instance_79_m=6_n=100_t=7
Min temperature: 0.1
Max temperature: 0.5
Melhor Solução: 544
Temp div: 20
MCL: 500
PTL: 400
Elapsed time was: 79715
Maquina 1 : 41 2 78 42 6 21 46 33 17 99 93 69 40 19 87 
Maquina 2 : 26 95 31 64 55 7 98 77 10 70 37 74 76 81 27 53 68 60 
Maquina 3 : 85 52 12 28 8 66 30 44 47 72 45 63 79 13 
Maquina 4 : 48 20 96 11 61 92 39 43 49 54 86 58 62 4 36 23 56 5 
Maquina 5 : 97 14 22 91 73 34 25 9 90 24 80 57 51 75 18 3 15 38 35 
Maquina 6 : 84 32 88 16 82 65 71 67 59 1 89 83 29 94 0 50 
Formato de validacao do resultado: 
0 41 0 2 0 78 0 42 0 6 0 21 0 46 0 33 0 17 0 99 0 93 0 69 0 40 0 19 0 87 
1 26 1 95 1 31 1 64 1 55 1 7 1 98 1 77 1 10 1 70 1 37 1 74 1 76 1 81 1 27 1 53 1 68 1 60 
2 85 2 52 2 12 2 28 2 8 2 66 2 30 2 44 2 47 2 72 2 45 2 63 2 79 2 13 
3 48 3 20 3 96 3 11 3 61 3 92 3 39 3 43 3 49 3 54 3 86 3 58 3 62 3 4 3 36 3 23 3 56 3 5 
4 97 4 14 4 22 4 91 4 73 4 34 4 25 4 9 4 90 4 24 4 80 4 57 4 51 4 75 4 18 4 3 4 15 4 38 4 35 
5 84 5 32 5 88 5 16 5 82 5 65 5 71 5 67 5 59 5 1 5 89 5 83 5 29 5 94 5 0 5 50 
