Instance filename: ./instances/RCPMSII/RCPMS_Instance_143_m=8_n=200_t=11
Min temperature: 0.1
Max temperature: 0.5
Melhor Solução: 849
Temp div: 20
MCL: 500
PTL: 400
Elapsed time was: 424586
Maquina 1 : 47 13 25 27 18 97 154 199 57 44 180 100 164 166 120 84 1 15 138 53 179 98 184 168 92 73 
Maquina 2 : 17 52 43 110 64 66 128 177 116 63 139 136 192 127 54 188 187 118 62 172 87 161 80 194 
Maquina 3 : 183 24 132 83 111 22 9 113 35 51 46 159 142 23 82 26 55 169 81 68 12 195 
Maquina 4 : 148 76 108 45 79 191 89 33 104 49 160 39 124 5 2 129 75 114 143 135 60 86 196 105 3 130 106 126 
Maquina 5 : 38 31 0 198 115 140 112 48 56 8 103 109 186 21 146 165 163 95 173 101 137 125 85 78 88 94 145 141 
Maquina 6 : 41 36 131 121 157 176 77 90 28 133 93 6 42 50 59 7 19 74 178 185 170 189 167 102 
Maquina 7 : 158 151 40 134 69 182 34 10 152 72 29 58 119 70 117 123 71 190 16 107 171 32 
Maquina 8 : 153 193 37 181 91 155 20 11 14 174 67 197 156 150 65 162 147 4 99 144 149 122 61 175 30 96 
Formato de validacao do resultado: 
0 47 0 13 0 25 0 27 0 18 0 97 0 154 0 199 0 57 0 44 0 180 0 100 0 164 0 166 0 120 0 84 0 1 0 15 0 138 0 53 0 179 0 98 0 184 0 168 0 92 0 73 
1 17 1 52 1 43 1 110 1 64 1 66 1 128 1 177 1 116 1 63 1 139 1 136 1 192 1 127 1 54 1 188 1 187 1 118 1 62 1 172 1 87 1 161 1 80 1 194 
2 183 2 24 2 132 2 83 2 111 2 22 2 9 2 113 2 35 2 51 2 46 2 159 2 142 2 23 2 82 2 26 2 55 2 169 2 81 2 68 2 12 2 195 
3 148 3 76 3 108 3 45 3 79 3 191 3 89 3 33 3 104 3 49 3 160 3 39 3 124 3 5 3 2 3 129 3 75 3 114 3 143 3 135 3 60 3 86 3 196 3 105 3 3 3 130 3 106 3 126 
4 38 4 31 4 0 4 198 4 115 4 140 4 112 4 48 4 56 4 8 4 103 4 109 4 186 4 21 4 146 4 165 4 163 4 95 4 173 4 101 4 137 4 125 4 85 4 78 4 88 4 94 4 145 4 141 
5 41 5 36 5 131 5 121 5 157 5 176 5 77 5 90 5 28 5 133 5 93 5 6 5 42 5 50 5 59 5 7 5 19 5 74 5 178 5 185 5 170 5 189 5 167 5 102 
6 158 6 151 6 40 6 134 6 69 6 182 6 34 6 10 6 152 6 72 6 29 6 58 6 119 6 70 6 117 6 123 6 71 6 190 6 16 6 107 6 171 6 32 
7 153 7 193 7 37 7 181 7 91 7 155 7 20 7 11 7 14 7 174 7 67 7 197 7 156 7 150 7 65 7 162 7 147 7 4 7 99 7 144 7 149 7 122 7 61 7 175 7 30 7 96 
