Instance filename: ./instances/RCPMSII/RCPMS_Instance_158_m=9_n=200_t=11
Min temperature: 0.1
Max temperature: 0.5
Melhor Solução: 757
Temp div: 20
MCL: 500
PTL: 400
Elapsed time was: 186138
Maquina 1 : 136 122 81 170 165 159 158 156 108 106 113 84 89 99 185 179 80 112 169 173 167 97 117 
Maquina 2 : 75 93 138 26 16 12 8 2 62 68 124 135 154 152 148 142 33 46 175 192 197 149 144 126 131 4 10 79 
Maquina 3 : 83 98 103 87 95 125 77 69 56 31 123 20 22 109 107 91 82 39 35 151 171 194 
Maquina 4 : 0 13 23 30 49 50 66 76 78 86 88 111 114 115 188 178 168 157 143 132 130 119 118 195 
Maquina 5 : 6 7 9 14 129 137 44 52 48 29 18 15 47 74 70 64 60 32 19 1 189 
Maquina 6 : 116 100 72 51 42 40 186 182 180 139 127 120 67 102 71 172 196 199 21 65 
Maquina 7 : 96 163 161 153 150 101 174 166 176 183 5 37 58 57 45 90 73 3 177 160 147 
Maquina 8 : 146 134 133 104 61 63 85 94 141 181 190 191 105 110 121 128 140 145 11 17 155 162 
Maquina 9 : 53 38 28 43 34 36 41 198 193 187 184 164 55 59 25 24 27 54 92 
Formato de validacao do resultado: 
0 136 0 122 0 81 0 170 0 165 0 159 0 158 0 156 0 108 0 106 0 113 0 84 0 89 0 99 0 185 0 179 0 80 0 112 0 169 0 173 0 167 0 97 0 117 
1 75 1 93 1 138 1 26 1 16 1 12 1 8 1 2 1 62 1 68 1 124 1 135 1 154 1 152 1 148 1 142 1 33 1 46 1 175 1 192 1 197 1 149 1 144 1 126 1 131 1 4 1 10 1 79 
2 83 2 98 2 103 2 87 2 95 2 125 2 77 2 69 2 56 2 31 2 123 2 20 2 22 2 109 2 107 2 91 2 82 2 39 2 35 2 151 2 171 2 194 
3 0 3 13 3 23 3 30 3 49 3 50 3 66 3 76 3 78 3 86 3 88 3 111 3 114 3 115 3 188 3 178 3 168 3 157 3 143 3 132 3 130 3 119 3 118 3 195 
4 6 4 7 4 9 4 14 4 129 4 137 4 44 4 52 4 48 4 29 4 18 4 15 4 47 4 74 4 70 4 64 4 60 4 32 4 19 4 1 4 189 
5 116 5 100 5 72 5 51 5 42 5 40 5 186 5 182 5 180 5 139 5 127 5 120 5 67 5 102 5 71 5 172 5 196 5 199 5 21 5 65 
6 96 6 163 6 161 6 153 6 150 6 101 6 174 6 166 6 176 6 183 6 5 6 37 6 58 6 57 6 45 6 90 6 73 6 3 6 177 6 160 6 147 
7 146 7 134 7 133 7 104 7 61 7 63 7 85 7 94 7 141 7 181 7 190 7 191 7 105 7 110 7 121 7 128 7 140 7 145 7 11 7 17 7 155 7 162 
8 53 8 38 8 28 8 43 8 34 8 36 8 41 8 198 8 193 8 187 8 184 8 164 8 55 8 59 8 25 8 24 8 27 8 54 8 92 
