Instance filename: ./instances/RCPMSII/RCPMS_Instance_117_m=7_n=100_t=13
Min temperature: 0.1
Max temperature: 0.5
Melhor Solução: 526
Temp div: 20
MCL: 500
PTL: 400
Elapsed time was: 65502
Maquina 1 : 38 91 14 51 39 11 60 86 77 80 64 68 
Maquina 2 : 26 45 53 59 90 83 18 1 96 71 32 15 31 56 44 
Maquina 3 : 78 42 97 95 24 76 4 66 88 27 52 25 30 93 19 41 
Maquina 4 : 92 34 73 35 21 20 82 94 12 70 46 62 54 
Maquina 5 : 75 69 7 40 99 63 6 84 61 48 10 72 2 9 16 55 
Maquina 6 : 13 57 5 49 37 74 65 36 67 33 43 22 17 
Maquina 7 : 79 3 87 8 29 47 89 50 23 81 98 0 58 28 85 
Formato de validacao do resultado: 
0 38 0 91 0 14 0 51 0 39 0 11 0 60 0 86 0 77 0 80 0 64 0 68 
1 26 1 45 1 53 1 59 1 90 1 83 1 18 1 1 1 96 1 71 1 32 1 15 1 31 1 56 1 44 
2 78 2 42 2 97 2 95 2 24 2 76 2 4 2 66 2 88 2 27 2 52 2 25 2 30 2 93 2 19 2 41 
3 92 3 34 3 73 3 35 3 21 3 20 3 82 3 94 3 12 3 70 3 46 3 62 3 54 
4 75 4 69 4 7 4 40 4 99 4 63 4 6 4 84 4 61 4 48 4 10 4 72 4 2 4 9 4 16 4 55 
5 13 5 57 5 5 5 49 5 37 5 74 5 65 5 36 5 67 5 33 5 43 5 22 5 17 
6 79 6 3 6 87 6 8 6 29 6 47 6 89 6 50 6 23 6 81 6 98 6 0 6 58 6 28 6 85 
