Instance filename: ./instances/RCPMSII/RCPMS_Instance_168_m=10_n=200_t=11
Min temperature: 0.1
Max temperature: 0.5
Melhor Solução: 688
Temp div: 20
MCL: 500
PTL: 400
Elapsed time was: 783487
Maquina 1 : 132 59 136 103 115 56 71 145 102 185 168 10 180 121 130 81 80 
Maquina 2 : 169 135 11 167 93 177 79 113 139 66 39 87 111 126 91 0 
Maquina 3 : 183 98 88 164 198 149 16 101 50 55 173 76 175 38 199 33 6 184 84 73 30 152 
Maquina 4 : 157 124 156 171 151 90 25 108 127 143 70 48 181 62 19 166 82 140 119 14 78 138 
Maquina 5 : 36 34 24 26 120 118 18 92 23 2 193 69 95 134 63 57 112 125 163 129 105 
Maquina 6 : 148 51 195 58 197 146 32 64 116 179 155 46 85 109 174 77 22 52 65 83 
Maquina 7 : 159 106 99 54 97 86 153 107 190 3 154 21 110 45 40 96 
Maquina 8 : 165 170 141 192 123 47 29 35 191 133 9 7 72 189 187 100 75 131 12 20 176 186 4 17 
Maquina 9 : 60 158 137 5 161 194 144 94 42 37 15 61 162 182 43 41 67 1 104 172 13 142 
Maquina 10 : 178 53 150 49 196 122 128 188 8 117 31 68 89 44 114 147 74 28 27 160 
Formato de validacao do resultado: 
0 132 0 59 0 136 0 103 0 115 0 56 0 71 0 145 0 102 0 185 0 168 0 10 0 180 0 121 0 130 0 81 0 80 
1 169 1 135 1 11 1 167 1 93 1 177 1 79 1 113 1 139 1 66 1 39 1 87 1 111 1 126 1 91 1 0 
2 183 2 98 2 88 2 164 2 198 2 149 2 16 2 101 2 50 2 55 2 173 2 76 2 175 2 38 2 199 2 33 2 6 2 184 2 84 2 73 2 30 2 152 
3 157 3 124 3 156 3 171 3 151 3 90 3 25 3 108 3 127 3 143 3 70 3 48 3 181 3 62 3 19 3 166 3 82 3 140 3 119 3 14 3 78 3 138 
4 36 4 34 4 24 4 26 4 120 4 118 4 18 4 92 4 23 4 2 4 193 4 69 4 95 4 134 4 63 4 57 4 112 4 125 4 163 4 129 4 105 
5 148 5 51 5 195 5 58 5 197 5 146 5 32 5 64 5 116 5 179 5 155 5 46 5 85 5 109 5 174 5 77 5 22 5 52 5 65 5 83 
6 159 6 106 6 99 6 54 6 97 6 86 6 153 6 107 6 190 6 3 6 154 6 21 6 110 6 45 6 40 6 96 
7 165 7 170 7 141 7 192 7 123 7 47 7 29 7 35 7 191 7 133 7 9 7 7 7 72 7 189 7 187 7 100 7 75 7 131 7 12 7 20 7 176 7 186 7 4 7 17 
8 60 8 158 8 137 8 5 8 161 8 194 8 144 8 94 8 42 8 37 8 15 8 61 8 162 8 182 8 43 8 41 8 67 8 1 8 104 8 172 8 13 8 142 
9 178 9 53 9 150 9 49 9 196 9 122 9 128 9 188 9 8 9 117 9 31 9 68 9 89 9 44 9 114 9 147 9 74 9 28 9 27 9 160 
