Instance filename: ./instances/RCPMSII/RCPMS_Instance_74_m=5_n=100_t=11
Min temperature: 0.1
Max temperature: 0.5
Melhor Solução: 686
Temp div: 20
MCL: 500
PTL: 400
Elapsed time was: 37228
Maquina 1 : 98 84 83 0 4 60 74 3 55 44 42 97 68 20 14 54 35 7 66 56 99 10 
Maquina 2 : 38 48 64 89 69 73 16 28 85 90 72 36 9 26 78 41 63 71 45 29 61 
Maquina 3 : 77 51 6 33 87 34 11 30 86 15 21 50 62 39 75 88 79 43 40 81 
Maquina 4 : 8 82 23 80 58 12 92 5 65 25 2 27 19 76 57 93 94 59 32 
Maquina 5 : 49 47 37 53 67 95 17 91 96 22 70 31 13 18 46 24 52 1 
Formato de validacao do resultado: 
0 98 0 84 0 83 0 0 0 4 0 60 0 74 0 3 0 55 0 44 0 42 0 97 0 68 0 20 0 14 0 54 0 35 0 7 0 66 0 56 0 99 0 10 
1 38 1 48 1 64 1 89 1 69 1 73 1 16 1 28 1 85 1 90 1 72 1 36 1 9 1 26 1 78 1 41 1 63 1 71 1 45 1 29 1 61 
2 77 2 51 2 6 2 33 2 87 2 34 2 11 2 30 2 86 2 15 2 21 2 50 2 62 2 39 2 75 2 88 2 79 2 43 2 40 2 81 
3 8 3 82 3 23 3 80 3 58 3 12 3 92 3 5 3 65 3 25 3 2 3 27 3 19 3 76 3 57 3 93 3 94 3 59 3 32 
4 49 4 47 4 37 4 53 4 67 4 95 4 17 4 91 4 96 4 22 4 70 4 31 4 13 4 18 4 46 4 24 4 52 4 1 
