Instance filename: ./instances/RCPMSII/RCPMS_Instance_75_m=5_n=100_t=11
Min temperature: 0.1
Max temperature: 0.5
Melhor Solução: 689
Temp div: 20
MCL: 500
PTL: 400
Elapsed time was: 40865
Maquina 1 : 38 51 40 50 92 17 75 63 78 90 35 26 53 71 1 70 42 68 30 27 3 16 46 48 76 
Maquina 2 : 57 98 49 28 36 7 21 67 37 91 33 82 95 89 19 60 86 
Maquina 3 : 13 43 83 44 47 4 18 14 88 2 34 20 72 77 73 52 81 59 97 
Maquina 4 : 99 84 54 93 22 96 10 56 61 74 0 8 5 94 12 85 25 79 32 66 58 
Maquina 5 : 65 87 24 23 41 31 9 80 15 64 55 11 45 39 62 29 6 69 
Formato de validacao do resultado: 
0 38 0 51 0 40 0 50 0 92 0 17 0 75 0 63 0 78 0 90 0 35 0 26 0 53 0 71 0 1 0 70 0 42 0 68 0 30 0 27 0 3 0 16 0 46 0 48 0 76 
1 57 1 98 1 49 1 28 1 36 1 7 1 21 1 67 1 37 1 91 1 33 1 82 1 95 1 89 1 19 1 60 1 86 
2 13 2 43 2 83 2 44 2 47 2 4 2 18 2 14 2 88 2 2 2 34 2 20 2 72 2 77 2 73 2 52 2 81 2 59 2 97 
3 99 3 84 3 54 3 93 3 22 3 96 3 10 3 56 3 61 3 74 3 0 3 8 3 5 3 94 3 12 3 85 3 25 3 79 3 32 3 66 3 58 
4 65 4 87 4 24 4 23 4 41 4 31 4 9 4 80 4 15 4 64 4 55 4 11 4 45 4 39 4 62 4 29 4 6 4 69 
