Instance filename: ./instances/RCPMSII/RCPMS_Instance_94_m=6_n=200_t=7
Min temperature: 0.1
Max temperature: 0.5
Melhor Solução: 1029
Temp div: 20
MCL: 500
PTL: 400
Elapsed time was: 374492
Maquina 1 : 20 143 155 173 60 57 78 166 99 46 179 29 83 140 168 172 115 87 112 183 6 193 86 154 37 93 147 131 184 137 164 
Maquina 2 : 180 79 144 71 178 73 31 75 106 175 113 181 197 76 186 116 92 10 23 151 45 138 68 190 145 19 67 
Maquina 3 : 42 121 14 12 141 61 62 72 174 97 49 59 2 124 146 122 152 85 40 0 38 21 133 160 107 90 22 13 41 81 48 108 5 27 105 94 70 
Maquina 4 : 161 195 74 64 117 111 28 135 132 30 185 88 80 114 150 165 162 198 8 176 149 16 1 136 26 98 91 17 191 58 36 169 187 66 110 82 156 35 3 103 
Maquina 5 : 54 95 123 96 11 139 120 39 24 196 52 43 104 51 125 89 189 128 199 188 158 167 34 127 47 182 15 53 7 148 101 
Maquina 6 : 77 129 118 109 50 25 177 170 65 56 192 194 44 134 119 153 4 84 18 32 142 157 159 33 130 9 69 100 171 163 102 55 126 63 
Formato de validacao do resultado: 
0 20 0 143 0 155 0 173 0 60 0 57 0 78 0 166 0 99 0 46 0 179 0 29 0 83 0 140 0 168 0 172 0 115 0 87 0 112 0 183 0 6 0 193 0 86 0 154 0 37 0 93 0 147 0 131 0 184 0 137 0 164 
1 180 1 79 1 144 1 71 1 178 1 73 1 31 1 75 1 106 1 175 1 113 1 181 1 197 1 76 1 186 1 116 1 92 1 10 1 23 1 151 1 45 1 138 1 68 1 190 1 145 1 19 1 67 
2 42 2 121 2 14 2 12 2 141 2 61 2 62 2 72 2 174 2 97 2 49 2 59 2 2 2 124 2 146 2 122 2 152 2 85 2 40 2 0 2 38 2 21 2 133 2 160 2 107 2 90 2 22 2 13 2 41 2 81 2 48 2 108 2 5 2 27 2 105 2 94 2 70 
3 161 3 195 3 74 3 64 3 117 3 111 3 28 3 135 3 132 3 30 3 185 3 88 3 80 3 114 3 150 3 165 3 162 3 198 3 8 3 176 3 149 3 16 3 1 3 136 3 26 3 98 3 91 3 17 3 191 3 58 3 36 3 169 3 187 3 66 3 110 3 82 3 156 3 35 3 3 3 103 
4 54 4 95 4 123 4 96 4 11 4 139 4 120 4 39 4 24 4 196 4 52 4 43 4 104 4 51 4 125 4 89 4 189 4 128 4 199 4 188 4 158 4 167 4 34 4 127 4 47 4 182 4 15 4 53 4 7 4 148 4 101 
5 77 5 129 5 118 5 109 5 50 5 25 5 177 5 170 5 65 5 56 5 192 5 194 5 44 5 134 5 119 5 153 5 4 5 84 5 18 5 32 5 142 5 157 5 159 5 33 5 130 5 9 5 69 5 100 5 171 5 163 5 102 5 55 5 126 5 63 
