Instance filename: ./instances/RCPMSII/RCPMS_Instance_148_m=8_n=200_t=13
Min temperature: 0.1
Max temperature: 0.5
Melhor Solução: 778
Temp div: 20
MCL: 500
PTL: 400
Elapsed time was: 169983
Maquina 1 : 7 157 36 27 26 20 33 163 141 171 21 32 51 79 90 91 102 167 131 138 161 165 
Maquina 2 : 109 104 101 105 97 64 50 31 22 12 30 38 192 198 29 8 126 129 153 11 106 118 180 70 147 139 119 115 144 
Maquina 3 : 191 69 133 111 107 71 168 14 23 145 160 151 154 156 13 25 121 117 81 76 75 58 172 169 162 136 148 149 
Maquina 4 : 158 175 186 41 62 83 195 6 65 92 80 74 72 190 183 178 120 122 128 110 164 150 98 88 93 95 85 68 
Maquina 5 : 47 45 39 19 199 189 152 143 130 127 123 116 103 63 57 4 194 188 179 155 125 
Maquina 6 : 53 55 59 99 89 78 18 185 184 182 174 166 66 61 49 56 82 86 108 112 142 177 181 0 3 28 
Maquina 7 : 35 54 84 52 46 16 170 197 5 9 15 2 17 24 34 37 40 42 43 193 132 137 140 113 44 60 73 
Maquina 8 : 1 10 48 67 173 159 146 135 124 87 100 96 94 114 134 77 176 187 196 
Formato de validacao do resultado: 
0 7 0 157 0 36 0 27 0 26 0 20 0 33 0 163 0 141 0 171 0 21 0 32 0 51 0 79 0 90 0 91 0 102 0 167 0 131 0 138 0 161 0 165 
1 109 1 104 1 101 1 105 1 97 1 64 1 50 1 31 1 22 1 12 1 30 1 38 1 192 1 198 1 29 1 8 1 126 1 129 1 153 1 11 1 106 1 118 1 180 1 70 1 147 1 139 1 119 1 115 1 144 
2 191 2 69 2 133 2 111 2 107 2 71 2 168 2 14 2 23 2 145 2 160 2 151 2 154 2 156 2 13 2 25 2 121 2 117 2 81 2 76 2 75 2 58 2 172 2 169 2 162 2 136 2 148 2 149 
3 158 3 175 3 186 3 41 3 62 3 83 3 195 3 6 3 65 3 92 3 80 3 74 3 72 3 190 3 183 3 178 3 120 3 122 3 128 3 110 3 164 3 150 3 98 3 88 3 93 3 95 3 85 3 68 
4 47 4 45 4 39 4 19 4 199 4 189 4 152 4 143 4 130 4 127 4 123 4 116 4 103 4 63 4 57 4 4 4 194 4 188 4 179 4 155 4 125 
5 53 5 55 5 59 5 99 5 89 5 78 5 18 5 185 5 184 5 182 5 174 5 166 5 66 5 61 5 49 5 56 5 82 5 86 5 108 5 112 5 142 5 177 5 181 5 0 5 3 5 28 
6 35 6 54 6 84 6 52 6 46 6 16 6 170 6 197 6 5 6 9 6 15 6 2 6 17 6 24 6 34 6 37 6 40 6 42 6 43 6 193 6 132 6 137 6 140 6 113 6 44 6 60 6 73 
7 1 7 10 7 48 7 67 7 173 7 159 7 146 7 135 7 124 7 87 7 100 7 96 7 94 7 114 7 134 7 77 7 176 7 187 7 196 
