Instance filename: ./instances/RCPMSII/RCPMS_Instance_112_m=7_n=100_t=11
Min temperature: 0.1
Max temperature: 0.5
Melhor Solução: 494
Temp div: 20
MCL: 500
PTL: 400
Elapsed time was: 109877
Maquina 1 : 77 76 35 92 95 28 19 16 21 41 69 40 25 
Maquina 2 : 87 53 84 79 73 27 30 91 85 55 56 39 34 6 7 
Maquina 3 : 88 54 38 17 31 68 43 52 8 33 11 3 26 66 47 49 
Maquina 4 : 0 29 36 59 5 10 81 58 64 46 57 51 83 
Maquina 5 : 44 18 70 71 14 98 12 67 23 48 65 50 78 2 
Maquina 6 : 63 62 74 37 90 61 86 60 9 97 99 75 89 96 24 
Maquina 7 : 22 1 82 4 42 80 93 45 72 15 13 20 94 32 
Formato de validacao do resultado: 
0 77 0 76 0 35 0 92 0 95 0 28 0 19 0 16 0 21 0 41 0 69 0 40 0 25 
1 87 1 53 1 84 1 79 1 73 1 27 1 30 1 91 1 85 1 55 1 56 1 39 1 34 1 6 1 7 
2 88 2 54 2 38 2 17 2 31 2 68 2 43 2 52 2 8 2 33 2 11 2 3 2 26 2 66 2 47 2 49 
3 0 3 29 3 36 3 59 3 5 3 10 3 81 3 58 3 64 3 46 3 57 3 51 3 83 
4 44 4 18 4 70 4 71 4 14 4 98 4 12 4 67 4 23 4 48 4 65 4 50 4 78 4 2 
5 63 5 62 5 74 5 37 5 90 5 61 5 86 5 60 5 9 5 97 5 99 5 75 5 89 5 96 5 24 
6 22 6 1 6 82 6 4 6 42 6 80 6 93 6 45 6 72 6 15 6 13 6 20 6 94 6 32 
