Instance filename: ./instances/RCPMSII/RCPMS_Instance_137_m=8_n=200_t=9
Min temperature: 0.1
Max temperature: 0.5
Melhor Solução: 803
Temp div: 20
MCL: 500
PTL: 400
Elapsed time was: 407011
Maquina 1 : 100 122 64 72 73 189 125 109 143 87 142 132 44 108 2 191 174 141 166 161 175 113 171 4 
Maquina 2 : 84 163 40 105 9 25 145 67 195 71 190 54 34 81 196 103 56 133 169 104 41 60 32 51 183 
Maquina 3 : 167 45 12 46 18 10 198 101 65 27 137 138 182 17 187 37 63 181 58 119 148 98 36 176 194 
Maquina 4 : 47 79 33 91 159 49 35 156 11 74 61 120 68 23 152 188 184 146 16 14 111 165 48 
Maquina 5 : 20 6 162 1 86 8 83 112 55 50 168 117 78 179 185 134 3 158 52 7 118 135 
Maquina 6 : 131 107 92 110 99 39 95 94 115 76 5 15 123 193 38 96 124 89 186 19 57 149 0 29 82 150 154 
Maquina 7 : 106 53 116 93 28 139 62 114 136 144 155 121 153 31 13 66 30 157 180 173 130 147 197 22 70 140 126 
Maquina 8 : 177 43 102 88 69 199 90 59 42 160 172 178 26 128 127 97 21 192 151 80 77 75 170 24 129 164 85 
Formato de validacao do resultado: 
0 100 0 122 0 64 0 72 0 73 0 189 0 125 0 109 0 143 0 87 0 142 0 132 0 44 0 108 0 2 0 191 0 174 0 141 0 166 0 161 0 175 0 113 0 171 0 4 
1 84 1 163 1 40 1 105 1 9 1 25 1 145 1 67 1 195 1 71 1 190 1 54 1 34 1 81 1 196 1 103 1 56 1 133 1 169 1 104 1 41 1 60 1 32 1 51 1 183 
2 167 2 45 2 12 2 46 2 18 2 10 2 198 2 101 2 65 2 27 2 137 2 138 2 182 2 17 2 187 2 37 2 63 2 181 2 58 2 119 2 148 2 98 2 36 2 176 2 194 
3 47 3 79 3 33 3 91 3 159 3 49 3 35 3 156 3 11 3 74 3 61 3 120 3 68 3 23 3 152 3 188 3 184 3 146 3 16 3 14 3 111 3 165 3 48 
4 20 4 6 4 162 4 1 4 86 4 8 4 83 4 112 4 55 4 50 4 168 4 117 4 78 4 179 4 185 4 134 4 3 4 158 4 52 4 7 4 118 4 135 
5 131 5 107 5 92 5 110 5 99 5 39 5 95 5 94 5 115 5 76 5 5 5 15 5 123 5 193 5 38 5 96 5 124 5 89 5 186 5 19 5 57 5 149 5 0 5 29 5 82 5 150 5 154 
6 106 6 53 6 116 6 93 6 28 6 139 6 62 6 114 6 136 6 144 6 155 6 121 6 153 6 31 6 13 6 66 6 30 6 157 6 180 6 173 6 130 6 147 6 197 6 22 6 70 6 140 6 126 
7 177 7 43 7 102 7 88 7 69 7 199 7 90 7 59 7 42 7 160 7 172 7 178 7 26 7 128 7 127 7 97 7 21 7 192 7 151 7 80 7 77 7 75 7 170 7 24 7 129 7 164 7 85 
