Instance filename: ./instances/RCPMSII/RCPMS_Instance_118_m=7_n=100_t=13
Min temperature: 0.1
Max temperature: 0.5
Melhor Solução: 471
Temp div: 20
MCL: 500
PTL: 400
Elapsed time was: 57446
Maquina 1 : 29 72 84 67 98 20 41 38 90 93 74 66 59 81 
Maquina 2 : 99 28 42 19 39 4 27 75 58 56 45 
Maquina 3 : 5 92 14 91 22 76 36 49 88 35 8 95 94 71 79 
Maquina 4 : 47 80 11 78 17 30 97 89 6 53 37 18 69 96 63 60 
Maquina 5 : 83 46 55 65 62 51 24 2 50 33 12 40 1 43 
Maquina 6 : 54 23 85 61 70 82 77 44 87 15 86 26 64 57 13 
Maquina 7 : 10 48 9 32 0 21 3 73 34 31 68 7 52 16 25 
Formato de validacao do resultado: 
0 29 0 72 0 84 0 67 0 98 0 20 0 41 0 38 0 90 0 93 0 74 0 66 0 59 0 81 
1 99 1 28 1 42 1 19 1 39 1 4 1 27 1 75 1 58 1 56 1 45 
2 5 2 92 2 14 2 91 2 22 2 76 2 36 2 49 2 88 2 35 2 8 2 95 2 94 2 71 2 79 
3 47 3 80 3 11 3 78 3 17 3 30 3 97 3 89 3 6 3 53 3 37 3 18 3 69 3 96 3 63 3 60 
4 83 4 46 4 55 4 65 4 62 4 51 4 24 4 2 4 50 4 33 4 12 4 40 4 1 4 43 
5 54 5 23 5 85 5 61 5 70 5 82 5 77 5 44 5 87 5 15 5 86 5 26 5 64 5 57 5 13 
6 10 6 48 6 9 6 32 6 0 6 21 6 3 6 73 6 34 6 31 6 68 6 7 6 52 6 16 6 25 
