Instance filename: ./instances/RCPMSII/RCPMS_Instance_42_m=4_n=100_t=11
Min temperature: 0.1
Max temperature: 0.5
Melhor Solução: 839
Temp div: 20
MCL: 500
PTL: 400
Elapsed time was: 26523
Maquina 1 : 85 46 74 18 60 97 8 33 99 41 50 29 10 42 53 35 39 61 38 96 80 57 31 69 58 49 40 
Maquina 2 : 91 44 56 16 65 4 30 32 86 77 75 67 1 3 13 43 9 78 27 71 5 
Maquina 3 : 47 55 94 70 92 25 84 82 76 15 2 12 62 51 19 87 24 93 89 64 79 52 23 28 21 14 6 
Maquina 4 : 73 26 63 88 83 20 54 90 36 98 7 48 22 72 95 34 81 68 37 59 45 17 0 11 66 
Formato de validacao do resultado: 
0 85 0 46 0 74 0 18 0 60 0 97 0 8 0 33 0 99 0 41 0 50 0 29 0 10 0 42 0 53 0 35 0 39 0 61 0 38 0 96 0 80 0 57 0 31 0 69 0 58 0 49 0 40 
1 91 1 44 1 56 1 16 1 65 1 4 1 30 1 32 1 86 1 77 1 75 1 67 1 1 1 3 1 13 1 43 1 9 1 78 1 27 1 71 1 5 
2 47 2 55 2 94 2 70 2 92 2 25 2 84 2 82 2 76 2 15 2 2 2 12 2 62 2 51 2 19 2 87 2 24 2 93 2 89 2 64 2 79 2 52 2 23 2 28 2 21 2 14 2 6 
3 73 3 26 3 63 3 88 3 83 3 20 3 54 3 90 3 36 3 98 3 7 3 48 3 22 3 72 3 95 3 34 3 81 3 68 3 37 3 59 3 45 3 17 3 0 3 11 3 66 
