Instance filename: ./instances/RCPMSII/RCPMS_Instance_133_m=7_n=200_t=13
Min temperature: 0.1
Max temperature: 0.5
Melhor Solução: 946
Temp div: 20
MCL: 500
PTL: 400
Elapsed time was: 300577
Maquina 1 : 26 12 144 61 170 194 69 95 153 89 181 182 15 17 13 92 2 37 24 97 172 80 128 91 135 36 81 116 65 154 
Maquina 2 : 111 82 134 90 96 115 125 45 191 52 151 27 173 180 137 156 98 106 73 85 10 3 105 16 20 119 158 
Maquina 3 : 48 168 176 6 120 40 139 186 185 129 138 143 4 22 66 23 146 100 0 122 199 142 74 177 147 38 5 
Maquina 4 : 193 121 70 152 78 124 64 187 104 32 113 47 133 192 77 87 94 41 114 148 57 123 145 132 46 110 126 109 
Maquina 5 : 34 197 50 136 31 8 39 75 44 174 117 108 164 71 54 163 161 83 33 107 178 169 51 150 157 103 68 190 
Maquina 6 : 86 76 160 99 179 188 166 9 183 118 72 21 189 28 198 155 102 84 149 196 7 88 11 175 162 49 42 53 19 
Maquina 7 : 58 59 112 25 35 184 14 131 60 18 130 140 165 63 43 101 1 30 55 195 159 93 167 62 67 29 79 171 56 141 127 
Formato de validacao do resultado: 
0 26 0 12 0 144 0 61 0 170 0 194 0 69 0 95 0 153 0 89 0 181 0 182 0 15 0 17 0 13 0 92 0 2 0 37 0 24 0 97 0 172 0 80 0 128 0 91 0 135 0 36 0 81 0 116 0 65 0 154 
1 111 1 82 1 134 1 90 1 96 1 115 1 125 1 45 1 191 1 52 1 151 1 27 1 173 1 180 1 137 1 156 1 98 1 106 1 73 1 85 1 10 1 3 1 105 1 16 1 20 1 119 1 158 
2 48 2 168 2 176 2 6 2 120 2 40 2 139 2 186 2 185 2 129 2 138 2 143 2 4 2 22 2 66 2 23 2 146 2 100 2 0 2 122 2 199 2 142 2 74 2 177 2 147 2 38 2 5 
3 193 3 121 3 70 3 152 3 78 3 124 3 64 3 187 3 104 3 32 3 113 3 47 3 133 3 192 3 77 3 87 3 94 3 41 3 114 3 148 3 57 3 123 3 145 3 132 3 46 3 110 3 126 3 109 
4 34 4 197 4 50 4 136 4 31 4 8 4 39 4 75 4 44 4 174 4 117 4 108 4 164 4 71 4 54 4 163 4 161 4 83 4 33 4 107 4 178 4 169 4 51 4 150 4 157 4 103 4 68 4 190 
5 86 5 76 5 160 5 99 5 179 5 188 5 166 5 9 5 183 5 118 5 72 5 21 5 189 5 28 5 198 5 155 5 102 5 84 5 149 5 196 5 7 5 88 5 11 5 175 5 162 5 49 5 42 5 53 5 19 
6 58 6 59 6 112 6 25 6 35 6 184 6 14 6 131 6 60 6 18 6 130 6 140 6 165 6 63 6 43 6 101 6 1 6 30 6 55 6 195 6 159 6 93 6 167 6 62 6 67 6 29 6 79 6 171 6 56 6 141 6 127 
