Instance filename: ./instances/RCPMSII/RCPMS_Instance_96_m=6_n=200_t=11
Min temperature: 0.1
Max temperature: 0.5
Melhor Solução: 1078
Temp div: 20
MCL: 500
PTL: 400
Elapsed time was: 104255
Maquina 1 : 5 137 27 61 101 139 34 122 142 106 25 9 148 134 60 35 153 131 199 186 129 166 113 17 4 125 87 104 22 58 93 3 178 
Maquina 2 : 119 177 194 53 88 12 14 136 44 98 112 41 64 163 52 66 75 37 109 10 159 102 115 107 187 95 171 40 127 108 31 99 78 46 86 26 
Maquina 3 : 147 133 145 51 84 156 76 30 57 138 165 169 32 21 6 158 126 152 54 118 43 184 157 146 195 190 160 143 193 196 167 
Maquina 4 : 82 42 121 154 181 83 36 111 65 63 16 81 47 191 197 189 90 38 33 179 132 120 140 192 151 114 69 103 96 8 128 164 155 175 
Maquina 5 : 110 162 92 55 79 182 48 100 15 71 13 105 49 123 89 161 141 135 97 176 72 85 0 68 130 45 188 19 117 29 73 
Maquina 6 : 11 172 80 173 77 198 2 150 170 1 124 67 168 18 39 91 144 180 94 70 116 59 183 174 24 50 74 20 28 23 149 56 62 7 185 
Formato de validacao do resultado: 
0 5 0 137 0 27 0 61 0 101 0 139 0 34 0 122 0 142 0 106 0 25 0 9 0 148 0 134 0 60 0 35 0 153 0 131 0 199 0 186 0 129 0 166 0 113 0 17 0 4 0 125 0 87 0 104 0 22 0 58 0 93 0 3 0 178 
1 119 1 177 1 194 1 53 1 88 1 12 1 14 1 136 1 44 1 98 1 112 1 41 1 64 1 163 1 52 1 66 1 75 1 37 1 109 1 10 1 159 1 102 1 115 1 107 1 187 1 95 1 171 1 40 1 127 1 108 1 31 1 99 1 78 1 46 1 86 1 26 
2 147 2 133 2 145 2 51 2 84 2 156 2 76 2 30 2 57 2 138 2 165 2 169 2 32 2 21 2 6 2 158 2 126 2 152 2 54 2 118 2 43 2 184 2 157 2 146 2 195 2 190 2 160 2 143 2 193 2 196 2 167 
3 82 3 42 3 121 3 154 3 181 3 83 3 36 3 111 3 65 3 63 3 16 3 81 3 47 3 191 3 197 3 189 3 90 3 38 3 33 3 179 3 132 3 120 3 140 3 192 3 151 3 114 3 69 3 103 3 96 3 8 3 128 3 164 3 155 3 175 
4 110 4 162 4 92 4 55 4 79 4 182 4 48 4 100 4 15 4 71 4 13 4 105 4 49 4 123 4 89 4 161 4 141 4 135 4 97 4 176 4 72 4 85 4 0 4 68 4 130 4 45 4 188 4 19 4 117 4 29 4 73 
5 11 5 172 5 80 5 173 5 77 5 198 5 2 5 150 5 170 5 1 5 124 5 67 5 168 5 18 5 39 5 91 5 144 5 180 5 94 5 70 5 116 5 59 5 183 5 174 5 24 5 50 5 74 5 20 5 28 5 23 5 149 5 56 5 62 5 7 5 185 
