Instance filename: ./instances/RCPMSII/RCPMS_Instance_147_m=8_n=200_t=13
Min temperature: 0.1
Max temperature: 0.5
Melhor Solução: 803
Temp div: 20
MCL: 500
PTL: 400
Elapsed time was: 317174
Maquina 1 : 113 189 161 87 39 77 97 32 134 27 67 90 170 71 1 56 96 181 139 11 0 52 55 198 
Maquina 2 : 136 86 99 49 44 188 62 91 171 23 64 129 79 73 25 74 26 190 108 106 43 173 15 34 154 
Maquina 3 : 17 61 163 123 53 107 9 110 114 54 60 165 177 80 142 93 187 33 166 35 195 47 182 40 75 137 132 
Maquina 4 : 144 31 183 133 131 140 10 92 30 51 148 180 125 160 130 45 111 112 85 36 94 98 
Maquina 5 : 72 191 103 164 84 146 199 22 101 24 69 126 38 78 70 14 169 141 68 179 168 12 28 175 8 
Maquina 6 : 184 153 176 48 157 162 127 118 143 193 196 21 88 104 150 66 3 46 100 29 156 147 65 194 83 63 50 
Maquina 7 : 128 197 174 105 124 18 19 149 158 5 138 76 89 42 57 116 115 159 167 20 37 151 185 81 6 4 
Maquina 8 : 152 120 7 109 82 186 155 178 119 58 172 121 95 102 117 192 41 13 16 145 59 122 135 2 
Formato de validacao do resultado: 
0 113 0 189 0 161 0 87 0 39 0 77 0 97 0 32 0 134 0 27 0 67 0 90 0 170 0 71 0 1 0 56 0 96 0 181 0 139 0 11 0 0 0 52 0 55 0 198 
1 136 1 86 1 99 1 49 1 44 1 188 1 62 1 91 1 171 1 23 1 64 1 129 1 79 1 73 1 25 1 74 1 26 1 190 1 108 1 106 1 43 1 173 1 15 1 34 1 154 
2 17 2 61 2 163 2 123 2 53 2 107 2 9 2 110 2 114 2 54 2 60 2 165 2 177 2 80 2 142 2 93 2 187 2 33 2 166 2 35 2 195 2 47 2 182 2 40 2 75 2 137 2 132 
3 144 3 31 3 183 3 133 3 131 3 140 3 10 3 92 3 30 3 51 3 148 3 180 3 125 3 160 3 130 3 45 3 111 3 112 3 85 3 36 3 94 3 98 
4 72 4 191 4 103 4 164 4 84 4 146 4 199 4 22 4 101 4 24 4 69 4 126 4 38 4 78 4 70 4 14 4 169 4 141 4 68 4 179 4 168 4 12 4 28 4 175 4 8 
5 184 5 153 5 176 5 48 5 157 5 162 5 127 5 118 5 143 5 193 5 196 5 21 5 88 5 104 5 150 5 66 5 3 5 46 5 100 5 29 5 156 5 147 5 65 5 194 5 83 5 63 5 50 
6 128 6 197 6 174 6 105 6 124 6 18 6 19 6 149 6 158 6 5 6 138 6 76 6 89 6 42 6 57 6 116 6 115 6 159 6 167 6 20 6 37 6 151 6 185 6 81 6 6 6 4 
7 152 7 120 7 7 7 109 7 82 7 186 7 155 7 178 7 119 7 58 7 172 7 121 7 95 7 102 7 117 7 192 7 41 7 13 7 16 7 145 7 59 7 122 7 135 7 2 
