Instance filename: ./instances/RCPMSII/RCPMS_Instance_180_m=10_n=200_t=17
Min temperature: 0.1
Max temperature: 0.5
Melhor Solução: 605
Temp div: 20
MCL: 500
PTL: 400
Elapsed time was: 197053
Maquina 1 : 124 71 66 104 126 36 94 40 65 70 43 31 67 114 47 77 55 89 87 119 171 166 
Maquina 2 : 120 145 115 95 155 102 97 54 73 93 59 185 177 76 173 134 1 21 167 195 175 157 
Maquina 3 : 81 58 45 62 198 130 197 30 123 132 186 162 199 161 187 164 129 18 179 140 146 194 
Maquina 4 : 160 35 74 19 37 14 149 158 92 116 24 117 112 101 83 153 28 100 135 193 184 99 
Maquina 5 : 7 49 85 22 27 131 11 159 69 8 68 56 91 152 6 38 75 125 
Maquina 6 : 150 148 182 133 0 138 121 118 90 57 26 143 12 42 16 139 170 32 109 
Maquina 7 : 190 110 180 39 9 183 23 86 13 4 141 181 98 10 72 169 128 17 136 178 137 165 172 
Maquina 8 : 192 189 33 64 96 50 46 25 61 176 127 147 105 196 41 15 
Maquina 9 : 53 122 142 52 144 113 2 156 3 88 174 84 48 108 82 103 5 80 151 
Maquina 10 : 20 29 44 34 63 60 188 107 106 78 51 168 163 111 154 79 191 
Formato de validacao do resultado: 
0 124 0 71 0 66 0 104 0 126 0 36 0 94 0 40 0 65 0 70 0 43 0 31 0 67 0 114 0 47 0 77 0 55 0 89 0 87 0 119 0 171 0 166 
1 120 1 145 1 115 1 95 1 155 1 102 1 97 1 54 1 73 1 93 1 59 1 185 1 177 1 76 1 173 1 134 1 1 1 21 1 167 1 195 1 175 1 157 
2 81 2 58 2 45 2 62 2 198 2 130 2 197 2 30 2 123 2 132 2 186 2 162 2 199 2 161 2 187 2 164 2 129 2 18 2 179 2 140 2 146 2 194 
3 160 3 35 3 74 3 19 3 37 3 14 3 149 3 158 3 92 3 116 3 24 3 117 3 112 3 101 3 83 3 153 3 28 3 100 3 135 3 193 3 184 3 99 
4 7 4 49 4 85 4 22 4 27 4 131 4 11 4 159 4 69 4 8 4 68 4 56 4 91 4 152 4 6 4 38 4 75 4 125 
5 150 5 148 5 182 5 133 5 0 5 138 5 121 5 118 5 90 5 57 5 26 5 143 5 12 5 42 5 16 5 139 5 170 5 32 5 109 
6 190 6 110 6 180 6 39 6 9 6 183 6 23 6 86 6 13 6 4 6 141 6 181 6 98 6 10 6 72 6 169 6 128 6 17 6 136 6 178 6 137 6 165 6 172 
7 192 7 189 7 33 7 64 7 96 7 50 7 46 7 25 7 61 7 176 7 127 7 147 7 105 7 196 7 41 7 15 
8 53 8 122 8 142 8 52 8 144 8 113 8 2 8 156 8 3 8 88 8 174 8 84 8 48 8 108 8 82 8 103 8 5 8 80 8 151 
9 20 9 29 9 44 9 34 9 63 9 60 9 188 9 107 9 106 9 78 9 51 9 168 9 163 9 111 9 154 9 79 9 191 
