Instance filename: ./instances/RCPMSII/RCPMS_Instance_140_m=8_n=200_t=9
Min temperature: 0.1
Max temperature: 0.5
Melhor Solução: 809
Temp div: 20
MCL: 500
PTL: 400
Elapsed time was: 421873
Maquina 1 : 10 124 70 144 41 177 107 44 125 19 62 51 17 155 146 196 64 104 137 128 135 95 167 26 176 
Maquina 2 : 67 181 8 5 102 57 199 169 195 73 182 123 115 87 174 85 127 122 66 21 129 28 186 142 190 9 
Maquina 3 : 47 72 59 79 78 68 49 114 65 56 93 53 98 96 131 99 50 75 112 126 119 120 
Maquina 4 : 82 4 6 55 165 133 178 183 39 139 103 31 151 159 110 32 52 14 173 91 179 145 194 
Maquina 5 : 132 118 116 16 15 158 163 152 170 74 140 100 97 27 29 34 23 188 11 160 3 89 189 
Maquina 6 : 61 33 113 45 150 38 136 162 109 13 7 1 71 94 101 63 37 164 88 25 43 117 161 168 69 149 180 193 
Maquina 7 : 54 105 46 121 191 58 166 154 2 0 84 111 197 83 171 130 156 192 77 42 40 184 106 
Maquina 8 : 20 92 81 30 185 138 153 80 90 86 60 76 143 108 24 175 147 48 172 157 187 35 148 18 198 22 141 12 134 36 
Formato de validacao do resultado: 
0 10 0 124 0 70 0 144 0 41 0 177 0 107 0 44 0 125 0 19 0 62 0 51 0 17 0 155 0 146 0 196 0 64 0 104 0 137 0 128 0 135 0 95 0 167 0 26 0 176 
1 67 1 181 1 8 1 5 1 102 1 57 1 199 1 169 1 195 1 73 1 182 1 123 1 115 1 87 1 174 1 85 1 127 1 122 1 66 1 21 1 129 1 28 1 186 1 142 1 190 1 9 
2 47 2 72 2 59 2 79 2 78 2 68 2 49 2 114 2 65 2 56 2 93 2 53 2 98 2 96 2 131 2 99 2 50 2 75 2 112 2 126 2 119 2 120 
3 82 3 4 3 6 3 55 3 165 3 133 3 178 3 183 3 39 3 139 3 103 3 31 3 151 3 159 3 110 3 32 3 52 3 14 3 173 3 91 3 179 3 145 3 194 
4 132 4 118 4 116 4 16 4 15 4 158 4 163 4 152 4 170 4 74 4 140 4 100 4 97 4 27 4 29 4 34 4 23 4 188 4 11 4 160 4 3 4 89 4 189 
5 61 5 33 5 113 5 45 5 150 5 38 5 136 5 162 5 109 5 13 5 7 5 1 5 71 5 94 5 101 5 63 5 37 5 164 5 88 5 25 5 43 5 117 5 161 5 168 5 69 5 149 5 180 5 193 
6 54 6 105 6 46 6 121 6 191 6 58 6 166 6 154 6 2 6 0 6 84 6 111 6 197 6 83 6 171 6 130 6 156 6 192 6 77 6 42 6 40 6 184 6 106 
7 20 7 92 7 81 7 30 7 185 7 138 7 153 7 80 7 90 7 86 7 60 7 76 7 143 7 108 7 24 7 175 7 147 7 48 7 172 7 157 7 187 7 35 7 148 7 18 7 198 7 22 7 141 7 12 7 134 7 36 
