Instance filename: ./instances/RCPMSII/RCPMS_Instance_91_m=6_n=200_t=7
Min temperature: 0.1
Max temperature: 0.5
Melhor Solução: 1045
Temp div: 20
MCL: 500
PTL: 400
Elapsed time was: 325877
Maquina 1 : 140 61 157 160 150 62 171 8 151 46 96 182 41 66 141 45 4 113 98 159 34 130 53 57 64 44 126 128 1 15 112 33 25 
Maquina 2 : 164 59 26 148 142 80 110 108 36 56 40 114 127 195 48 72 135 178 92 143 89 133 2 91 124 67 65 14 9 99 88 109 
Maquina 3 : 180 117 196 100 47 51 24 78 153 188 69 167 31 105 122 74 176 87 39 82 184 111 76 199 186 190 197 194 179 
Maquina 4 : 149 161 94 70 43 38 104 170 60 106 73 75 11 63 37 85 103 101 155 84 154 116 138 32 83 10 139 168 0 29 129 12 121 77 174 152 13 115 35 
Maquina 5 : 198 17 185 81 102 27 49 3 145 146 19 50 123 173 5 177 136 165 18 58 42 183 21 90 55 193 118 158 144 175 28 
Maquina 6 : 166 172 163 54 20 134 125 97 95 119 189 169 86 68 156 6 71 187 162 147 7 30 79 120 191 23 137 22 52 132 16 107 93 192 181 131 
Formato de validacao do resultado: 
0 140 0 61 0 157 0 160 0 150 0 62 0 171 0 8 0 151 0 46 0 96 0 182 0 41 0 66 0 141 0 45 0 4 0 113 0 98 0 159 0 34 0 130 0 53 0 57 0 64 0 44 0 126 0 128 0 1 0 15 0 112 0 33 0 25 
1 164 1 59 1 26 1 148 1 142 1 80 1 110 1 108 1 36 1 56 1 40 1 114 1 127 1 195 1 48 1 72 1 135 1 178 1 92 1 143 1 89 1 133 1 2 1 91 1 124 1 67 1 65 1 14 1 9 1 99 1 88 1 109 
2 180 2 117 2 196 2 100 2 47 2 51 2 24 2 78 2 153 2 188 2 69 2 167 2 31 2 105 2 122 2 74 2 176 2 87 2 39 2 82 2 184 2 111 2 76 2 199 2 186 2 190 2 197 2 194 2 179 
3 149 3 161 3 94 3 70 3 43 3 38 3 104 3 170 3 60 3 106 3 73 3 75 3 11 3 63 3 37 3 85 3 103 3 101 3 155 3 84 3 154 3 116 3 138 3 32 3 83 3 10 3 139 3 168 3 0 3 29 3 129 3 12 3 121 3 77 3 174 3 152 3 13 3 115 3 35 
4 198 4 17 4 185 4 81 4 102 4 27 4 49 4 3 4 145 4 146 4 19 4 50 4 123 4 173 4 5 4 177 4 136 4 165 4 18 4 58 4 42 4 183 4 21 4 90 4 55 4 193 4 118 4 158 4 144 4 175 4 28 
5 166 5 172 5 163 5 54 5 20 5 134 5 125 5 97 5 95 5 119 5 189 5 169 5 86 5 68 5 156 5 6 5 71 5 187 5 162 5 147 5 7 5 30 5 79 5 120 5 191 5 23 5 137 5 22 5 52 5 132 5 16 5 107 5 93 5 192 5 181 5 131 
