Instance filename: ./instances/RCPMSII/RCPMS_Instance_122_m=7_n=200_t=8
Min temperature: 0.1
Max temperature: 0.5
Melhor Solução: 895
Temp div: 20
MCL: 500
PTL: 400
Elapsed time was: 335068
Maquina 1 : 54 169 175 73 147 129 171 128 53 67 131 133 75 66 71 61 85 139 145 143 84 22 43 31 87 174 
Maquina 2 : 68 81 33 92 120 125 114 18 49 178 135 106 110 181 195 7 116 1 55 50 38 27 156 29 118 83 32 197 144 165 107 45 
Maquina 3 : 46 25 89 4 189 30 172 59 16 159 12 63 56 10 42 69 113 78 35 154 0 160 151 44 23 39 90 20 79 
Maquina 4 : 196 192 91 176 65 95 111 185 148 190 108 166 164 142 126 97 58 112 96 161 15 157 155 149 191 198 9 
Maquina 5 : 109 100 121 127 103 77 98 72 163 6 137 182 86 187 173 168 21 193 3 140 52 24 2 105 152 188 34 64 150 
Maquina 6 : 130 70 5 93 76 141 138 194 183 117 158 88 19 40 11 26 99 186 101 104 74 119 177 28 60 8 179 167 146 17 134 
Maquina 7 : 184 132 51 124 80 102 94 122 162 36 82 180 123 170 41 115 153 57 37 47 14 13 199 48 62 136 
Formato de validacao do resultado: 
0 54 0 169 0 175 0 73 0 147 0 129 0 171 0 128 0 53 0 67 0 131 0 133 0 75 0 66 0 71 0 61 0 85 0 139 0 145 0 143 0 84 0 22 0 43 0 31 0 87 0 174 
1 68 1 81 1 33 1 92 1 120 1 125 1 114 1 18 1 49 1 178 1 135 1 106 1 110 1 181 1 195 1 7 1 116 1 1 1 55 1 50 1 38 1 27 1 156 1 29 1 118 1 83 1 32 1 197 1 144 1 165 1 107 1 45 
2 46 2 25 2 89 2 4 2 189 2 30 2 172 2 59 2 16 2 159 2 12 2 63 2 56 2 10 2 42 2 69 2 113 2 78 2 35 2 154 2 0 2 160 2 151 2 44 2 23 2 39 2 90 2 20 2 79 
3 196 3 192 3 91 3 176 3 65 3 95 3 111 3 185 3 148 3 190 3 108 3 166 3 164 3 142 3 126 3 97 3 58 3 112 3 96 3 161 3 15 3 157 3 155 3 149 3 191 3 198 3 9 
4 109 4 100 4 121 4 127 4 103 4 77 4 98 4 72 4 163 4 6 4 137 4 182 4 86 4 187 4 173 4 168 4 21 4 193 4 3 4 140 4 52 4 24 4 2 4 105 4 152 4 188 4 34 4 64 4 150 
5 130 5 70 5 5 5 93 5 76 5 141 5 138 5 194 5 183 5 117 5 158 5 88 5 19 5 40 5 11 5 26 5 99 5 186 5 101 5 104 5 74 5 119 5 177 5 28 5 60 5 8 5 179 5 167 5 146 5 17 5 134 
6 184 6 132 6 51 6 124 6 80 6 102 6 94 6 122 6 162 6 36 6 82 6 180 6 123 6 170 6 41 6 115 6 153 6 57 6 37 6 47 6 14 6 13 6 199 6 48 6 62 6 136 
