Instance filename: ./instances/RCPMSII/RCPMS_Instance_170_m=10_n=200_t=11
Min temperature: 0.1
Max temperature: 0.5
Melhor Solução: 772
Temp div: 20
MCL: 500
PTL: 400
Elapsed time was: 351964
Maquina 1 : 9 150 152 109 48 5 73 117 12 129 86 110 34 61 98 94 87 99 20 
Maquina 2 : 3 17 82 79 80 38 50 77 181 24 195 121 40 190 142 43 96 97 76 91 66 21 36 37 171 
Maquina 3 : 188 135 126 105 118 123 19 158 169 185 84 114 170 26 27 28 116 111 71 72 160 
Maquina 4 : 53 156 157 177 173 162 100 22 60 35 89 54 51 148 147 141 136 172 179 
Maquina 5 : 196 189 155 103 101 92 122 32 163 108 67 119 56 145 130 165 174 95 
Maquina 6 : 93 88 31 49 70 90 63 52 39 42 120 4 68 14 128 46 199 30 41 175 138 15 11 
Maquina 7 : 149 154 184 186 198 58 69 29 6 1 74 75 81 167 151 64 16 65 62 146 25 143 83 
Maquina 8 : 33 132 45 23 115 131 164 7 180 191 159 176 178 
Maquina 9 : 125 106 113 107 104 193 59 102 0 2 133 47 57 13 10 197 153 182 112 127 134 
Maquina 10 : 168 139 85 124 144 183 8 18 55 44 78 166 194 187 192 140 137 161 
Formato de validacao do resultado: 
0 9 0 150 0 152 0 109 0 48 0 5 0 73 0 117 0 12 0 129 0 86 0 110 0 34 0 61 0 98 0 94 0 87 0 99 0 20 
1 3 1 17 1 82 1 79 1 80 1 38 1 50 1 77 1 181 1 24 1 195 1 121 1 40 1 190 1 142 1 43 1 96 1 97 1 76 1 91 1 66 1 21 1 36 1 37 1 171 
2 188 2 135 2 126 2 105 2 118 2 123 2 19 2 158 2 169 2 185 2 84 2 114 2 170 2 26 2 27 2 28 2 116 2 111 2 71 2 72 2 160 
3 53 3 156 3 157 3 177 3 173 3 162 3 100 3 22 3 60 3 35 3 89 3 54 3 51 3 148 3 147 3 141 3 136 3 172 3 179 
4 196 4 189 4 155 4 103 4 101 4 92 4 122 4 32 4 163 4 108 4 67 4 119 4 56 4 145 4 130 4 165 4 174 4 95 
5 93 5 88 5 31 5 49 5 70 5 90 5 63 5 52 5 39 5 42 5 120 5 4 5 68 5 14 5 128 5 46 5 199 5 30 5 41 5 175 5 138 5 15 5 11 
6 149 6 154 6 184 6 186 6 198 6 58 6 69 6 29 6 6 6 1 6 74 6 75 6 81 6 167 6 151 6 64 6 16 6 65 6 62 6 146 6 25 6 143 6 83 
7 33 7 132 7 45 7 23 7 115 7 131 7 164 7 7 7 180 7 191 7 159 7 176 7 178 
8 125 8 106 8 113 8 107 8 104 8 193 8 59 8 102 8 0 8 2 8 133 8 47 8 57 8 13 8 10 8 197 8 153 8 182 8 112 8 127 8 134 
9 168 9 139 9 85 9 124 9 144 9 183 9 8 9 18 9 55 9 44 9 78 9 166 9 194 9 187 9 192 9 140 9 137 9 161 
