Instance filename: ./instances/RCPMSII/RCPMS_Instance_32_m=4_n=100_t=5
Min temperature: 0.1
Max temperature: 0.5
Melhor Solução: 773
Temp div: 20
MCL: 500
PTL: 400
Elapsed time was: 34929
Maquina 1 : 29 35 96 9 78 34 69 82 77 75 92 64 14 39 63 65 17 67 56 42 25 18 15 80 19 21 
Maquina 2 : 93 73 57 61 26 58 6 32 88 51 45 59 27 50 48 13 7 16 70 71 89 2 22 41 
Maquina 3 : 53 44 52 97 11 99 8 76 24 4 87 54 95 40 0 83 60 90 85 31 28 3 94 91 36 5 68 
Maquina 4 : 23 72 55 46 30 79 43 10 1 62 98 38 74 86 33 20 49 66 37 81 47 84 12 
Formato de validacao do resultado: 
0 29 0 35 0 96 0 9 0 78 0 34 0 69 0 82 0 77 0 75 0 92 0 64 0 14 0 39 0 63 0 65 0 17 0 67 0 56 0 42 0 25 0 18 0 15 0 80 0 19 0 21 
1 93 1 73 1 57 1 61 1 26 1 58 1 6 1 32 1 88 1 51 1 45 1 59 1 27 1 50 1 48 1 13 1 7 1 16 1 70 1 71 1 89 1 2 1 22 1 41 
2 53 2 44 2 52 2 97 2 11 2 99 2 8 2 76 2 24 2 4 2 87 2 54 2 95 2 40 2 0 2 83 2 60 2 90 2 85 2 31 2 28 2 3 2 94 2 91 2 36 2 5 2 68 
3 23 3 72 3 55 3 46 3 30 3 79 3 43 3 10 3 1 3 62 3 98 3 38 3 74 3 86 3 33 3 20 3 49 3 66 3 37 3 81 3 47 3 84 3 12 
