Instance filename: ./instances/RCPMSII/RCPMS_Instance_83_m=6_n=100_t=11
Min temperature: 0.1
Max temperature: 0.5
Melhor Solução: 549
Temp div: 20
MCL: 500
PTL: 400
Elapsed time was: 65129
Maquina 1 : 32 37 68 55 3 89 84 66 35 63 13 72 27 97 
Maquina 2 : 24 11 21 92 80 82 51 48 57 74 40 85 10 59 71 83 34 36 
Maquina 3 : 46 94 75 6 26 77 7 2 86 88 81 47 54 73 65 95 29 62 
Maquina 4 : 39 41 96 12 22 58 0 33 53 99 20 17 69 16 23 
Maquina 5 : 64 19 31 76 15 98 4 87 45 5 61 78 90 14 56 18 50 30 44 
Maquina 6 : 67 93 38 79 9 91 60 52 8 49 70 1 28 43 25 42 
Formato de validacao do resultado: 
0 32 0 37 0 68 0 55 0 3 0 89 0 84 0 66 0 35 0 63 0 13 0 72 0 27 0 97 
1 24 1 11 1 21 1 92 1 80 1 82 1 51 1 48 1 57 1 74 1 40 1 85 1 10 1 59 1 71 1 83 1 34 1 36 
2 46 2 94 2 75 2 6 2 26 2 77 2 7 2 2 2 86 2 88 2 81 2 47 2 54 2 73 2 65 2 95 2 29 2 62 
3 39 3 41 3 96 3 12 3 22 3 58 3 0 3 33 3 53 3 99 3 20 3 17 3 69 3 16 3 23 
4 64 4 19 4 31 4 76 4 15 4 98 4 4 4 87 4 45 4 5 4 61 4 78 4 90 4 14 4 56 4 18 4 50 4 30 4 44 
5 67 5 93 5 38 5 79 5 9 5 91 5 60 5 52 5 8 5 49 5 70 5 1 5 28 5 43 5 25 5 42 
