Instance filename: ./instances/RCPMSII/RCPMS_Instance_143_m=8_n=200_t=11
Min temperature: 0.1
Max temperature: 0.5
Melhor Solução: 849
Temp div: 20
MCL: 500
PTL: 400
Elapsed time was: 425936
Maquina 1 : 144 197 96 123 134 29 40 16 32 72 182 69 34 10 190 152 117 71 119 171 70 58 107 
Maquina 2 : 174 37 153 193 14 181 20 155 91 67 11 156 65 30 151 162 99 158 147 149 61 122 150 4 175 
Maquina 3 : 95 94 141 41 101 173 125 78 36 176 50 7 102 93 59 185 42 189 178 90 6 167 
Maquina 4 : 1 116 52 66 128 110 73 63 15 17 179 168 184 138 177 53 64 98 43 92 85 88 137 163 145 165 146 
Maquina 5 : 47 180 139 192 187 172 80 54 188 113 194 136 132 87 127 62 183 118 111 24 22 83 9 161 
Maquina 6 : 28 131 19 133 157 170 121 74 77 44 13 154 199 164 97 27 166 57 84 18 100 25 120 
Maquina 7 : 76 51 148 46 81 23 55 195 159 82 35 142 26 68 38 186 115 31 198 112 140 8 0 109 56 21 48 103 
Maquina 8 : 104 3 49 106 160 33 105 129 79 86 130 2 5 126 60 191 89 143 196 135 75 39 114 124 169 12 45 108 
Formato de validacao do resultado: 
0 144 0 197 0 96 0 123 0 134 0 29 0 40 0 16 0 32 0 72 0 182 0 69 0 34 0 10 0 190 0 152 0 117 0 71 0 119 0 171 0 70 0 58 0 107 
1 174 1 37 1 153 1 193 1 14 1 181 1 20 1 155 1 91 1 67 1 11 1 156 1 65 1 30 1 151 1 162 1 99 1 158 1 147 1 149 1 61 1 122 1 150 1 4 1 175 
2 95 2 94 2 141 2 41 2 101 2 173 2 125 2 78 2 36 2 176 2 50 2 7 2 102 2 93 2 59 2 185 2 42 2 189 2 178 2 90 2 6 2 167 
3 1 3 116 3 52 3 66 3 128 3 110 3 73 3 63 3 15 3 17 3 179 3 168 3 184 3 138 3 177 3 53 3 64 3 98 3 43 3 92 3 85 3 88 3 137 3 163 3 145 3 165 3 146 
4 47 4 180 4 139 4 192 4 187 4 172 4 80 4 54 4 188 4 113 4 194 4 136 4 132 4 87 4 127 4 62 4 183 4 118 4 111 4 24 4 22 4 83 4 9 4 161 
5 28 5 131 5 19 5 133 5 157 5 170 5 121 5 74 5 77 5 44 5 13 5 154 5 199 5 164 5 97 5 27 5 166 5 57 5 84 5 18 5 100 5 25 5 120 
6 76 6 51 6 148 6 46 6 81 6 23 6 55 6 195 6 159 6 82 6 35 6 142 6 26 6 68 6 38 6 186 6 115 6 31 6 198 6 112 6 140 6 8 6 0 6 109 6 56 6 21 6 48 6 103 
7 104 7 3 7 49 7 106 7 160 7 33 7 105 7 129 7 79 7 86 7 130 7 2 7 5 7 126 7 60 7 191 7 89 7 143 7 196 7 135 7 75 7 39 7 114 7 124 7 169 7 12 7 45 7 108 
