Instance filename: ./instances/RCPMSII/RCPMS_Instance_78_m=6_n=100_t=7
Min temperature: 0.1
Max temperature: 0.5
Melhor Solução: 514
Temp div: 20
MCL: 500
PTL: 400
Elapsed time was: 78422
Maquina 1 : 61 59 11 0 60 37 29 5 70 21 94 97 67 98 96 77 88 50 
Maquina 2 : 47 34 72 92 33 62 54 43 90 22 86 31 82 66 
Maquina 3 : 12 27 48 39 46 3 87 35 81 95 89 14 79 20 83 65 58 73 
Maquina 4 : 23 30 26 36 7 45 17 91 84 76 63 4 64 78 85 
Maquina 5 : 75 51 80 49 55 40 13 19 28 99 69 44 24 93 10 57 56 18 9 71 
Maquina 6 : 68 32 25 38 53 2 8 74 1 6 41 52 16 15 42 
Formato de validacao do resultado: 
0 61 0 59 0 11 0 0 0 60 0 37 0 29 0 5 0 70 0 21 0 94 0 97 0 67 0 98 0 96 0 77 0 88 0 50 
1 47 1 34 1 72 1 92 1 33 1 62 1 54 1 43 1 90 1 22 1 86 1 31 1 82 1 66 
2 12 2 27 2 48 2 39 2 46 2 3 2 87 2 35 2 81 2 95 2 89 2 14 2 79 2 20 2 83 2 65 2 58 2 73 
3 23 3 30 3 26 3 36 3 7 3 45 3 17 3 91 3 84 3 76 3 63 3 4 3 64 3 78 3 85 
4 75 4 51 4 80 4 49 4 55 4 40 4 13 4 19 4 28 4 99 4 69 4 44 4 24 4 93 4 10 4 57 4 56 4 18 4 9 4 71 
5 68 5 32 5 25 5 38 5 53 5 2 5 8 5 74 5 1 5 6 5 41 5 52 5 16 5 15 5 42 
