Instance filename: ./instances/RCPMSII/RCPMS_Instance_63_m=5_n=100_t=6
Min temperature: 0.1
Max temperature: 0.5
Melhor Solução: 587
Temp div: 20
MCL: 500
PTL: 400
Elapsed time was: 57649
Maquina 1 : 61 37 19 46 81 65 35 8 21 75 27 0 24 48 78 83 38 
Maquina 2 : 36 64 86 23 69 79 66 3 16 6 5 9 60 87 53 71 51 42 11 
Maquina 3 : 44 58 74 33 94 73 88 57 15 31 89 43 92 18 14 32 90 96 45 76 
Maquina 4 : 50 10 52 59 67 25 72 54 26 95 13 40 22 49 99 56 12 98 70 17 
Maquina 5 : 20 39 29 4 28 91 82 41 30 97 7 85 47 2 93 62 80 68 84 55 77 1 63 34 
Formato de validacao do resultado: 
0 61 0 37 0 19 0 46 0 81 0 65 0 35 0 8 0 21 0 75 0 27 0 0 0 24 0 48 0 78 0 83 0 38 
1 36 1 64 1 86 1 23 1 69 1 79 1 66 1 3 1 16 1 6 1 5 1 9 1 60 1 87 1 53 1 71 1 51 1 42 1 11 
2 44 2 58 2 74 2 33 2 94 2 73 2 88 2 57 2 15 2 31 2 89 2 43 2 92 2 18 2 14 2 32 2 90 2 96 2 45 2 76 
3 50 3 10 3 52 3 59 3 67 3 25 3 72 3 54 3 26 3 95 3 13 3 40 3 22 3 49 3 99 3 56 3 12 3 98 3 70 3 17 
4 20 4 39 4 29 4 4 4 28 4 91 4 82 4 41 4 30 4 97 4 7 4 85 4 47 4 2 4 93 4 62 4 80 4 68 4 84 4 55 4 77 4 1 4 63 4 34 
