Instance filename: ./instances/RCPMSII/RCPMS_Instance_76_m=6_n=100_t=7
Min temperature: 0.1
Max temperature: 0.5
Melhor Solução: 576
Temp div: 20
MCL: 500
PTL: 400
Elapsed time was: 84853
Maquina 1 : 39 1 29 25 14 28 74 41 26 86 6 46 49 8 
Maquina 2 : 34 53 71 56 19 35 63 43 83 69 7 76 48 67 99 87 62 
Maquina 3 : 38 78 32 55 12 3 82 97 22 92 23 85 96 95 13 31 36 16 17 
Maquina 4 : 64 10 70 90 21 58 73 66 4 2 52 42 37 5 77 44 18 
Maquina 5 : 15 98 45 33 88 94 9 30 80 75 81 54 20 89 51 59 24 40 
Maquina 6 : 11 79 50 60 68 0 65 47 27 61 91 84 72 93 57 
Formato de validacao do resultado: 
0 39 0 1 0 29 0 25 0 14 0 28 0 74 0 41 0 26 0 86 0 6 0 46 0 49 0 8 
1 34 1 53 1 71 1 56 1 19 1 35 1 63 1 43 1 83 1 69 1 7 1 76 1 48 1 67 1 99 1 87 1 62 
2 38 2 78 2 32 2 55 2 12 2 3 2 82 2 97 2 22 2 92 2 23 2 85 2 96 2 95 2 13 2 31 2 36 2 16 2 17 
3 64 3 10 3 70 3 90 3 21 3 58 3 73 3 66 3 4 3 2 3 52 3 42 3 37 3 5 3 77 3 44 3 18 
4 15 4 98 4 45 4 33 4 88 4 94 4 9 4 30 4 80 4 75 4 81 4 54 4 20 4 89 4 51 4 59 4 24 4 40 
5 11 5 79 5 50 5 60 5 68 5 0 5 65 5 47 5 27 5 61 5 91 5 84 5 72 5 93 5 57 
