Instance filename: ./instances/RCPMSII/RCPMS_Instance_45_m=4_n=100_t=11
Min temperature: 0.1
Max temperature: 0.5
Melhor Solução: 839
Temp div: 20
MCL: 500
PTL: 400
Elapsed time was: 23938
Maquina 1 : 63 83 26 37 52 4 47 70 50 55 33 77 58 68 94 1 36 42 81 96 35 61 14 6 66 
Maquina 2 : 87 17 49 80 54 16 21 88 19 56 39 30 3 78 20 93 60 29 5 91 12 11 57 22 10 
Maquina 3 : 64 45 31 86 69 85 73 38 41 2 97 48 74 75 32 67 15 7 59 98 28 40 25 34 65 
Maquina 4 : 72 79 18 53 84 71 46 27 23 82 51 8 13 0 95 90 76 24 92 43 99 9 44 62 89 
Formato de validacao do resultado: 
0 63 0 83 0 26 0 37 0 52 0 4 0 47 0 70 0 50 0 55 0 33 0 77 0 58 0 68 0 94 0 1 0 36 0 42 0 81 0 96 0 35 0 61 0 14 0 6 0 66 
1 87 1 17 1 49 1 80 1 54 1 16 1 21 1 88 1 19 1 56 1 39 1 30 1 3 1 78 1 20 1 93 1 60 1 29 1 5 1 91 1 12 1 11 1 57 1 22 1 10 
2 64 2 45 2 31 2 86 2 69 2 85 2 73 2 38 2 41 2 2 2 97 2 48 2 74 2 75 2 32 2 67 2 15 2 7 2 59 2 98 2 28 2 40 2 25 2 34 2 65 
3 72 3 79 3 18 3 53 3 84 3 71 3 46 3 27 3 23 3 82 3 51 3 8 3 13 3 0 3 95 3 90 3 76 3 24 3 92 3 43 3 99 3 9 3 44 3 62 3 89 
