Instance filename: ./instances/RCPMSII/RCPMS_Instance_168_m=10_n=200_t=11
Min temperature: 0.1
Max temperature: 0.5
Melhor Solução: 683
Temp div: 20
MCL: 500
PTL: 400
Elapsed time was: 909933
Maquina 1 : 52 32 58 51 22 148 77 85 46 109 116 195 197 174 179 83 146 155 65 64 
Maquina 2 : 129 63 193 134 92 2 18 112 163 99 69 54 105 23 159 106 95 125 57 165 141 35 
Maquina 3 : 55 88 73 16 184 175 30 76 101 198 149 199 164 173 98 152 183 6 84 50 33 38 
Maquina 4 : 156 171 140 166 124 62 127 181 143 157 90 78 82 70 151 19 119 25 48 14 108 
Maquina 5 : 10 186 133 17 75 86 100 20 131 4 80 118 26 130 36 120 121 3 34 24 107 
Maquina 6 : 81 190 135 0 87 126 169 139 66 91 79 39 167 113 177 111 11 93 
Maquina 7 : 53 178 160 122 68 150 117 147 128 74 89 28 196 49 114 44 188 27 31 8 
Maquina 8 : 103 115 138 180 145 102 185 9 191 153 12 187 176 97 189 7 72 
Maquina 9 : 154 110 123 192 40 47 170 45 29 96 21 136 59 71 168 132 56 
Maquina 10 : 37 15 137 104 5 13 94 42 67 194 41 60 162 43 144 61 182 158 172 142 1 161 
Formato de validacao do resultado: 
0 52 0 32 0 58 0 51 0 22 0 148 0 77 0 85 0 46 0 109 0 116 0 195 0 197 0 174 0 179 0 83 0 146 0 155 0 65 0 64 
1 129 1 63 1 193 1 134 1 92 1 2 1 18 1 112 1 163 1 99 1 69 1 54 1 105 1 23 1 159 1 106 1 95 1 125 1 57 1 165 1 141 1 35 
2 55 2 88 2 73 2 16 2 184 2 175 2 30 2 76 2 101 2 198 2 149 2 199 2 164 2 173 2 98 2 152 2 183 2 6 2 84 2 50 2 33 2 38 
3 156 3 171 3 140 3 166 3 124 3 62 3 127 3 181 3 143 3 157 3 90 3 78 3 82 3 70 3 151 3 19 3 119 3 25 3 48 3 14 3 108 
4 10 4 186 4 133 4 17 4 75 4 86 4 100 4 20 4 131 4 4 4 80 4 118 4 26 4 130 4 36 4 120 4 121 4 3 4 34 4 24 4 107 
5 81 5 190 5 135 5 0 5 87 5 126 5 169 5 139 5 66 5 91 5 79 5 39 5 167 5 113 5 177 5 111 5 11 5 93 
6 53 6 178 6 160 6 122 6 68 6 150 6 117 6 147 6 128 6 74 6 89 6 28 6 196 6 49 6 114 6 44 6 188 6 27 6 31 6 8 
7 103 7 115 7 138 7 180 7 145 7 102 7 185 7 9 7 191 7 153 7 12 7 187 7 176 7 97 7 189 7 7 7 72 
8 154 8 110 8 123 8 192 8 40 8 47 8 170 8 45 8 29 8 96 8 21 8 136 8 59 8 71 8 168 8 132 8 56 
9 37 9 15 9 137 9 104 9 5 9 13 9 94 9 42 9 67 9 194 9 41 9 60 9 162 9 43 9 144 9 61 9 182 9 158 9 172 9 142 9 1 9 161 
