Instance filename: ./instances/RCPMSII/RCPMS_Instance_33_m=4_n=100_t=5
Min temperature: 0.1
Max temperature: 0.5
Melhor Solução: 699
Temp div: 20
MCL: 500
PTL: 400
Elapsed time was: 44256
Maquina 1 : 29 23 36 79 91 80 41 8 97 35 7 2 83 78 25 81 12 69 67 1 71 33 38 75 
Maquina 2 : 70 20 22 13 48 31 17 82 9 54 43 50 3 14 34 72 6 90 47 56 
Maquina 3 : 26 11 57 88 39 62 73 85 93 95 15 0 21 63 53 66 87 27 89 51 86 77 46 28 52 5 58 92 61 40 44 
Maquina 4 : 68 10 42 60 65 84 32 45 64 18 74 55 30 19 94 96 98 4 16 76 24 37 59 49 99 
Formato de validacao do resultado: 
0 29 0 23 0 36 0 79 0 91 0 80 0 41 0 8 0 97 0 35 0 7 0 2 0 83 0 78 0 25 0 81 0 12 0 69 0 67 0 1 0 71 0 33 0 38 0 75 
1 70 1 20 1 22 1 13 1 48 1 31 1 17 1 82 1 9 1 54 1 43 1 50 1 3 1 14 1 34 1 72 1 6 1 90 1 47 1 56 
2 26 2 11 2 57 2 88 2 39 2 62 2 73 2 85 2 93 2 95 2 15 2 0 2 21 2 63 2 53 2 66 2 87 2 27 2 89 2 51 2 86 2 77 2 46 2 28 2 52 2 5 2 58 2 92 2 61 2 40 2 44 
3 68 3 10 3 42 3 60 3 65 3 84 3 32 3 45 3 64 3 18 3 74 3 55 3 30 3 19 3 94 3 96 3 98 3 4 3 16 3 76 3 24 3 37 3 59 3 49 3 99 
