Instance filename: ./instances/RCPMSII/RCPMS_Instance_108_m=7_n=100_t=8
Min temperature: 0.1
Max temperature: 0.5
Melhor Solução: 442
Temp div: 20
MCL: 500
PTL: 400
Elapsed time was: 121907
Maquina 1 : 57 62 75 4 71 28 44 22 77 18 5 60 43 88 
Maquina 2 : 67 33 70 46 34 68 6 90 80 29 74 85 54 19 92 93 
Maquina 3 : 98 81 47 42 50 97 3 1 31 23 61 55 89 12 66 58 9 35 83 
Maquina 4 : 27 0 91 32 13 20 76 15 65 79 2 10 26 
Maquina 5 : 96 14 24 78 37 8 16 59 11 36 52 
Maquina 6 : 82 95 64 86 7 48 63 41 53 99 84 40 
Maquina 7 : 72 25 56 21 73 49 38 87 94 30 45 51 17 69 39 
Formato de validacao do resultado: 
0 57 0 62 0 75 0 4 0 71 0 28 0 44 0 22 0 77 0 18 0 5 0 60 0 43 0 88 
1 67 1 33 1 70 1 46 1 34 1 68 1 6 1 90 1 80 1 29 1 74 1 85 1 54 1 19 1 92 1 93 
2 98 2 81 2 47 2 42 2 50 2 97 2 3 2 1 2 31 2 23 2 61 2 55 2 89 2 12 2 66 2 58 2 9 2 35 2 83 
3 27 3 0 3 91 3 32 3 13 3 20 3 76 3 15 3 65 3 79 3 2 3 10 3 26 
4 96 4 14 4 24 4 78 4 37 4 8 4 16 4 59 4 11 4 36 4 52 
5 82 5 95 5 64 5 86 5 7 5 48 5 63 5 41 5 53 5 99 5 84 5 40 
6 72 6 25 6 56 6 21 6 73 6 49 6 38 6 87 6 94 6 30 6 45 6 51 6 17 6 69 6 39 
