Instance filename: ./instances/RCPMSII/RCPMS_Instance_176_m=10_n=200_t=17
Min temperature: 0.1
Max temperature: 0.5
Melhor Solução: 681
Temp div: 20
MCL: 500
PTL: 400
Elapsed time was: 576030
Maquina 1 : 167 99 72 156 41 127 94 196 173 31 103 48 144 158 76 124 69 62 58 
Maquina 2 : 8 106 141 195 52 121 190 165 17 134 15 133 61 60 65 176 85 3 71 153 
Maquina 3 : 46 7 157 112 191 129 132 164 22 38 44 28 178 150 142 55 152 24 
Maquina 4 : 107 179 36 50 199 183 77 102 163 116 12 13 189 96 108 9 169 149 139 2 
Maquina 5 : 67 37 11 89 74 136 125 88 140 97 104 4 185 109 137 59 98 193 159 66 105 93 
Maquina 6 : 160 19 101 100 26 197 23 91 54 181 128 20 32 18 110 5 120 194 135 81 
Maquina 7 : 138 33 151 53 180 188 154 147 145 42 131 192 84 86 47 14 187 115 
Maquina 8 : 40 87 166 79 90 64 184 45 111 92 168 82 123 29 34 70 143 118 170 10 
Maquina 9 : 198 114 0 57 146 39 6 130 49 25 119 175 51 177 16 1 75 80 122 63 21 
Maquina 10 : 78 95 174 68 73 186 30 117 43 83 162 172 161 35 113 126 148 155 171 182 56 27 
Formato de validacao do resultado: 
0 167 0 99 0 72 0 156 0 41 0 127 0 94 0 196 0 173 0 31 0 103 0 48 0 144 0 158 0 76 0 124 0 69 0 62 0 58 
1 8 1 106 1 141 1 195 1 52 1 121 1 190 1 165 1 17 1 134 1 15 1 133 1 61 1 60 1 65 1 176 1 85 1 3 1 71 1 153 
2 46 2 7 2 157 2 112 2 191 2 129 2 132 2 164 2 22 2 38 2 44 2 28 2 178 2 150 2 142 2 55 2 152 2 24 
3 107 3 179 3 36 3 50 3 199 3 183 3 77 3 102 3 163 3 116 3 12 3 13 3 189 3 96 3 108 3 9 3 169 3 149 3 139 3 2 
4 67 4 37 4 11 4 89 4 74 4 136 4 125 4 88 4 140 4 97 4 104 4 4 4 185 4 109 4 137 4 59 4 98 4 193 4 159 4 66 4 105 4 93 
5 160 5 19 5 101 5 100 5 26 5 197 5 23 5 91 5 54 5 181 5 128 5 20 5 32 5 18 5 110 5 5 5 120 5 194 5 135 5 81 
6 138 6 33 6 151 6 53 6 180 6 188 6 154 6 147 6 145 6 42 6 131 6 192 6 84 6 86 6 47 6 14 6 187 6 115 
7 40 7 87 7 166 7 79 7 90 7 64 7 184 7 45 7 111 7 92 7 168 7 82 7 123 7 29 7 34 7 70 7 143 7 118 7 170 7 10 
8 198 8 114 8 0 8 57 8 146 8 39 8 6 8 130 8 49 8 25 8 119 8 175 8 51 8 177 8 16 8 1 8 75 8 80 8 122 8 63 8 21 
9 78 9 95 9 174 9 68 9 73 9 186 9 30 9 117 9 43 9 83 9 162 9 172 9 161 9 35 9 113 9 126 9 148 9 155 9 171 9 182 9 56 9 27 
