Instance filename: ./instances/RCPMSII/RCPMS_Instance_142_m=8_n=200_t=11
Min temperature: 0.1
Max temperature: 0.5
Melhor Solução: 836
Temp div: 20
MCL: 500
PTL: 400
Elapsed time was: 446504
Maquina 1 : 25 38 7 167 94 111 54 190 93 13 34 155 67 181 45 48 53 62 51 86 151 146 119 135 128 73 
Maquina 2 : 184 189 140 61 123 116 59 188 100 125 168 40 133 21 76 124 63 20 199 164 75 46 141 186 153 2 
Maquina 3 : 89 114 72 165 47 104 187 106 29 120 171 56 173 24 183 131 65 126 39 68 107 122 18 159 
Maquina 4 : 9 99 145 60 11 110 192 170 1 30 109 142 32 15 6 157 163 197 90 115 81 121 113 35 71 10 
Maquina 5 : 101 154 70 44 194 87 22 136 26 91 4 84 105 42 132 17 80 118 191 143 156 77 5 98 50 52 
Maquina 6 : 66 27 64 172 169 55 58 41 79 166 161 43 97 148 23 139 0 78 37 33 49 36 175 8 179 174 
Maquina 7 : 149 150 31 83 102 3 14 180 147 193 178 144 103 195 177 130 12 158 112 198 134 57 
Maquina 8 : 85 95 96 16 92 182 162 82 74 196 185 108 117 69 129 138 160 137 28 176 127 19 152 88 
Formato de validacao do resultado: 
0 25 0 38 0 7 0 167 0 94 0 111 0 54 0 190 0 93 0 13 0 34 0 155 0 67 0 181 0 45 0 48 0 53 0 62 0 51 0 86 0 151 0 146 0 119 0 135 0 128 0 73 
1 184 1 189 1 140 1 61 1 123 1 116 1 59 1 188 1 100 1 125 1 168 1 40 1 133 1 21 1 76 1 124 1 63 1 20 1 199 1 164 1 75 1 46 1 141 1 186 1 153 1 2 
2 89 2 114 2 72 2 165 2 47 2 104 2 187 2 106 2 29 2 120 2 171 2 56 2 173 2 24 2 183 2 131 2 65 2 126 2 39 2 68 2 107 2 122 2 18 2 159 
3 9 3 99 3 145 3 60 3 11 3 110 3 192 3 170 3 1 3 30 3 109 3 142 3 32 3 15 3 6 3 157 3 163 3 197 3 90 3 115 3 81 3 121 3 113 3 35 3 71 3 10 
4 101 4 154 4 70 4 44 4 194 4 87 4 22 4 136 4 26 4 91 4 4 4 84 4 105 4 42 4 132 4 17 4 80 4 118 4 191 4 143 4 156 4 77 4 5 4 98 4 50 4 52 
5 66 5 27 5 64 5 172 5 169 5 55 5 58 5 41 5 79 5 166 5 161 5 43 5 97 5 148 5 23 5 139 5 0 5 78 5 37 5 33 5 49 5 36 5 175 5 8 5 179 5 174 
6 149 6 150 6 31 6 83 6 102 6 3 6 14 6 180 6 147 6 193 6 178 6 144 6 103 6 195 6 177 6 130 6 12 6 158 6 112 6 198 6 134 6 57 
7 85 7 95 7 96 7 16 7 92 7 182 7 162 7 82 7 74 7 196 7 185 7 108 7 117 7 69 7 129 7 138 7 160 7 137 7 28 7 176 7 127 7 19 7 152 7 88 
