Instance filename: ./instances/RCPMSII/RCPMS_Instance_147_m=8_n=200_t=13
Min temperature: 0.1
Max temperature: 0.5
Melhor Solução: 813
Temp div: 20
MCL: 500
PTL: 400
Elapsed time was: 359101
Maquina 1 : 21 176 127 143 153 118 184 88 157 196 193 162 48 158 116 174 128 149 5 42 124 76 57 105 89 138 19 197 18 
Maquina 2 : 163 54 33 152 81 186 159 155 37 178 167 7 109 58 185 82 119 6 151 172 115 4 20 120 
Maquina 3 : 26 15 73 108 173 34 190 64 129 79 23 106 74 154 25 43 86 188 99 62 171 44 91 136 49 
Maquina 4 : 161 195 87 113 35 97 132 77 39 137 182 47 75 189 40 166 2 192 135 16 121 122 145 102 
Maquina 5 : 29 65 83 63 100 194 50 150 3 156 147 66 46 104 94 191 85 112 164 146 98 72 130 103 199 
Maquina 6 : 36 111 45 84 41 117 13 95 59 114 9 107 187 123 17 177 80 60 110 142 165 53 61 93 
Maquina 7 : 96 11 1 32 170 181 90 56 71 0 134 27 139 52 55 67 198 169 175 14 8 101 78 24 
Maquina 8 : 68 70 22 69 12 141 28 126 38 179 168 30 131 31 148 180 10 183 133 160 125 51 140 92 144 
Formato de validacao do resultado: 
0 21 0 176 0 127 0 143 0 153 0 118 0 184 0 88 0 157 0 196 0 193 0 162 0 48 0 158 0 116 0 174 0 128 0 149 0 5 0 42 0 124 0 76 0 57 0 105 0 89 0 138 0 19 0 197 0 18 
1 163 1 54 1 33 1 152 1 81 1 186 1 159 1 155 1 37 1 178 1 167 1 7 1 109 1 58 1 185 1 82 1 119 1 6 1 151 1 172 1 115 1 4 1 20 1 120 
2 26 2 15 2 73 2 108 2 173 2 34 2 190 2 64 2 129 2 79 2 23 2 106 2 74 2 154 2 25 2 43 2 86 2 188 2 99 2 62 2 171 2 44 2 91 2 136 2 49 
3 161 3 195 3 87 3 113 3 35 3 97 3 132 3 77 3 39 3 137 3 182 3 47 3 75 3 189 3 40 3 166 3 2 3 192 3 135 3 16 3 121 3 122 3 145 3 102 
4 29 4 65 4 83 4 63 4 100 4 194 4 50 4 150 4 3 4 156 4 147 4 66 4 46 4 104 4 94 4 191 4 85 4 112 4 164 4 146 4 98 4 72 4 130 4 103 4 199 
5 36 5 111 5 45 5 84 5 41 5 117 5 13 5 95 5 59 5 114 5 9 5 107 5 187 5 123 5 17 5 177 5 80 5 60 5 110 5 142 5 165 5 53 5 61 5 93 
6 96 6 11 6 1 6 32 6 170 6 181 6 90 6 56 6 71 6 0 6 134 6 27 6 139 6 52 6 55 6 67 6 198 6 169 6 175 6 14 6 8 6 101 6 78 6 24 
7 68 7 70 7 22 7 69 7 12 7 141 7 28 7 126 7 38 7 179 7 168 7 30 7 131 7 31 7 148 7 180 7 10 7 183 7 133 7 160 7 125 7 51 7 140 7 92 7 144 
