Instance filename: ./instances/RCPMSII/RCPMS_Instance_64_m=5_n=100_t=6
Min temperature: 0.1
Max temperature: 0.5
Melhor Solução: 648
Temp div: 20
MCL: 500
PTL: 400
Elapsed time was: 53186
Maquina 1 : 12 14 21 24 30 34 38 44 52 59 66 70 75 81 85 4 7 8 
Maquina 2 : 16 20 31 32 47 48 71 91 94 0 11 19 22 26 41 42 49 56 
Maquina 3 : 62 63 73 74 84 89 97 5 13 17 23 28 29 36 43 46 60 77 79 82 83 86 
Maquina 4 : 87 98 1 2 3 6 9 10 27 33 37 39 45 50 69 72 76 90 92 93 95 96 
Maquina 5 : 15 18 25 35 40 51 53 54 55 57 58 61 64 65 67 68 78 80 88 99 
Formato de validacao do resultado: 
0 12 0 14 0 21 0 24 0 30 0 34 0 38 0 44 0 52 0 59 0 66 0 70 0 75 0 81 0 85 0 4 0 7 0 8 
1 16 1 20 1 31 1 32 1 47 1 48 1 71 1 91 1 94 1 0 1 11 1 19 1 22 1 26 1 41 1 42 1 49 1 56 
2 62 2 63 2 73 2 74 2 84 2 89 2 97 2 5 2 13 2 17 2 23 2 28 2 29 2 36 2 43 2 46 2 60 2 77 2 79 2 82 2 83 2 86 
3 87 3 98 3 1 3 2 3 3 3 6 3 9 3 10 3 27 3 33 3 37 3 39 3 45 3 50 3 69 3 72 3 76 3 90 3 92 3 93 3 95 3 96 
4 15 4 18 4 25 4 35 4 40 4 51 4 53 4 54 4 55 4 57 4 58 4 61 4 64 4 65 4 67 4 68 4 78 4 80 4 88 4 99 
