Instance filename: ./instances/RCPMSII/RCPMS_Instance_158_m=9_n=200_t=11
Min temperature: 0.1
Max temperature: 0.5
Melhor Solução: 757
Temp div: 20
MCL: 500
PTL: 400
Elapsed time was: 172783
Maquina 1 : 21 40 42 51 102 100 72 116 120 39 35 128 121 191 190 55 53 
Maquina 2 : 198 193 187 141 94 38 4 10 140 145 162 164 110 184 105 92 181 28 124 135 138 142 131 126 
Maquina 3 : 112 103 98 83 79 77 69 56 31 22 20 14 9 7 6 185 179 137 129 123 109 107 91 85 159 165 
Maquina 4 : 170 172 25 27 37 45 61 63 82 175 149 144 148 152 154 167 169 173 
Maquina 5 : 65 47 15 3 67 84 81 71 89 99 24 5 189 186 182 180 139 127 192 197 
Maquina 6 : 0 13 114 111 88 119 132 130 143 157 168 178 86 78 76 66 50 49 30 23 115 118 188 195 
Maquina 7 : 2 8 12 16 26 33 46 62 68 75 93 97 117 158 156 155 136 122 113 108 106 196 199 
Maquina 8 : 147 146 134 133 104 90 73 59 58 57 177 160 11 17 18 29 44 54 80 87 95 125 151 171 194 1 
Maquina 9 : 19 32 60 64 70 174 166 163 161 153 150 96 101 74 176 183 34 36 41 43 52 48 
Formato de validacao do resultado: 
0 21 0 40 0 42 0 51 0 102 0 100 0 72 0 116 0 120 0 39 0 35 0 128 0 121 0 191 0 190 0 55 0 53 
1 198 1 193 1 187 1 141 1 94 1 38 1 4 1 10 1 140 1 145 1 162 1 164 1 110 1 184 1 105 1 92 1 181 1 28 1 124 1 135 1 138 1 142 1 131 1 126 
2 112 2 103 2 98 2 83 2 79 2 77 2 69 2 56 2 31 2 22 2 20 2 14 2 9 2 7 2 6 2 185 2 179 2 137 2 129 2 123 2 109 2 107 2 91 2 85 2 159 2 165 
3 170 3 172 3 25 3 27 3 37 3 45 3 61 3 63 3 82 3 175 3 149 3 144 3 148 3 152 3 154 3 167 3 169 3 173 
4 65 4 47 4 15 4 3 4 67 4 84 4 81 4 71 4 89 4 99 4 24 4 5 4 189 4 186 4 182 4 180 4 139 4 127 4 192 4 197 
5 0 5 13 5 114 5 111 5 88 5 119 5 132 5 130 5 143 5 157 5 168 5 178 5 86 5 78 5 76 5 66 5 50 5 49 5 30 5 23 5 115 5 118 5 188 5 195 
6 2 6 8 6 12 6 16 6 26 6 33 6 46 6 62 6 68 6 75 6 93 6 97 6 117 6 158 6 156 6 155 6 136 6 122 6 113 6 108 6 106 6 196 6 199 
7 147 7 146 7 134 7 133 7 104 7 90 7 73 7 59 7 58 7 57 7 177 7 160 7 11 7 17 7 18 7 29 7 44 7 54 7 80 7 87 7 95 7 125 7 151 7 171 7 194 7 1 
8 19 8 32 8 60 8 64 8 70 8 174 8 166 8 163 8 161 8 153 8 150 8 96 8 101 8 74 8 176 8 183 8 34 8 36 8 41 8 43 8 52 8 48 
