Instance filename: ./instances/RCPMSII/RCPMS_Instance_99_m=6_n=200_t=11
Min temperature: 0.1
Max temperature: 0.5
Melhor Solução: 972
Temp div: 20
MCL: 500
PTL: 400
Elapsed time was: 86594
Maquina 1 : 108 44 41 40 33 31 77 82 48 32 71 21 20 3 119 179 176 120 181 186 191 4 178 173 167 166 156 147 113 97 94 37 74 69 28 
Maquina 2 : 67 30 29 25 16 11 180 188 6 172 65 195 174 80 58 55 57 151 143 137 66 26 24 14 92 99 102 139 198 0 15 18 70 72 73 75 79 126 129 132 
Maquina 3 : 136 164 184 190 197 22 100 146 56 54 52 104 109 115 116 127 135 145 60 61 63 81 150 177 187 9 8 199 23 27 53 86 87 
Maquina 4 : 96 103 110 122 84 51 64 76 34 12 10 175 194 171 162 148 131 43 36 19 149 157 118 117 95 83 68 17 196 185 160 128 
Maquina 5 : 45 47 62 93 138 112 101 140 141 144 7 2 123 50 124 1 189 168 155 133 130 13 42 46 49 78 85 106 159 169 182 183 
Maquina 6 : 5 35 38 39 193 170 134 98 90 59 125 105 114 88 89 154 142 121 111 107 91 153 152 158 161 163 165 192 
Formato de validacao do resultado: 
0 108 0 44 0 41 0 40 0 33 0 31 0 77 0 82 0 48 0 32 0 71 0 21 0 20 0 3 0 119 0 179 0 176 0 120 0 181 0 186 0 191 0 4 0 178 0 173 0 167 0 166 0 156 0 147 0 113 0 97 0 94 0 37 0 74 0 69 0 28 
1 67 1 30 1 29 1 25 1 16 1 11 1 180 1 188 1 6 1 172 1 65 1 195 1 174 1 80 1 58 1 55 1 57 1 151 1 143 1 137 1 66 1 26 1 24 1 14 1 92 1 99 1 102 1 139 1 198 1 0 1 15 1 18 1 70 1 72 1 73 1 75 1 79 1 126 1 129 1 132 
2 136 2 164 2 184 2 190 2 197 2 22 2 100 2 146 2 56 2 54 2 52 2 104 2 109 2 115 2 116 2 127 2 135 2 145 2 60 2 61 2 63 2 81 2 150 2 177 2 187 2 9 2 8 2 199 2 23 2 27 2 53 2 86 2 87 
3 96 3 103 3 110 3 122 3 84 3 51 3 64 3 76 3 34 3 12 3 10 3 175 3 194 3 171 3 162 3 148 3 131 3 43 3 36 3 19 3 149 3 157 3 118 3 117 3 95 3 83 3 68 3 17 3 196 3 185 3 160 3 128 
4 45 4 47 4 62 4 93 4 138 4 112 4 101 4 140 4 141 4 144 4 7 4 2 4 123 4 50 4 124 4 1 4 189 4 168 4 155 4 133 4 130 4 13 4 42 4 46 4 49 4 78 4 85 4 106 4 159 4 169 4 182 4 183 
5 5 5 35 5 38 5 39 5 193 5 170 5 134 5 98 5 90 5 59 5 125 5 105 5 114 5 88 5 89 5 154 5 142 5 121 5 111 5 107 5 91 5 153 5 152 5 158 5 161 5 163 5 165 5 192 
