Instance filename: ./instances/200jobs/instanceLarge924_m=6_n=200_l=40_c=20_s=2.PMTC
Min temperature: 0.1
Max temperature: 0.5
Melhor Solução: 1064
Temp div: 16
MCL: 400
PTL: 75000
Elapsed time was: 1497865
Maquina 1 : 194 63 105 70 89 72 7 55 117 174 175 39 134 115 126 107 97 184 128 132 8 193 82 53 51 102 22 157 78 37 69 65 113 139 155 161 179 
Maquina 2 : 86 163 189 90 119 29 71 191 96 26 199 87 171 57 66 35 129 18 178 166 147 74 165 158 68 121 153 60 99 142 95 
Maquina 3 : 92 164 133 23 21 145 94 176 56 42 181 27 148 124 110 3 38 80 108 160 170 85 41 83 17 182 118 44 79 180 
Maquina 4 : 162 103 136 173 149 116 168 143 31 28 137 112 156 25 45 151 154 187 12 47 123 101 54 141 14 40 111 76 159 188 104 46 177 48 9 84 
Maquina 5 : 62 192 152 88 73 122 32 34 59 77 5 135 196 2 125 120 114 144 109 11 150 58 16 4 10 195 13 49 30 6 24 172 33 1 
Maquina 6 : 127 15 167 198 36 138 106 0 190 140 50 183 67 91 98 131 169 81 185 43 64 93 130 20 75 52 19 197 100 146 61 186 
