Instance filename: ./instances/200jobs/instanceLarge913_m=6_n=200_l=40_c=20_s=0.PMTC
Min temperature: 0.1
Max temperature: 0.5
Melhor Solução: 3434
Temp div: 16
MCL: 400
PTL: 75000
Elapsed time was: 784784
Maquina 1 : 183 199 26 20 112 29 191 96 71 70 46 113 57 164 44 72 11 145 161 139 22 143 176 144 168 1 42 171 180 127 3 106 15 115 
Maquina 2 : 134 89 60 62 63 64 104 40 189 55 13 147 169 174 130 98 27 81 43 185 28 32 122 59 167 87 5 135 196 77 2 166 125 
Maquina 3 : 114 94 109 120 50 88 4 10 133 78 33 100 45 197 95 117 92 75 21 142 19 52 155 192 153 99 131 188 141 159 76 
Maquina 4 : 9 111 121 48 7 84 150 129 178 66 18 138 51 67 35 93 30 149 128 136 173 162 103 116 79 157 110 118 182 90 146 24 
Maquina 5 : 195 54 49 16 17 154 6 41 47 73 12 152 23 123 177 8 190 198 105 58 140 0 193 194 91 82 184 14 36 158 165 68 74 61 186 181 
Maquina 6 : 148 37 187 56 53 175 39 163 86 179 119 137 102 65 156 25 101 151 31 34 124 69 80 160 38 170 83 172 107 85 97 132 126 108 
