Instance filename: ./instances/200jobs/instanceLarge1325_m=10_n=200_l=30_c=10_s=1.PMTC
Min temperature: 0.1
Max temperature: 0.5
Melhor Solução: 2023
Temp div: 16
MCL: 400
PTL: 75000
Elapsed time was: 645129
Maquina 1 : 30 192 158 165 52 172 86 17 34 109 140 149 170 97 142 5 199 112 116 115 
Maquina 2 : 57 56 94 173 85 76 107 157 177 188 31 179 132 196 129 3 100 32 68 
Maquina 3 : 4 27 101 58 168 191 9 38 45 161 10 62 84 141 46 195 135 18 49 
Maquina 4 : 83 26 47 99 117 71 40 176 190 102 82 197 93 146 88 25 24 164 55 154 21 
Maquina 5 : 39 19 121 193 74 171 69 41 90 118 92 152 150 14 81 186 75 35 63 153 50 42 
Maquina 6 : 51 44 13 198 138 98 148 181 144 53 133 37 128 79 159 189 104 194 155 124 
Maquina 7 : 7 59 95 134 106 20 143 147 23 120 6 162 78 137 180 91 175 96 187 114 2 
Maquina 8 : 139 136 67 108 64 22 125 89 183 60 77 28 169 174 163 87 70 
Maquina 9 : 8 72 12 48 185 16 151 178 182 160 54 123 156 167 0 126 127 29 131 130 
Maquina 10 : 145 113 80 66 122 103 111 65 36 184 33 119 43 1 166 105 61 15 11 73 110 
