Instance filename: ./instances/200jobs/instanceLarge1156_m=8_n=200_l=40_c=20_s=0.PMTC
Min temperature: 0.1
Max temperature: 0.5
Melhor Solução: 2688
Temp div: 16
MCL: 400
PTL: 75000
Elapsed time was: 564338
Maquina 1 : 30 31 4 154 173 177 28 2 91 33 190 119 140 172 46 32 131 178 98 155 52 22 108 123 137 27 36 9 
Maquina 2 : 179 99 153 116 191 55 166 85 89 39 193 21 149 10 54 73 47 174 78 122 148 53 175 133 197 12 
Maquina 3 : 67 83 48 35 192 107 117 165 111 115 114 15 66 102 74 120 150 71 68 141 130 79 14 
Maquina 4 : 142 136 161 189 128 121 69 82 6 185 199 86 143 72 38 92 0 96 160 129 45 3 164 43 77 145 
Maquina 5 : 24 95 198 170 94 169 23 180 11 156 163 195 194 60 93 29 157 127 188 63 44 152 18 
Maquina 6 : 61 176 13 146 25 109 8 113 7 126 20 62 40 196 187 65 80 167 183 88 162 134 64 41 1 42 
Maquina 7 : 100 182 184 151 81 132 97 16 147 87 106 49 37 104 57 159 76 110 105 125 103 138 59 101 75 186 
Maquina 8 : 168 50 56 51 34 124 118 135 171 70 112 58 144 84 5 158 90 26 19 181 17 139 
