Instance filename: ./instances/200jobs/instanceLarge1259_m=9_n=200_l=30_c=20_s=1.PMTC
Min temperature: 0.1
Max temperature: 0.5
Melhor Solução: 2769
Temp div: 16
MCL: 400
PTL: 75000
Elapsed time was: 438278
Maquina 1 : 7 93 64 10 28 181 50 117 38 101 162 188 187 99 39 74 11 51 21 57 14 
Maquina 2 : 106 146 67 159 186 133 135 130 22 172 160 124 92 192 114 168 142 70 164 127 58 
Maquina 3 : 139 33 183 23 5 12 184 61 91 32 103 95 116 153 194 128 41 88 26 156 96 165 110 
Maquina 4 : 137 102 155 81 196 31 97 89 121 148 100 80 84 20 145 60 134 151 79 104 90 178 154 
Maquina 5 : 36 119 115 47 82 66 17 4 129 53 157 158 52 109 140 2 120 63 6 167 122 54 
Maquina 6 : 112 94 77 176 45 1 170 163 197 13 69 42 40 185 169 179 123 75 149 56 44 191 78 
Maquina 7 : 174 35 107 111 59 46 113 34 24 9 189 195 73 18 125 131 126 48 16 144 76 68 
Maquina 8 : 193 86 177 182 171 85 166 62 65 43 138 108 72 55 147 0 180 3 199 152 132 150 
Maquina 9 : 98 175 30 19 71 87 27 49 29 25 118 198 143 105 161 190 173 37 141 83 136 8 15 
