Instance filename: ./instances/200jobs/instanceLarge1260_m=9_n=200_l=30_c=20_s=2.PMTC
Min temperature: 0.1
Max temperature: 0.5
Melhor Solução: 713
Temp div: 16
MCL: 400
PTL: 75000
Elapsed time was: 722077
Maquina 1 : 168 142 70 164 56 11 74 99 144 188 195 28 93 7 59 103 95 124 92 192 133 110 75 35 107 
Maquina 2 : 159 130 122 73 108 55 14 119 12 72 90 4 140 120 52 23 91 32 8 149 112 94 171 62 
Maquina 3 : 19 183 136 60 135 88 151 137 79 100 80 132 134 53 20 113 129 24 166 189 30 145 175 71 43 
Maquina 4 : 127 58 139 33 163 176 34 13 191 78 44 174 178 21 57 77 45 170 6 197 
Maquina 5 : 3 111 152 97 31 89 121 148 131 187 87 69 138 48 126 198 25 49 161 29 39 27 115 54 
Maquina 6 : 167 63 22 0 105 160 50 180 10 76 68 118 36 37 154 83 141 51 196 190 85 86 177 
Maquina 7 : 182 18 181 9 84 123 179 169 185 40 42 5 117 172 46 38 158 184 61 
Maquina 8 : 1 147 2 114 15 193 116 153 104 194 106 128 173 65 64 146 109 186 
Maquina 9 : 67 143 17 66 199 82 47 101 41 26 156 165 96 157 98 150 102 155 16 81 162 125 
