Instance filename: ./instances/200jobs/instanceLarge1000_m=7_n=200_l=30_c=20_s=0.PMTC
Min temperature: 0.1
Max temperature: 0.5
Melhor Solução: 1065
Temp div: 16
MCL: 400
PTL: 75000
Elapsed time was: 712028
Maquina 1 : 34 120 167 72 158 76 187 113 85 114 135 7 175 123 193 148 172 24 112 69 82 23 98 173 22 63 43 28 190 
Maquina 2 : 197 35 133 3 141 111 6 81 152 71 86 5 145 110 99 157 36 125 92 51 115 46 96 32 186 191 131 56 26 132 91 38 182 
Maquina 3 : 93 164 198 116 108 121 143 20 75 49 189 50 180 57 9 161 104 195 183 139 74 146 134 140 47 68 130 53 14 29 
Maquina 4 : 44 84 107 179 196 138 165 27 144 12 137 59 174 16 17 151 160 45 102 188 40 194 168 126 105 181 101 
Maquina 5 : 88 48 154 166 79 176 83 199 119 1 129 64 156 147 150 80 106 87 61 18 15 95 185 60 109 149 
Maquina 6 : 163 33 94 62 153 178 30 13 66 159 55 2 42 169 78 128 122 192 39 54 41 136 117 58 10 11 77 52 8 73 
Maquina 7 : 90 171 142 97 4 25 170 21 100 19 0 177 127 31 124 65 37 155 184 162 70 103 67 89 118 
