Instance filename: ./instances/200jobs/instanceLarge954_m=6_n=200_l=40_c=30_s=2.PMTC
Min temperature: 0.1
Max temperature: 0.5
Melhor Solução: 1146
Temp div: 16
MCL: 400
PTL: 75000
Elapsed time was: 640707
Maquina 1 : 36 26 3 164 121 21 139 166 42 109 79 2 189 97 72 52 178 23 144 194 99 11 188 100 106 27 198 171 179 146 30 116 
Maquina 2 : 192 131 74 150 90 137 31 102 197 32 107 6 25 199 162 61 174 56 37 129 151 136 64 18 170 65 85 142 167 88 160 98 19 105 
Maquina 3 : 91 140 186 182 155 138 94 34 165 12 13 153 40 119 126 15 43 128 24 46 82 5 83 120 101 4 1 28 152 16 180 
Maquina 4 : 66 169 187 92 190 127 115 41 143 73 133 122 108 75 86 110 158 193 22 145 47 93 163 48 39 53 114 70 195 172 95 0 20 134 
Maquina 5 : 113 77 130 118 168 89 173 141 132 55 54 124 63 60 159 161 14 156 9 135 157 196 176 103 148 104 147 51 175 44 125 81 68 
Maquina 6 : 33 154 149 50 112 45 35 96 117 29 80 184 59 69 49 71 17 181 185 67 38 62 8 78 87 10 58 111 177 7 123 191 57 84 183 76 
