Instance filename: ./instances/200jobs/instanceLarge963_m=7_n=200_l=30_c=10_s=2.PMTC
Min temperature: 0.1
Max temperature: 0.5
Melhor Solução: 963
Temp div: 16
MCL: 400
PTL: 75000
Elapsed time was: 613354
Maquina 1 : 54 81 176 189 61 53 168 99 154 66 151 76 183 69 191 128 133 87 181 58 96 123 17 80 131 135 119 78 
Maquina 2 : 40 0 6 2 110 52 106 144 84 172 138 21 72 118 157 8 198 108 195 150 179 147 199 143 14 45 
Maquina 3 : 146 188 83 5 104 24 15 185 75 112 113 34 105 26 29 23 117 153 97 25 141 19 4 93 192 3 102 9 31 180 82 
Maquina 4 : 136 13 193 142 88 109 60 91 116 187 149 174 18 63 28 134 165 57 67 159 120 115 74 126 47 30 39 194 125 
Maquina 5 : 130 90 38 139 152 175 164 22 85 107 158 171 121 46 111 70 68 42 186 71 148 86 20 49 
Maquina 6 : 65 55 100 62 59 33 145 114 89 32 51 162 27 12 196 197 184 43 173 155 170 79 101 163 56 160 64 7 129 169 
Maquina 7 : 132 103 127 166 92 35 16 41 95 10 190 50 11 167 98 122 37 178 156 137 161 1 124 177 73 140 182 36 77 94 44 48 
