Instance filename: ./instances/200jobs/instanceLarge980_m=7_n=200_l=30_c=10_s=1.PMTC
Min temperature: 0.1
Max temperature: 0.5
Melhor Solução: 2896
Temp div: 16
MCL: 400
PTL: 75000
Elapsed time was: 608387
Maquina 1 : 164 46 105 139 152 85 104 198 175 115 120 33 47 30 194 90 125 199 14 146 130 179 103 83 112 34 
Maquina 2 : 173 84 113 75 24 5 15 109 142 60 82 133 128 21 91 67 176 53 181 168 61 191 189 81 69 76 183 151 134 10 50 11 
Maquina 3 : 9 37 167 31 122 138 180 124 98 156 116 88 187 193 13 149 174 39 150 147 56 145 51 169 132 7 129 29 
Maquina 4 : 12 160 27 63 28 154 119 32 58 38 77 178 137 190 161 1 0 6 144 110 52 106 2 126 111 165 54 57 78 121 64 135 101 
Maquina 5 : 40 22 195 108 8 107 158 89 171 68 70 42 71 86 186 20 148 102 155 49 65 59 100 55 62 157 92 114 
Maquina 6 : 4 93 192 3 117 97 19 141 25 153 23 43 184 197 196 99 159 79 163 170 162 41 95 35 66 166 16 
Maquina 7 : 72 18 118 185 45 143 26 96 36 123 87 131 17 127 136 172 80 182 74 140 177 73 44 94 48 188 
