Instance filename: ./instances/200jobs/instanceLarge1337_m=10_n=200_l=30_c=10_s=1.PMTC
Min temperature: 0.1
Max temperature: 0.5
Melhor Solução: 2019
Temp div: 16
MCL: 400
PTL: 75000
Elapsed time was: 431552
Maquina 1 : 86 102 17 172 34 142 159 158 19 25 64 88 146 55 24 21 79 154 163 
Maquina 2 : 155 73 7 124 37 189 81 153 42 50 183 151 53 181 144 169 148 138 44 98 
Maquina 3 : 13 198 51 150 60 28 164 8 87 70 72 14 12 152 90 118 186 132 182 74 92 195 18 
Maquina 4 : 16 185 48 160 178 1 59 38 119 2 65 36 78 184 166 108 33 67 180 89 187 
Maquina 5 : 177 121 85 173 22 170 122 66 68 116 115 56 57 94 76 31 130 63 179 
Maquina 6 : 75 157 107 188 15 111 167 93 194 71 99 47 26 27 109 156 58 168 191 45 9 174 
Maquina 7 : 10 29 161 35 84 62 141 135 49 129 3 100 123 46 32 196 113 
Maquina 8 : 145 110 80 149 120 127 162 136 0 139 126 96 43 11 61 103 82 40 117 
Maquina 9 : 176 190 143 197 20 23 147 69 104 6 52 97 5 105 137 83 165 91 54 192 
Maquina 10 : 30 199 112 140 4 128 101 77 193 133 125 39 41 95 171 106 175 134 131 114 
