Instance filename: ./instances/200jobs/instanceLarge1020_m=7_n=200_l=30_c=20_s=2.PMTC
Min temperature: 0.1
Max temperature: 0.5
Melhor Solução: 858
Temp div: 16
MCL: 400
PTL: 75000
Elapsed time was: 586166
Maquina 1 : 134 144 152 52 138 83 8 193 196 179 27 36 16 59 17 192 78 128 122 1 119 101 105 157 110 114 92 136 125 51 186 32 132 96 46 
Maquina 2 : 115 116 143 142 49 20 75 26 161 104 57 183 7 74 82 56 41 54 139 68 47 130 53 12 66 10 58 13 
Maquina 3 : 117 9 61 50 77 171 42 55 98 2 154 30 118 140 89 67 103 70 155 162 60 184 37 31 109 149 94 
Maquina 4 : 163 33 137 25 145 4 48 44 84 107 18 181 120 34 45 165 158 135 72 167 188 40 168 64 159 
Maquina 5 : 126 194 129 88 178 153 62 102 164 99 38 91 170 177 127 3 29 182 14 160 151 174 124 65 
Maquina 6 : 73 97 121 146 189 166 79 176 199 19 21 100 85 5 187 71 86 39 90 123 24 112 69 23 81 76 6 148 111 195 141 
Maquina 7 : 11 197 169 28 190 35 133 191 93 113 172 175 185 95 15 150 87 106 147 156 131 80 0 43 180 198 63 22 108 173 
