Instance filename: ./instances/200jobs/instanceLarge1246_m=9_n=200_l=30_c=20_s=0.PMTC
Min temperature: 0.1
Max temperature: 0.5
Melhor Solução: 1865
Temp div: 16
MCL: 400
PTL: 75000
Elapsed time was: 1131718
Maquina 1 : 57 54 191 34 193 56 78 21 122 152 148 77 174 106 178 128 173 65 64 109 186 177 130 44 
Maquina 2 : 182 149 171 85 166 62 142 168 90 134 11 13 42 163 69 67 40 179 169 185 117 
Maquina 3 : 172 5 183 136 19 22 135 60 145 20 132 1 80 100 79 151 184 31 121 58 139 33 162 
Maquina 4 : 38 3 97 111 196 141 83 36 73 10 48 126 18 125 131 187 99 195 25 189 165 
Maquina 5 : 113 24 160 76 114 118 68 110 105 143 188 49 161 29 27 37 154 39 98 115 180 119 147 84 123 150 198 50 
Maquina 6 : 181 28 93 7 59 103 95 124 92 192 133 75 35 107 159 51 153 116 112 32 88 91 8 
Maquina 7 : 94 96 156 26 138 194 41 137 43 101 46 81 16 155 102 87 175 71 30 127 
Maquina 8 : 23 164 70 74 104 53 157 158 52 140 2 120 144 63 0 190 167 86 89 
Maquina 9 : 146 197 6 170 47 82 66 199 17 4 129 61 72 12 14 55 108 15 9 176 45 
