Instance filename: ./instances/200jobs/instanceLarge1345_m=10_n=200_l=30_c=10_s=0.PMTC
Min temperature: 0.1
Max temperature: 0.5
Melhor Solução: 1296
Temp div: 16
MCL: 400
PTL: 75000
Elapsed time was: 648742
Maquina 1 : 68 66 120 132 196 3 100 91 123 46 159 191 171 41 95 39 0 139 193 125 136 
Maquina 2 : 27 101 112 4 30 165 82 190 15 40 103 117 69 197 176 167 81 194 45 146 154 
Maquina 3 : 10 158 21 19 17 149 5 127 32 142 97 52 22 38 199 133 114 96 
Maquina 4 : 187 131 175 6 108 180 78 2 162 137 104 143 20 23 147 106 86 56 130 102 73 
Maquina 5 : 124 155 7 59 36 134 43 105 166 61 11 71 111 65 119 184 1 156 160 178 
Maquina 6 : 129 192 110 67 145 173 113 116 115 57 170 94 31 85 76 157 107 
Maquina 7 : 177 188 121 122 99 89 198 51 13 44 153 42 98 138 93 148 144 53 181 151 183 
Maquina 8 : 50 80 54 79 37 189 63 9 186 75 161 34 29 84 35 62 126 141 135 
Maquina 9 : 109 49 83 26 128 18 16 179 182 74 48 8 150 72 12 70 87 14 163 174 140 
Maquina 10 : 55 60 169 77 28 24 164 168 25 88 195 47 64 172 33 58 152 185 92 90 118 
