Instance filename: ./instances/200jobs/instanceLarge1141_m=8_n=200_l=40_c=20_s=0.PMTC
Min temperature: 0.1
Max temperature: 0.5
Melhor Solução: 1796
Temp div: 16
MCL: 400
PTL: 75000
Elapsed time was: 631794
Maquina 1 : 60 199 134 170 23 143 194 156 177 119 190 28 70 84 74 133 150 179 99 191 148 36 141 55 9 123 
Maquina 2 : 0 111 77 165 3 38 176 92 196 187 40 27 80 169 75 125 121 56 76 159 164 57 129 45 96 
Maquina 3 : 107 65 138 17 163 5 26 136 51 62 158 105 90 33 2 16 112 94 24 175 69 153 135 197 122 180 87 
Maquina 4 : 47 147 49 41 22 42 37 151 182 103 132 82 6 117 100 184 48 67 192 72 12 53 181 83 
Maquina 5 : 173 188 157 63 195 93 130 79 142 14 137 11 29 140 109 113 8 25 146 13 189 61 21 
Maquina 6 : 155 46 131 98 178 68 20 43 97 144 104 58 32 106 86 183 64 162 118 139 88 126 91 34 7 
Maquina 7 : 71 120 102 66 15 114 172 44 115 174 152 101 52 108 127 81 128 160 167 161 116 185 95 198 186 
Maquina 8 : 59 171 85 110 50 124 31 154 18 4 30 145 35 168 193 166 1 39 149 19 89 10 54 73 78 
