Instance filename: ./instances/200jobs/instanceLarge1265_m=9_n=200_l=40_c=20_s=1.PMTC
Min temperature: 0.1
Max temperature: 0.5
Melhor Solução: 2876
Temp div: 16
MCL: 400
PTL: 75000
Elapsed time was: 774471
Maquina 1 : 146 36 18 15 4 100 163 71 152 81 8 56 174 186 75 161 185 22 191 112 
Maquina 2 : 138 123 88 35 83 49 68 74 104 98 43 42 122 23 77 90 134 139 87 7 179 34 
Maquina 3 : 189 165 190 187 27 10 195 140 196 60 26 149 115 67 168 192 103 91 
Maquina 4 : 79 119 94 131 20 117 12 158 181 133 21 132 19 148 197 106 167 44 108 63 160 2 50 
Maquina 5 : 137 13 5 47 66 45 141 175 11 120 33 16 178 3 116 193 28 84 182 57 14 199 37 58 107 61 25 
Maquina 6 : 86 55 126 154 72 1 85 92 54 70 166 0 48 194 147 105 101 110 155 69 198 64 183 102 
Maquina 7 : 59 164 32 99 156 111 150 73 121 114 169 188 51 176 53 89 9 136 172 46 162 78 142 17 
Maquina 8 : 6 157 145 65 38 180 159 170 24 129 177 62 171 135 80 143 39 151 97 153 96 
Maquina 9 : 29 40 127 52 118 82 184 93 144 30 130 41 124 76 128 95 125 173 113 31 109 
