Instance filename: ./instances/200jobs/instanceLarge1355_m=10_n=200_l=30_c=20_s=1.PMTC
Min temperature: 0.1
Max temperature: 0.5
Melhor Solução: 2545
Temp div: 16
MCL: 400
PTL: 75000
Elapsed time was: 945044
Maquina 1 : 95 171 76 190 113 66 79 103 28 59 56 109 75 128 2 44 
Maquina 2 : 22 186 16 65 37 137 41 51 152 72 0 194 148 86 161 94 193 157 
Maquina 3 : 19 153 83 33 179 3 63 35 96 90 189 54 165 183 71 1 34 40 81 67 167 
Maquina 4 : 124 199 46 114 156 60 129 111 55 110 185 178 177 48 118 82 93 174 144 106 58 47 140 164 30 
Maquina 5 : 112 196 80 169 84 92 31 85 26 197 20 27 102 77 172 135 32 151 181 121 61 36 
Maquina 6 : 9 138 70 62 142 154 12 91 42 158 166 160 45 21 150 6 117 115 88 108 15 105 182 104 
Maquina 7 : 7 130 73 195 64 184 162 4 53 11 39 187 17 98 99 188 133 87 
Maquina 8 : 68 170 141 74 191 38 5 43 146 168 10 132 180 163 198 149 175 136 8 131 
Maquina 9 : 23 147 89 100 18 159 57 52 192 24 176 123 127 120 97 78 107 116 145 
Maquina 10 : 49 125 139 29 69 126 143 173 119 155 25 101 13 50 14 134 122 
