Instance filename: ./instances/200jobs/instanceLarge1081_m=8_n=200_l=30_c=10_s=0.PMTC
Min temperature: 0.1
Max temperature: 0.5
Melhor Solução: 1093
Temp div: 16
MCL: 400
PTL: 75000
Elapsed time was: 747557
Maquina 1 : 43 184 60 25 56 185 57 7 168 107 169 130 162 23 157 33 79 29 19 17 80 178 183 31 72 
Maquina 2 : 158 90 30 84 45 122 197 118 88 101 187 194 155 139 97 151 82 138 171 114 100 63 153 186 
Maquina 3 : 105 42 12 34 133 163 76 10 38 164 131 71 193 21 99 150 67 199 127 28 36 92 108 124 123 146 32 145 35 
Maquina 4 : 148 70 13 14 103 111 37 20 15 175 198 53 47 189 172 196 161 48 121 113 94 192 159 6 9 
Maquina 5 : 140 55 22 61 11 116 66 142 181 174 136 126 44 16 135 81 40 51 87 74 160 50 26 110 
Maquina 6 : 173 91 4 154 46 58 115 191 141 96 8 62 49 0 65 41 179 5 119 1 68 125 156 134 78 
Maquina 7 : 95 77 182 2 86 166 188 147 69 54 152 64 143 83 170 112 137 85 167 190 24 129 180 144 
Maquina 8 : 165 195 52 120 98 75 104 39 106 117 27 3 177 128 89 18 176 149 73 93 59 109 102 132 
