Instance filename: ./instances/200jobs/instanceLarge960_m=6_n=200_l=40_c=30_s=2.PMTC
Min temperature: 0.1
Max temperature: 0.5
Melhor Solução: 1048
Temp div: 16
MCL: 400
PTL: 75000
Elapsed time was: 424058
Maquina 1 : 114 28 4 1 9 44 78 182 132 184 80 88 61 187 72 180 92 152 16 195 49 71 17 105 179 42 98 31 19 140 5 82 83 121 108 
Maquina 2 : 75 41 143 73 173 63 167 122 81 181 194 79 97 189 2 58 10 87 8 62 38 67 185 3 117 96 29 146 160 155 94 138 76 55 26 54 
Maquina 3 : 124 57 84 48 39 53 135 14 161 177 199 52 40 166 190 127 139 151 36 70 172 95 0 20 60 149 68 101 120 178 23 144 22 
Maquina 4 : 86 193 158 110 7 64 25 18 170 188 65 163 34 119 91 15 126 43 154 35 156 66 136 128 24 46 191 59 153 69 
Maquina 5 : 141 89 168 56 147 175 169 109 125 51 129 134 37 102 104 183 103 176 196 157 32 107 6 45 164 197 21 192 137 159 171 133 99 162 30 116 
Maquina 6 : 93 145 47 112 50 165 12 13 174 142 85 148 115 123 186 111 118 130 77 113 90 150 74 131 106 27 198 100 33 11 
