Instance filename: ./instances/200jobs/instanceLarge1229_m=9_n=200_l=30_c=10_s=1.PMTC
Min temperature: 0.1
Max temperature: 0.5
Melhor Solução: 2296
Temp div: 16
MCL: 400
PTL: 75000
Elapsed time was: 543514
Maquina 1 : 18 167 172 145 29 122 23 156 191 147 36 11 69 173 43 164 139 76 134 119 198 132 171 109 193 
Maquina 2 : 71 16 175 46 78 117 70 140 17 108 6 106 15 75 62 5 112 177 186 158 103 130 
Maquina 3 : 31 190 38 8 121 176 195 196 37 0 181 197 7 2 25 80 94 32 24 72 
Maquina 4 : 34 10 60 138 118 142 154 152 64 169 44 54 149 124 101 183 73 161 174 47 135 58 
Maquina 5 : 185 41 148 131 170 113 120 102 178 65 27 146 1 184 127 160 95 12 33 39 57 166 
Maquina 6 : 136 84 9 144 107 192 116 157 93 61 3 97 155 13 4 53 137 63 133 68 42 87 114 
Maquina 7 : 83 150 104 48 92 35 165 199 189 194 153 14 115 77 89 55 143 20 126 123 
Maquina 8 : 99 98 19 85 91 100 21 179 28 40 105 74 82 50 128 110 90 88 151 81 182 52 66 45 59 
Maquina 9 : 86 125 49 79 168 111 67 188 163 180 56 22 141 26 162 30 51 129 159 96 187 
