Instance filename: ./instances/200jobs/instanceLarge945_m=6_n=200_l=40_c=30_s=2.PMTC
Min temperature: 0.1
Max temperature: 0.5
Melhor Solução: 1068
Temp div: 16
MCL: 400
PTL: 75000
Elapsed time was: 476785
Maquina 1 : 105 98 160 155 94 165 76 138 60 161 159 66 173 63 73 122 194 143 41 115 20 56 127 190 25 175 89 168 118 130 88 44 182 80 184 132 59 153 108 75 121 69 87 
Maquina 2 : 55 46 24 128 136 197 183 103 141 166 151 139 186 164 45 11 62 38 67 185 21 19 34 188 191 57 84 111 177 58 10 8 78 97 
Maquina 3 : 26 54 124 1 31 102 32 107 6 149 50 112 167 51 129 37 134 104 148 147 13 12 181 40 119 42 5 140 83 
Maquina 4 : 82 163 93 47 145 52 22 193 86 123 144 23 178 36 33 100 106 198 171 179 146 30 27 192 137 116 
Maquina 5 : 99 133 176 196 157 135 14 156 77 113 90 150 131 74 169 125 109 81 68 120 101 4 28 9 114 70 195 152 16 180 72 187 92 79 189 
Maquina 6 : 17 71 49 2 53 39 48 158 110 7 29 117 96 154 35 43 126 91 15 174 85 142 65 170 18 64 3 61 162 199 0 95 172 
