Instance filename: ./instances/200jobs/instanceLarge870_m=6_n=200_l=30_c=10_s=2.PMTC
Min temperature: 0.1
Max temperature: 0.5
Melhor Solução: 1034
Temp div: 16
MCL: 400
PTL: 75000
Elapsed time was: 820866
Maquina 1 : 9 20 194 133 53 147 159 177 122 79 102 70 125 183 175 193 196 139 116 123 17 81 112 145 69 180 140 192 21 24 110 141 
Maquina 2 : 137 49 107 142 94 0 83 148 97 7 191 149 171 111 170 119 4 75 56 151 195 47 108 8 186 146 14 190 38 163 76 68 135 45 
Maquina 3 : 95 104 26 188 92 52 36 99 176 87 166 67 34 80 18 31 161 157 15 165 130 181 73 72 35 105 29 39 60 65 
Maquina 4 : 3 84 199 197 43 189 28 100 167 184 12 154 32 131 172 109 174 98 124 82 51 46 118 178 150 103 182 1 11 16 61 62 50 113 90 55 127 120 58 86 57 114 
Maquina 5 : 27 66 155 144 74 71 13 19 91 77 198 164 59 25 138 6 89 30 129 85 126 64 179 143 152 136 2 93 173 162 187 5 156 121 158 
Maquina 6 : 115 40 22 42 44 10 54 132 134 33 117 88 160 37 63 101 106 78 168 169 96 153 48 185 128 41 23 
