Instance filename: ./instances/200jobs/instanceLarge995_m=7_n=200_l=30_c=20_s=1.PMTC
Min temperature: 0.1
Max temperature: 0.5
Melhor Solução: 3570
Temp div: 16
MCL: 400
PTL: 75000
Elapsed time was: 1088758
Maquina 1 : 4 145 25 137 163 33 94 153 178 165 30 66 86 71 58 126 10 117 57 77 9 50 180 49 75 20 90 187 119 
Maquina 2 : 199 176 99 123 92 17 24 76 111 5 148 85 136 26 38 110 185 95 18 15 87 61 106 156 150 147 80 131 62 83 146 134 
Maquina 3 : 68 152 144 138 52 12 53 130 47 56 41 54 139 114 39 192 122 128 78 1 13 16 27 59 179 161 104 195 183 
Maquina 4 : 7 74 120 181 42 34 51 115 46 96 116 198 164 93 182 142 132 121 32 186 191 157 36 125 19 143 133 35 197 190 28 169 
Maquina 5 : 43 63 105 22 173 108 89 140 118 98 113 2 55 159 154 48 79 166 189 101 31 149 109 175 
Maquina 6 : 60 91 29 102 45 160 151 174 124 65 73 97 127 177 14 0 21 100 170 69 23 3 11 141 6 81 172 
Maquina 7 : 8 171 196 193 107 84 44 82 112 37 184 162 70 155 103 67 129 88 194 64 168 40 188 72 167 135 158 
