Instance filename: ./instances/200jobs/instanceLarge1329_m=10_n=200_l=30_c=10_s=2.PMTC
Min temperature: 0.1
Max temperature: 0.5
Melhor Solução: 632
Temp div: 16
MCL: 400
PTL: 75000
Elapsed time was: 830417
Maquina 1 : 98 13 138 107 44 94 148 144 42 50 153 183 169 60 89 77 58 168 45 191 9 
Maquina 2 : 38 47 166 151 33 54 91 165 192 80 30 112 162 173 6 128 199 120 93 
Maquina 3 : 123 102 193 53 181 101 140 4 160 116 113 115 57 56 106 86 18 17 149 127 
Maquina 4 : 5 97 52 104 147 23 40 197 190 117 12 103 176 81 167 150 155 134 
Maquina 5 : 59 7 82 73 124 143 105 27 26 110 11 49 61 83 99 71 15 137 111 8 43 
Maquina 6 : 184 119 65 36 180 78 108 133 79 37 189 186 131 29 19 10 154 158 21 55 164 
Maquina 7 : 24 25 146 88 64 172 20 95 3 130 125 171 41 39 46 135 141 126 62 
Maquina 8 : 35 84 34 75 161 63 32 145 179 196 100 142 129 156 68 122 178 1 2 0 67 136 
Maquina 9 : 139 187 96 114 175 66 170 22 85 76 177 157 121 188 185 132 194 195 
Maquina 10 : 16 31 182 74 109 28 174 159 163 14 87 48 70 72 198 51 90 69 118 92 152 
