Instance filename: ./instances/200jobs/instanceLarge1421_m=10_n=200_l=40_c=30_s=1.PMTC
Min temperature: 0.1
Max temperature: 0.5
Melhor Solução: 3278
Temp div: 16
MCL: 400
PTL: 75000
Elapsed time was: 801424
Maquina 1 : 177 106 42 56 20 100 35 65 175 182 51 121 47 104 26 152 61 53 81 
Maquina 2 : 166 91 55 161 36 147 124 72 50 118 174 95 49 109 64 80 139 153 1 
Maquina 3 : 46 115 45 57 160 178 131 18 19 21 85 146 31 157 188 180 169 168 145 79 75 33 
Maquina 4 : 179 134 58 143 184 98 113 24 187 16 108 97 162 196 142 117 183 88 127 25 101 116 
Maquina 5 : 99 83 87 89 10 28 140 59 15 159 29 120 136 78 8 148 156 4 137 
Maquina 6 : 0 11 23 195 30 94 17 68 197 12 43 192 125 3 114 150 167 132 128 
Maquina 7 : 60 119 144 105 154 41 5 27 111 112 102 110 158 165 6 135 54 194 66 13 90 
Maquina 8 : 172 9 62 2 93 181 82 138 171 37 122 176 76 189 52 84 199 7 70 
Maquina 9 : 73 191 32 107 34 71 149 77 14 151 44 40 39 164 69 141 22 173 48 126 67 170 
Maquina 10 : 123 198 185 163 86 103 96 133 130 190 63 129 74 186 92 155 38 193 
