Instance filename: ./instances/200jobs/instanceLarge1016_m=7_n=200_l=30_c=20_s=1.PMTC
Min temperature: 0.1
Max temperature: 0.5
Melhor Solução: 3569
Temp div: 16
MCL: 400
PTL: 75000
Elapsed time was: 753172
Maquina 1 : 15 87 61 67 89 140 118 3 125 115 51 132 186 32 191 96 46 116 121 187 108 27 39 41 54 47 68 130 53 
Maquina 2 : 12 144 138 134 139 74 183 195 104 161 60 143 181 19 120 34 167 72 158 113 2 98 55 159 154 30 
Maquina 3 : 171 8 165 84 196 179 36 33 17 126 13 66 178 153 62 163 94 149 109 90 174 81 6 177 172 185 95 18 48 88 194 
Maquina 4 : 129 64 168 40 188 102 160 151 137 31 45 28 170 4 145 25 0 21 100 71 86 152 182 114 38 99 91 164 
Maquina 5 : 142 93 198 14 127 146 26 75 49 20 9 180 50 77 42 57 117 10 58 192 78 122 128 101 1 119 199 176 83 79 
Maquina 6 : 166 189 97 52 73 65 124 16 59 155 37 184 162 44 107 29 193 106 103 150 156 80 147 131 56 157 
Maquina 7 : 92 110 136 148 5 85 141 111 11 23 24 112 82 69 76 7 135 175 123 70 133 35 197 190 169 43 63 105 22 173 
