Instance filename: ./instances/200jobs/instanceLarge925_m=6_n=200_l=40_c=20_s=0.PMTC
Min temperature: 0.1
Max temperature: 0.5
Melhor Solução: 3364
Temp div: 16
MCL: 400
PTL: 75000
Elapsed time was: 988787
Maquina 1 : 33 92 95 45 100 40 61 135 196 192 165 34 77 163 36 35 21 20 66 171 183 182 44 118 79 27 136 185 113 
Maquina 2 : 57 122 1 32 28 39 184 115 134 175 37 168 176 143 31 62 25 167 65 15 147 180 156 149 137 119 112 70 86 179 22 148 56 78 181 52 
Maquina 3 : 19 194 75 174 155 55 54 24 195 49 6 17 82 152 14 111 67 51 129 9 178 18 138 76 46 151 101 8 2 187 47 109 123 73 154 12 177 
Maquina 4 : 11 71 96 191 199 29 26 90 53 139 161 64 5 59 63 105 98 87 89 189 117 94 69 124 38 110 3 80 170 160 83 126 172 41 108 
Maquina 5 : 107 85 130 23 48 173 97 132 93 128 158 30 127 157 116 43 81 42 102 162 114 125 84 144 150 121 10 106 166 103 74 60 68 
Maquina 6 : 153 142 88 120 16 159 188 99 145 164 50 72 133 169 104 131 91 197 13 7 186 146 4 141 0 58 140 198 190 193 
