Instance filename: ./instances/200jobs/instanceLarge976_m=7_n=200_l=30_c=10_s=0.PMTC
Min temperature: 0.1
Max temperature: 0.5
Melhor Solução: 2186
Temp div: 16
MCL: 400
PTL: 75000
Elapsed time was: 688204
Maquina 1 : 77 115 120 172 74 182 177 140 73 188 136 180 21 13 193 31 138 124 36 127 44 94 48 93 67 4 112 1 
Maquina 2 : 161 84 2 106 6 0 144 14 52 40 121 68 70 42 171 71 111 186 46 18 139 104 152 85 175 164 107 65 174 149 187 
Maquina 3 : 116 134 39 47 169 192 194 3 125 133 79 162 158 170 35 95 41 166 16 155 66 45 143 63 28 
Maquina 4 : 60 135 183 76 82 109 128 142 15 91 24 154 53 5 38 181 32 58 96 9 10 50 119 122 37 190 98 137 178 11 151 88 51 
Maquina 5 : 145 12 132 199 64 129 150 160 147 7 56 22 102 163 30 148 20 86 156 59 33 100 55 49 157 92 114 89 8 
Maquina 6 : 90 146 179 130 103 110 34 83 173 113 75 185 72 118 29 108 198 105 195 78 54 165 57 80 167 131 
Maquina 7 : 159 17 101 87 69 123 26 141 19 97 117 153 25 23 43 27 184 197 196 191 99 62 81 189 168 126 61 176 
