Instance filename: ./instances/200jobs/instanceLarge1076_m=7_n=200_l=40_c=30_s=1.PMTC
Min temperature: 0.1
Max temperature: 0.5
Melhor Solução: 4932
Temp div: 16
MCL: 400
PTL: 75000
Elapsed time was: 1004919
Maquina 1 : 190 50 138 194 125 25 14 180 48 128 66 29 30 15 94 139 71 17 85 152 52 81 41 106 88 135 173 120 19 72 
Maquina 2 : 196 132 51 167 24 99 9 91 145 73 18 84 43 115 189 147 95 102 38 64 31 172 182 116 104 
Maquina 3 : 57 131 159 108 142 163 67 2 158 56 178 20 65 32 92 76 185 21 45 148 109 54 98 37 124 7 42 
Maquina 4 : 113 80 61 77 13 70 101 169 36 154 27 34 96 166 11 49 78 110 151 165 83 28 74 60 184 186 3 150 111 193 164 8 4 12 
Maquina 5 : 177 141 79 119 157 133 153 126 175 174 144 188 90 6 192 10 35 105 114 103 86 155 162 183 161 
Maquina 6 : 160 187 5 68 121 156 123 100 46 87 136 107 137 195 176 58 127 0 143 149 39 179 33 118 23 112 122 171 198 
Maquina 7 : 22 199 129 93 170 55 44 26 168 75 140 47 191 117 16 97 146 63 59 82 134 62 1 181 69 89 130 197 53 40 
