Instance filename: ./instances/200jobs/instanceLarge937_m=6_n=200_l=40_c=30_s=0.PMTC
Min temperature: 0.1
Max temperature: 0.5
Melhor Solução: 4184
Temp div: 16
MCL: 400
PTL: 75000
Elapsed time was: 372759
Maquina 1 : 107 32 16 92 195 70 114 6 45 164 197 21 123 186 93 111 158 110 7 64 35 120 68 81 109 125 44 51 175 190 127 
Maquina 2 : 139 151 36 178 78 72 97 189 79 17 71 49 14 135 53 39 48 56 104 148 147 13 12 165 63 50 112 96 22 86 193 52 145 47 
Maquina 3 : 171 5 82 140 98 19 31 105 179 57 84 183 76 152 28 4 1 9 60 161 66 10 58 38 87 8 62 167 142 85 65 170 18 25 
Maquina 4 : 162 199 177 166 163 184 80 182 94 34 77 130 118 168 89 173 141 61 153 40 119 42 187 181 136 174 126 15 43 128 
Maquina 5 : 24 46 124 54 26 55 132 191 59 121 75 108 83 133 176 122 73 143 41 115 88 129 149 160 156 180 2 159 117 29 155 146 69 3 185 
Maquina 6 : 100 188 11 99 194 144 138 106 198 91 33 90 150 74 131 192 116 30 27 95 0 20 134 113 157 102 37 101 67 154 169 137 196 103 23 172 
