Instance filename: ./instances/200jobs/instanceLarge1429_m=10_n=200_l=40_c=30_s=0.PMTC
Min temperature: 0.1
Max temperature: 0.5
Melhor Solução: 1687
Temp div: 16
MCL: 400
PTL: 75000
Elapsed time was: 1054760
Maquina 1 : 193 122 69 176 76 189 52 199 84 7 70 73 107 34 32 71 101 116 194 
Maquina 2 : 66 13 90 172 9 1 153 99 89 10 28 140 59 54 15 159 87 155 37 
Maquina 3 : 171 138 82 181 98 184 104 143 47 121 26 152 81 166 91 55 161 36 188 
Maquina 4 : 169 44 177 106 42 56 165 158 110 102 112 111 27 5 64 49 109 80 95 174 50 
Maquina 5 : 173 72 147 92 186 74 129 180 150 128 132 167 77 125 3 6 114 135 45 57 
Maquina 6 : 117 115 62 2 170 18 197 67 126 48 100 35 136 120 191 29 63 133 190 
Maquina 7 : 130 96 86 53 139 151 14 149 118 60 119 144 105 83 154 124 78 8 148 
Maquina 8 : 156 4 137 0 11 23 195 30 185 163 22 141 51 175 182 103 168 75 33 179 134 58 43 79 
Maquina 9 : 192 160 178 131 19 21 85 146 31 157 12 61 113 187 97 24 39 108 16 162 196 
Maquina 10 : 142 46 20 127 88 183 17 65 94 40 25 68 164 123 198 38 145 41 93 
