Instance filename: ./instances/200jobs/instanceLarge1312_m=9_n=200_l=40_c=30_s=0.PMTC
Min temperature: 0.1
Max temperature: 0.5
Melhor Solução: 1462
Temp div: 16
MCL: 400
PTL: 75000
Elapsed time was: 951892
Maquina 1 : 153 18 112 174 165 101 40 146 110 44 136 158 162 123 102 128 30 166 171 150 82 134 115 
Maquina 2 : 120 10 114 70 125 139 198 63 81 52 106 27 37 67 121 89 183 111 140 117 173 142 51 147 
Maquina 3 : 151 107 17 69 1 99 45 86 98 167 56 177 4 34 57 148 39 135 9 94 79 141 35 
Maquina 4 : 159 118 22 14 196 179 97 31 68 181 119 61 145 64 104 194 8 53 164 91 25 
Maquina 5 : 192 132 149 74 152 24 93 66 138 32 60 124 95 0 47 48 96 172 131 187 191 190 170 
Maquina 6 : 180 50 80 83 116 16 161 23 2 157 154 182 73 133 41 85 59 189 122 12 76 
Maquina 7 : 144 19 185 7 178 6 77 90 143 176 193 49 100 58 87 129 108 163 46 199 3 
Maquina 8 : 55 65 155 11 33 28 92 188 197 15 168 26 75 42 36 186 62 137 21 127 84 
Maquina 9 : 13 113 160 71 130 43 184 105 78 103 54 5 88 29 109 175 169 156 38 195 20 126 72 
