Instance filename: ./instances/200jobs/instanceLarge1288_m=9_n=200_l=40_c=20_s=0.PMTC
Min temperature: 0.1
Max temperature: 0.5
Melhor Solução: 2431
Temp div: 16
MCL: 400
PTL: 75000
Elapsed time was: 1438538
Maquina 1 : 17 185 95 87 179 34 189 165 151 0 190 62 177 97 24 108 159 145 21 196 38 61 
Maquina 2 : 25 152 106 170 26 60 148 197 6 172 180 124 63 167 44 98 2 50 132 47 153 
Maquina 3 : 29 45 40 122 39 166 1 96 157 72 126 92 64 154 54 15 70 194 48 105 178 59 114 33 
Maquina 4 : 31 109 125 173 76 103 198 187 100 84 85 32 141 155 137 116 164 7 175 171 163 161 42 131 
Maquina 5 : 99 81 3 117 56 86 174 8 14 121 90 75 28 101 57 186 10 195 27 140 192 43 115 91 102 
Maquina 6 : 79 49 94 107 74 68 104 136 78 191 118 89 9 176 51 156 111 93 150 20 113 133 65 
Maquina 7 : 36 11 18 129 71 4 182 58 46 142 5 199 193 13 120 128 147 66 
Maquina 8 : 37 158 110 19 80 143 160 135 83 35 88 123 138 134 162 22 112 130 139 127 
Maquina 9 : 183 77 23 169 53 69 67 119 16 55 149 52 144 146 41 30 168 184 82 12 181 188 73 
