Instance filename: ./instances/200jobs/instanceLarge1388_m=10_n=200_l=40_c=20_s=1.PMTC
Min temperature: 0.1
Max temperature: 0.5
Melhor Solução: 2490
Temp div: 16
MCL: 400
PTL: 75000
Elapsed time was: 768065
Maquina 1 : 102 11 113 197 104 38 174 117 91 20 23 125 26 50 189 74 107 35 
Maquina 2 : 195 193 90 71 157 179 46 12 110 41 76 28 1 148 73 81 70 59 9 24 103 
Maquina 3 : 47 97 123 33 185 190 131 37 53 64 120 0 3 155 129 17 61 164 44 116 
Maquina 4 : 118 156 133 149 16 82 171 158 172 127 78 62 88 191 83 66 152 4 65 121 
Maquina 5 : 18 136 5 122 108 198 126 85 67 79 27 13 94 25 138 56 180 140 32 
Maquina 6 : 52 40 166 178 8 31 112 124 170 151 165 159 57 162 119 14 101 199 92 51 146 6 
Maquina 7 : 68 173 10 99 114 45 175 145 72 19 89 2 144 192 163 196 77 167 
Maquina 8 : 7 143 194 87 49 128 176 48 60 96 137 21 36 106 188 95 134 187 54 55 
Maquina 9 : 15 75 39 181 80 186 160 30 69 135 58 100 184 161 109 34 154 63 150 93 141 
Maquina 10 : 153 142 139 105 86 111 98 177 182 84 169 29 22 130 43 42 115 147 168 183 132 
