Instance filename: ./instances/200jobs/instanceLarge1258_m=9_n=200_l=30_c=20_s=0.PMTC
Min temperature: 0.1
Max temperature: 0.5
Melhor Solução: 709
Temp div: 16
MCL: 400
PTL: 75000
Elapsed time was: 1288343
Maquina 1 : 49 161 29 27 39 115 54 167 172 119 68 147 0 37 6 76 160 24 189 113 55 14 178 191 78 122 
Maquina 2 : 21 50 112 94 67 143 163 180 42 13 193 11 51 153 116 91 155 102 87 43 
Maquina 3 : 110 32 41 26 156 96 165 171 166 85 62 186 182 74 9 80 132 1 23 20 158 38 89 61 199 3 129 
Maquina 4 : 157 98 104 53 109 52 190 22 140 2 4 17 47 66 170 197 16 34 120 144 63 146 
Maquina 5 : 118 135 64 133 192 124 92 95 103 121 7 93 75 123 84 181 198 185 179 
Maquina 6 : 69 150 15 149 114 8 12 142 72 105 184 100 88 137 79 151 134 60 44 183 107 169 82 46 117 
Maquina 7 : 5 58 33 139 162 31 81 10 152 59 196 97 141 83 36 73 48 126 131 18 
Maquina 8 : 125 195 99 187 188 194 101 28 154 35 159 130 106 173 111 65 174 138 108 177 
Maquina 9 : 86 77 148 57 45 176 70 164 56 128 127 71 19 145 30 175 40 25 136 90 168 
