Instance filename: ./instances/200jobs/instanceLarge1172_m=8_n=200_l=40_c=30_s=1.PMTC
Min temperature: 0.1
Max temperature: 0.5
Melhor Solução: 4200
Temp div: 16
MCL: 400
PTL: 75000
Elapsed time was: 871787
Maquina 1 : 199 50 10 117 3 75 180 160 48 191 2 93 31 111 130 9 47 46 165 77 187 7 17 
Maquina 2 : 150 185 145 170 88 157 138 49 44 143 178 97 197 112 58 171 105 176 13 148 101 135 167 
Maquina 3 : 140 89 144 19 56 192 120 22 72 172 30 34 36 152 43 155 45 51 177 37 163 99 136 76 
Maquina 4 : 104 188 151 196 52 59 179 39 86 0 29 81 137 121 106 6 8 21 25 142 38 94 124 69 54 147 26 113 78 
Maquina 5 : 195 108 95 64 70 12 118 131 183 57 122 198 161 14 66 123 128 41 1 96 127 133 109 132 182 
Maquina 6 : 110 28 102 139 87 16 186 33 189 103 82 114 40 60 32 24 42 53 11 67 115 169 4 83 193 90 156 
Maquina 7 : 84 35 62 98 173 65 129 125 91 27 181 164 92 141 63 80 168 73 85 107 15 159 184 61 
Maquina 8 : 23 175 194 166 79 162 174 18 134 154 71 5 68 119 116 158 55 153 100 126 149 190 74 146 20 
