Instance filename: ./instances/200jobs/instanceLarge1149_m=8_n=200_l=40_c=20_s=2.PMTC
Min temperature: 0.1
Max temperature: 0.5
Melhor Solução: 827
Temp div: 16
MCL: 400
PTL: 75000
Elapsed time was: 727471
Maquina 1 : 105 160 130 135 110 103 97 84 144 104 178 155 98 22 52 6 123 171 9 164 32 1 184 142 14 157 128 121 189 161 
Maquina 2 : 167 118 163 29 5 80 40 19 196 175 85 176 62 183 88 139 26 72 86 64 94 58 
Maquina 3 : 147 194 159 90 136 127 79 60 93 195 63 24 33 59 122 15 138 101 108 57 151 44 100 18 4 31 177 114 74 
Maquina 4 : 23 68 120 71 112 124 46 25 197 156 69 2 187 173 168 186 50 75 188 20 49 82 47 87 42 16 
Maquina 5 : 162 125 182 132 96 37 83 181 154 137 53 78 12 67 192 91 48 119 190 56 89 43 
Maquina 6 : 70 174 116 99 141 191 55 166 34 153 179 30 169 35 3 38 27 148 21 193 199 131 45 92 81 
Maquina 7 : 11 143 170 134 145 102 129 198 95 77 111 165 150 117 8 51 113 7 109 158 
Maquina 8 : 140 126 36 146 61 13 152 41 115 180 76 0 133 172 28 107 65 17 66 39 149 73 106 185 10 54 
