Instance filename: ./instances/200jobs/instanceLarge1152_m=8_n=200_l=40_c=20_s=2.PMTC
Min temperature: 0.1
Max temperature: 0.5
Melhor Solução: 805
Temp div: 16
MCL: 400
PTL: 75000
Elapsed time was: 864807
Maquina 1 : 145 125 169 3 170 143 24 136 23 95 119 123 22 196 98 155 52 178 104 144 176 97 139 56 44 
Maquina 2 : 105 17 76 147 194 15 159 90 60 93 195 63 157 53 175 74 12 83 48 67 39 160 142 149 
Maquina 3 : 73 66 78 91 106 72 54 192 71 120 102 114 191 35 9 21 179 36 29 80 187 40 27 38 10 32 116 
Maquina 4 : 174 89 19 70 193 148 99 85 62 167 55 166 122 124 127 59 50 161 128 5 177 94 
Maquina 5 : 110 135 28 153 163 51 180 20 69 49 47 87 82 132 37 81 42 108 138 101 75 103 96 188 129 
Maquina 6 : 57 0 92 77 65 107 111 165 41 115 152 184 100 151 18 4 31 30 154 133 186 197 168 156 173 2 16 
Maquina 7 : 33 158 84 117 171 25 130 199 79 131 112 46 45 182 13 146 61 7 68 141 34 6 126 150 8 113 172 43 
Maquina 8 : 109 190 140 198 185 137 14 11 164 181 86 121 189 58 118 162 183 134 64 1 26 88 
