Instance filename: ./instances/200jobs/instanceLarge849_m=6_n=200_l=30_c=10_s=2.PMTC
Min temperature: 0.1
Max temperature: 0.5
Melhor Solução: 1026
Temp div: 16
MCL: 400
PTL: 75000
Elapsed time was: 691204
Maquina 1 : 179 143 64 85 129 30 63 89 138 168 169 46 96 197 48 91 153 164 175 41 185 23 39 87 15 196 136 149 170 171 6 111 119 130 60 
Maquina 2 : 65 165 72 108 58 101 45 166 80 34 31 105 67 18 134 157 1 182 103 132 73 88 16 50 178 8 113 90 29 162 
Maquina 3 : 156 2 56 126 173 187 74 93 116 84 78 155 0 25 172 139 193 83 158 12 125 167 40 32 184 54 99 188 94 62 36 128 21 42 
Maquina 4 : 22 38 124 146 174 186 82 151 109 122 17 4 69 81 145 5 192 59 98 180 140 24 107 110 142 112 137 79 141 49 95 70 190 102 14 97 13 195 191 55 7 148 
Maquina 5 : 117 61 189 176 43 127 28 86 120 57 114 27 66 144 35 131 118 3 44 10 33 51 194 100 150 159 198 160 161 53 183 
Maquina 6 : 147 106 9 20 133 177 152 19 47 75 121 71 154 77 92 52 11 104 115 123 181 199 76 26 135 163 37 68 
