Instance filename: ./instances/200jobs/instanceLarge1399_m=10_n=200_l=40_c=20_s=0.PMTC
Min temperature: 0.1
Max temperature: 0.5
Melhor Solução: 1025
Temp div: 16
MCL: 400
PTL: 75000
Elapsed time was: 896678
Maquina 1 : 74 60 157 99 111 179 7 27 79 0 199 198 16 90 13 56 85 67 104 
Maquina 2 : 126 73 94 138 137 77 1 42 140 76 180 36 21 32 40 83 129 139 
Maquina 3 : 9 49 33 167 19 89 192 163 58 100 37 131 108 53 125 103 189 35 195 107 
Maquina 4 : 26 48 176 38 128 188 87 96 31 142 123 153 105 93 154 150 34 109 92 
Maquina 5 : 193 161 47 64 184 63 120 145 24 72 59 190 194 30 186 80 181 39 75 15 
Maquina 6 : 187 134 169 43 55 20 51 50 117 174 91 106 10 66 71 44 118 185 156 
Maquina 7 : 133 41 149 164 82 171 158 172 102 113 62 81 122 54 18 5 136 121 110 68 173 114 45 
Maquina 8 : 144 175 6 70 177 23 98 182 143 115 12 183 168 132 22 69 84 29 165 101 
Maquina 9 : 162 119 57 159 14 170 46 124 151 197 2 112 65 130 166 152 8 178 52 25 
Maquina 10 : 11 4 95 147 135 160 191 88 78 155 146 3 17 61 28 148 86 196 127 141 116 97 
