Instance filename: ./instances/200jobs/instanceLarge1032_m=7_n=200_l=40_c=20_s=2.PMTC
Min temperature: 0.1
Max temperature: 0.5
Melhor Solução: 905
Temp div: 16
MCL: 400
PTL: 75000
Elapsed time was: 1370357
Maquina 1 : 125 121 192 198 39 176 197 3 75 16 48 187 23 157 57 76 174 33 80 141 88 165 97 8 115 
Maquina 2 : 47 11 118 185 29 108 119 177 77 161 181 84 25 175 53 191 1 31 127 189 12 28 156 60 13 
Maquina 3 : 139 130 103 107 172 128 20 55 146 137 93 133 131 120 170 169 95 179 50 92 78 89 186 65 67 52 4 18 160 27 151 180 
Maquina 4 : 101 142 56 91 98 183 61 19 116 41 132 184 2 14 154 9 6 94 109 199 147 81 193 40 15 86 37 63 134 149 5 
Maquina 5 : 122 178 182 34 70 155 73 74 163 138 158 44 166 96 71 100 87 99 144 79 72 38 173 24 106 196 188 59 83 22 
Maquina 6 : 85 90 42 7 150 51 159 21 136 32 123 26 162 111 104 105 82 10 195 45 143 112 153 17 36 117 0 
Maquina 7 : 168 124 152 129 30 194 140 171 69 110 58 148 68 167 113 46 126 54 49 62 145 114 190 35 64 102 164 135 43 66 
