Instance filename: ./instances/200jobs/instanceLarge1376_m=10_n=200_l=30_c=20_s=1.PMTC
Min temperature: 0.1
Max temperature: 0.5
Melhor Solução: 2569
Temp div: 16
MCL: 400
PTL: 75000
Elapsed time was: 1149370
Maquina 1 : 148 9 86 196 192 31 85 84 169 125 92 170 68 141 87 74 175 168 132 105 118 
Maquina 2 : 163 149 150 15 182 10 106 174 93 42 21 187 48 154 12 188 99 142 90 17 
Maquina 3 : 13 4 184 128 75 23 2 103 78 107 16 49 126 143 77 172 102 
Maquina 4 : 32 135 61 71 26 80 133 166 57 52 180 18 100 89 173 25 101 112 6 155 
Maquina 5 : 72 152 64 194 37 137 65 108 11 40 104 53 162 151 160 121 144 131 34 8 147 167 
Maquina 6 : 156 67 45 29 145 139 116 146 191 44 22 186 60 171 95 5 197 27 39 91 
Maquina 7 : 177 185 159 110 82 70 62 198 138 136 98 36 0 7 73 130 28 195 190 178 55 129 
Maquina 8 : 46 158 111 81 1 124 199 181 176 38 43 94 193 157 76 19 153 83 
Maquina 9 : 97 161 33 24 123 127 120 183 165 54 189 96 50 114 35 51 122 134 140 179 14 63 
Maquina 10 : 119 58 164 47 30 41 88 117 115 69 3 20 79 66 113 59 56 109 
