Instance filename: ./instances/200jobs/instanceLarge1336_m=10_n=200_l=30_c=10_s=0.PMTC
Min temperature: 0.1
Max temperature: 0.5
Melhor Solução: 1360
Temp div: 16
MCL: 400
PTL: 75000
Elapsed time was: 377959
Maquina 1 : 123 100 115 63 3 32 31 130 76 16 144 193 181 125 68 57 196 170 66 85 
Maquina 2 : 22 173 107 188 75 179 156 116 101 4 160 48 113 140 65 60 180 108 157 
Maquina 3 : 177 20 172 64 88 197 190 146 194 81 176 167 117 103 33 165 73 129 166 
Maquina 4 : 145 67 110 192 122 178 59 1 119 38 134 36 155 82 7 21 186 154 79 
Maquina 5 : 25 24 164 89 14 124 55 183 53 151 50 153 42 150 169 148 98 138 44 198 
Maquina 6 : 51 13 69 121 28 61 47 71 99 26 15 105 27 143 93 184 111 78 162 6 104 
Maquina 7 : 80 120 189 37 19 54 158 131 29 127 171 74 41 95 136 132 182 90 118 92 
Maquina 8 : 72 12 8 70 87 174 195 163 77 185 159 58 45 168 191 9 34 10 161 84 62 35 126 141 
Maquina 9 : 135 187 94 0 2 139 39 18 43 128 56 86 17 109 149 30 142 
Maquina 10 : 112 97 199 133 5 52 137 83 91 49 46 106 11 40 96 175 114 102 147 152 23 
