Instance filename: ./instances/200jobs/instanceLarge1024_m=7_n=200_l=40_c=20_s=0.PMTC
Min temperature: 0.1
Max temperature: 0.5
Melhor Solução: 1564
Temp div: 16
MCL: 400
PTL: 75000
Elapsed time was: 1249039
Maquina 1 : 75 157 82 48 16 51 142 57 187 76 108 177 29 145 190 114 67 163 89 18 78 39 121 91 198 98 50 179 
Maquina 2 : 174 192 125 27 3 197 0 66 169 86 25 133 64 175 161 191 13 151 69 160 195 113 176 46 68 126 148 58 
Maquina 3 : 110 8 45 55 178 199 20 63 102 26 123 127 130 21 96 62 101 15 49 119 158 5 138 73 2 70 35 182 34 155 47 37 42 
Maquina 4 : 180 144 166 72 79 99 65 71 54 52 32 162 38 173 74 111 154 61 84 122 149 31 1 188 24 106 
Maquina 5 : 196 17 146 137 93 131 141 120 115 85 4 88 36 56 170 95 77 189 185 11 112 153 183 167 171 117 87 19 116 
Maquina 6 : 100 22 7 150 90 134 81 40 109 44 9 94 147 193 136 186 23 156 140 168 152 97 30 124 
Maquina 7 : 194 107 92 135 128 43 159 132 12 28 10 14 6 184 172 59 165 139 41 60 83 105 103 104 143 53 129 181 80 33 164 118 
