Instance filename: ./instances/200jobs/instanceLarge1373_m=10_n=200_l=30_c=20_s=1.PMTC
Min temperature: 0.1
Max temperature: 0.5
Melhor Solução: 2541
Temp div: 16
MCL: 400
PTL: 75000
Elapsed time was: 883050
Maquina 1 : 107 97 78 86 9 24 198 148 94 39 171 95 197 5 132 168 175 149 163 
Maquina 2 : 105 117 182 15 48 28 43 127 38 191 146 158 129 111 178 55 185 177 118 52 192 169 176 57 
Maquina 3 : 82 159 93 174 42 106 21 154 12 142 188 99 187 74 87 90 141 68 170 72 18 100 89 
Maquina 4 : 150 173 119 126 71 143 77 172 102 135 32 37 137 179 194 64 59 69 115 40 88 
Maquina 5 : 34 41 51 50 60 22 186 16 44 144 103 2 75 23 128 31 65 85 84 92 26 
Maquina 6 : 104 7 130 73 195 91 162 53 108 11 181 151 121 160 193 157 76 19 153 
Maquina 7 : 83 33 161 25 101 6 112 152 145 17 0 155 79 113 190 66 56 116 109 
Maquina 8 : 110 184 49 139 125 29 140 63 3 20 27 180 114 35 96 189 54 165 183 120 123 
Maquina 9 : 46 134 81 124 199 1 10 122 45 67 156 167 147 131 8 136 4 13 
Maquina 10 : 14 62 58 164 47 30 196 166 80 133 98 61 36 70 138 
