Instance filename: ./instances/200jobs/instanceLarge847_m=6_n=200_l=30_c=10_s=0.PMTC
Min temperature: 0.1
Max temperature: 0.5
Melhor Solução: 1224
Temp div: 16
MCL: 400
PTL: 75000
Elapsed time was: 876760
Maquina 1 : 116 110 142 176 43 58 53 102 148 83 125 0 68 45 158 187 93 74 5 162 11 121 156 167 154 40 12 32 184 172 37 78 174 155 146 
Maquina 2 : 28 131 100 118 189 57 114 66 144 27 120 106 101 133 35 3 130 60 72 65 73 119 56 195 108 168 52 25 48 197 96 
Maquina 3 : 153 111 191 171 7 97 15 157 161 31 105 67 80 34 18 166 75 186 82 151 122 51 170 59 4 98 165 84 55 109 139 149 69 17 81 123 
Maquina 4 : 180 145 79 112 140 192 21 38 107 137 24 141 94 62 36 99 87 181 117 88 16 50 33 54 132 10 124 42 138 169 185 128 22 
Maquina 5 : 41 23 70 196 175 193 183 173 177 20 136 61 159 1 103 134 182 150 178 44 39 29 126 2 47 113 90 86 127 163 152 26 135 95 
Maquina 6 : 77 104 92 71 115 188 8 19 198 76 160 194 147 9 64 179 143 46 199 63 85 129 30 89 6 14 190 164 13 49 91 
