Instance filename: ./instances/200jobs/instanceLarge1075_m=7_n=200_l=40_c=30_s=0.PMTC
Min temperature: 0.1
Max temperature: 0.5
Melhor Solução: 2634
Temp div: 16
MCL: 400
PTL: 75000
Elapsed time was: 677758
Maquina 1 : 40 53 169 80 77 13 70 101 42 149 113 51 167 123 24 99 12 141 177 79 119 89 130 69 81 52 106 17 85 
Maquina 2 : 71 90 188 56 137 88 194 39 190 138 15 168 176 151 110 78 94 135 136 100 87 46 61 36 27 126 173 120 118 
Maquina 3 : 19 158 91 9 29 117 102 125 179 97 146 63 59 82 134 62 1 178 73 18 84 43 189 44 55 170 93 
Maquina 4 : 22 114 38 103 86 140 174 153 133 157 33 66 152 184 60 186 150 3 122 171 193 111 8 164 4 185 76 162 
Maquina 5 : 155 32 65 20 175 48 180 181 148 128 109 34 7 156 121 68 5 187 160 161 183 197 198 199 129 54 98 37 124 139 
Maquina 6 : 108 159 191 47 165 72 196 2 67 49 115 11 96 154 142 163 57 104 116 182 172 31 64 95 147 145 166 
Maquina 7 : 75 107 16 35 10 192 6 144 25 14 26 41 195 58 127 0 132 92 143 131 30 50 83 74 28 105 21 45 112 23 
