Instance filename: ./instances/200jobs/instanceLarge1142_m=8_n=200_l=40_c=20_s=1.PMTC
Min temperature: 0.1
Max temperature: 0.5
Melhor Solução: 3311
Temp div: 16
MCL: 400
PTL: 75000
Elapsed time was: 689993
Maquina 1 : 102 15 82 132 51 106 69 87 17 122 59 50 186 168 171 129 75 98 101 138 151 182 42 81 
Maquina 2 : 108 142 148 9 1 137 123 89 47 19 22 52 40 176 10 196 27 146 80 30 3 21 35 193 155 32 70 
Maquina 3 : 149 125 26 144 0 72 131 38 92 143 23 199 170 145 181 136 198 95 169 77 165 111 107 41 
Maquina 4 : 158 117 65 48 190 126 140 109 6 88 85 20 104 183 118 64 37 147 84 194 159 90 49 58 
Maquina 5 : 86 94 121 164 14 11 180 189 178 61 13 43 7 113 8 25 46 100 184 173 2 16 156 
Maquina 6 : 28 33 197 119 154 31 18 133 44 174 115 134 76 172 54 192 62 73 66 78 39 12 83 67 4 96 45 
Maquina 7 : 112 79 97 160 105 110 135 103 187 177 185 139 163 5 56 130 60 93 175 195 53 63 74 55 
Maquina 8 : 29 162 157 188 128 161 36 127 152 124 150 167 141 114 99 116 191 57 179 153 166 24 34 91 68 71 120 
