Instance filename: ./instances/200jobs/instanceLarge1332_m=10_n=200_l=30_c=10_s=2.PMTC
Min temperature: 0.1
Max temperature: 0.5
Melhor Solução: 666
Temp div: 16
MCL: 400
PTL: 75000
Elapsed time was: 1081855
Maquina 1 : 137 78 162 6 114 96 139 175 131 2 142 0 29 127 136 125 101 4 
Maquina 2 : 140 193 128 173 112 199 116 66 68 170 77 85 89 180 160 108 67 60 188 157 107 51 
Maquina 3 : 177 121 194 26 20 15 176 69 47 167 81 103 190 40 117 58 185 172 146 64 88 
Maquina 4 : 25 168 24 164 163 195 154 158 133 39 171 41 95 3 113 115 43 32 76 187 94 
Maquina 5 : 135 49 141 126 62 84 35 161 34 9 10 191 156 79 75 63 
Maquina 6 : 37 5 55 59 189 82 7 155 124 53 73 105 102 23 143 120 147 106 
Maquina 7 : 86 130 56 21 17 19 149 97 192 22 30 165 52 197 45 104 91 123 46 100 196 
Maquina 8 : 145 179 148 83 169 144 44 181 138 57 93 98 12 42 13 153 198 150 48 87 70 72 
Maquina 9 : 8 14 152 90 118 186 182 132 74 92 109 28 174 134 159 18 54 122 151 16 178 
Maquina 10 : 31 38 1 119 36 65 111 166 33 110 129 71 11 27 61 99 80 184 50 183 
