Instance filename: ./instances/200jobs/instanceLarge971_m=7_n=200_l=30_c=10_s=1.PMTC
Min temperature: 0.1
Max temperature: 0.5
Melhor Solução: 2950
Temp div: 16
MCL: 400
PTL: 75000
Elapsed time was: 447596
Maquina 1 : 34 26 167 98 193 105 29 100 66 15 122 173 113 75 104 5 112 83 148 146 90 130 125 194 192 169 179 30 
Maquina 2 : 103 3 152 79 163 101 142 133 128 109 60 76 82 21 91 11 162 134 154 183 151 145 171 51 12 27 89 136 46 158 70 
Maquina 3 : 93 4 111 35 77 124 114 138 180 31 9 137 117 164 107 65 174 175 97 147 131 135 28 63 96 38 32 58 119 
Maquina 4 : 37 86 95 50 10 45 22 56 150 143 41 195 108 8 157 198 185 118 155 72 18 47 33 55 59 156 20 102 74 
Maquina 5 : 42 71 110 14 186 40 52 121 144 0 6 106 190 2 84 170 1 92 166 16 127 44 161 178 48 94 188 177 73 182 
Maquina 6 : 36 80 140 172 139 85 68 78 54 57 165 115 120 17 159 67 181 24 53 123 87 69 141 19 160 199 25 132 153 
Maquina 7 : 13 88 116 39 187 149 64 7 129 23 49 43 184 197 196 62 99 81 191 189 168 61 126 176 
