Instance filename: ./instances/200jobs/instanceLarge1167_m=8_n=200_l=40_c=20_s=2.PMTC
Min temperature: 0.1
Max temperature: 0.5
Melhor Solução: 805
Temp div: 16
MCL: 400
PTL: 75000
Elapsed time was: 1745860
Maquina 1 : 121 162 118 55 66 57 166 138 106 114 185 10 54 73 149 39 17 65 107 111 158 180 41 115 
Maquina 2 : 0 44 154 96 101 188 75 171 186 168 50 2 173 187 156 119 33 177 31 4 18 120 16 68 
Maquina 3 : 24 71 133 34 126 7 113 109 8 25 46 91 190 140 184 48 192 100 117 129 67 83 12 53 181 74 78 150 20 
Maquina 4 : 43 145 3 102 134 170 28 198 143 95 80 77 157 92 40 196 27 38 35 21 131 23 174 19 165 116 
Maquina 5 : 89 191 193 167 99 199 127 45 144 125 72 86 178 164 51 11 49 189 13 146 61 123 
Maquina 6 : 52 22 98 155 76 110 15 172 62 32 85 183 176 88 139 135 94 197 160 103 153 59 161 128 152 36 124 63 175 
Maquina 7 : 179 169 29 47 30 195 93 60 194 90 136 69 84 112 58 70 104 26 159 5 56 163 141 
Maquina 8 : 79 130 6 148 14 9 137 142 1 108 81 37 105 42 182 151 132 82 97 64 147 122 87 
