Instance filename: ./instances/200jobs/instanceLarge1026_m=7_n=200_l=40_c=20_s=2.PMTC
Min temperature: 0.1
Max temperature: 0.5
Melhor Solução: 916
Temp div: 16
MCL: 400
PTL: 75000
Elapsed time was: 605968
Maquina 1 : 37 40 63 134 149 35 5 122 178 26 80 182 70 33 20 164 118 141 148 115 64 43 152 168 28 34 86 198 183 167 113 58 110 
Maquina 2 : 68 46 177 126 158 52 54 192 125 15 49 21 123 38 119 143 8 101 190 114 199 140 87 186 142 65 67 27 18 163 
Maquina 3 : 160 151 176 180 55 146 137 83 133 170 120 131 4 79 144 99 166 72 24 106 196 96 7 159 42 100 
Maquina 4 : 90 173 73 75 16 56 51 145 98 150 174 23 76 48 60 82 57 157 3 105 104 89 12 109 14 6 41 
Maquina 5 : 22 59 184 172 88 189 165 11 185 77 112 153 36 71 19 117 171 81 193 121 94 147 9 136 155 129 53 161 
Maquina 6 : 93 169 187 108 191 95 175 45 62 25 181 84 188 1 127 31 156 194 30 17 69 0 97 103 139 13 130 107 128 92 
Maquina 7 : 135 132 197 91 85 102 47 78 138 29 44 2 61 116 154 50 74 111 162 32 179 39 195 10 66 124 
