Instance filename: ./instances/200jobs/instanceLarge1112_m=8_n=200_l=30_c=20_s=1.PMTC
Min temperature: 0.1
Max temperature: 0.5
Melhor Solução: 3328
Temp div: 16
MCL: 400
PTL: 75000
Elapsed time was: 721890
Maquina 1 : 123 13 168 128 199 15 192 164 81 126 61 188 104 157 152 48 34 197 145 127 32 1 42 
Maquina 2 : 71 155 44 2 41 129 113 33 77 89 148 125 86 93 121 57 59 139 54 143 9 75 147 106 96 70 
Maquina 3 : 135 67 24 80 190 180 109 196 198 91 30 4 112 8 65 46 26 179 14 37 108 5 134 
Maquina 4 : 184 183 51 159 7 58 194 76 39 111 22 154 175 17 161 171 74 66 156 47 90 6 62 186 25 114 101 
Maquina 5 : 103 189 124 35 193 122 83 78 174 69 131 146 110 120 27 94 102 99 150 38 165 49 151 
Maquina 6 : 117 97 173 172 163 136 73 95 88 19 3 153 149 18 23 40 166 84 11 100 137 177 115 169 0 
Maquina 7 : 56 36 64 162 16 82 63 79 141 92 130 185 45 167 28 132 142 181 85 72 118 138 144 140 176 182 
Maquina 8 : 43 119 158 55 195 12 160 60 105 133 68 29 87 170 50 191 31 20 52 53 98 107 116 10 21 187 178 
