Instance filename: ./instances/200jobs/instanceLarge1306_m=9_n=200_l=40_c=30_s=0.PMTC
Min temperature: 0.1
Max temperature: 0.5
Melhor Solução: 2313
Temp div: 16
MCL: 400
PTL: 75000
Elapsed time was: 680932
Maquina 1 : 114 125 95 124 0 47 96 48 64 20 49 127 149 192 132 152 74 117 93 120 24 65 62 17 69 5 
Maquina 2 : 107 1 103 140 60 138 71 130 61 52 81 173 142 70 51 177 35 79 141 159 118 22 
Maquina 3 : 14 196 179 94 137 21 183 66 77 59 85 111 197 27 15 168 110 195 83 50 126 
Maquina 4 : 32 166 87 194 8 3 13 113 160 189 170 102 158 162 123 133 176 143 90 99 86 167 
Maquina 5 : 23 161 116 16 135 39 148 190 191 187 131 2 100 119 37 80 84 178 151 134 91 136 63 
Maquina 6 : 198 30 75 56 26 42 36 180 186 147 108 45 88 109 175 19 68 153 146 18 112 
Maquina 7 : 7 174 188 165 40 101 46 163 199 97 181 98 31 44 129 43 184 105 78 41 150 171 25 
Maquina 8 : 72 145 58 139 33 28 92 155 11 104 106 67 121 89 144 73 182 154 157 128 57 
Maquina 9 : 115 10 172 6 38 169 29 4 156 34 55 193 185 82 9 122 12 54 76 53 164 
