Instance filename: ./instances/200jobs/instanceLarge1043_m=7_n=200_l=40_c=20_s=1.PMTC
Min temperature: 0.1
Max temperature: 0.5
Melhor Solução: 3689
Temp div: 16
MCL: 400
PTL: 75000
Elapsed time was: 836646
Maquina 1 : 194 124 103 107 66 195 64 165 97 45 127 62 58 110 68 154 46 193 167 113 117 17 39 198 121 156 152 168 0 34 182 164 80 
Maquina 2 : 20 33 199 129 25 84 181 1 188 29 79 38 144 173 166 96 99 100 71 37 65 41 180 158 149 44 126 
Maquina 3 : 5 122 177 35 63 8 178 147 24 115 81 191 196 106 22 85 171 134 30 69 160 4 18 67 163 52 27 54 
Maquina 4 : 21 15 130 94 136 159 111 162 19 61 116 74 155 2 141 70 109 89 138 73 90 32 86 76 174 91 142 57 187 
Maquina 5 : 51 16 75 48 157 3 125 186 53 9 192 49 150 26 23 123 104 140 59 190 102 114 101 87 179 135 143 197 
Maquina 6 : 119 175 176 108 72 78 50 92 161 145 169 95 148 118 185 131 93 120 170 133 137 83 151 146 55 139 
Maquina 7 : 60 172 183 184 13 6 14 43 132 28 12 128 189 77 31 98 56 47 40 7 42 105 88 10 36 11 112 153 82 
