Instance filename: ./instances/200jobs/instanceLarge1361_m=10_n=200_l=30_c=20_s=1.PMTC
Min temperature: 0.1
Max temperature: 0.5
Melhor Solução: 2522
Temp div: 16
MCL: 400
PTL: 75000
Elapsed time was: 619279
Maquina 1 : 176 52 192 118 177 164 159 185 178 55 111 60 150 129 124 46 140 167 45 134 169 156 147 131 8 
Maquina 2 : 136 21 144 27 174 42 93 158 12 106 82 154 180 155 70 138 57 100 89 173 
Maquina 3 : 119 90 126 143 184 49 139 29 69 125 145 16 107 78 28 31 75 128 2 23 103 
Maquina 4 : 44 22 186 76 109 146 56 66 113 79 59 43 5 38 191 182 108 58 
Maquina 5 : 175 149 163 117 0 112 24 123 120 85 122 67 51 41 30 196 80 84 92 
Maquina 6 : 170 68 141 87 74 133 188 99 98 187 17 142 168 132 6 10 15 104 40 121 160 
Maquina 7 : 193 94 86 161 97 9 148 181 11 151 53 162 91 195 130 198 7 36 4 
Maquina 8 : 13 14 152 72 179 63 33 3 83 157 153 47 81 166 19 26 127 
Maquina 9 : 1 183 165 54 189 96 50 35 73 114 110 20 197 48 62 25 101 115 88 
Maquina 10 : 39 34 95 171 116 190 18 77 71 102 172 135 32 37 137 65 105 194 64 199 61 
