Instance filename: ./instances/200jobs/instanceLarge850_m=6_n=200_l=30_c=10_s=0.PMTC
Min temperature: 0.1
Max temperature: 0.5
Melhor Solução: 1248
Temp div: 16
MCL: 400
PTL: 75000
Elapsed time was: 481620
Maquina 1 : 92 0 115 94 158 104 95 135 26 163 45 79 68 123 17 112 81 145 69 180 137 107 24 98 110 140 141 74 19 113 8 
Maquina 2 : 198 133 194 53 160 147 177 159 20 76 152 151 122 109 4 149 182 157 117 39 161 15 87 67 136 134 18 1 103 31 197 168 171 7 191 97 195 
Maquina 3 : 118 13 102 25 150 153 164 175 196 70 23 41 138 128 185 170 169 48 96 116 142 43 58 176 148 83 189 100 155 28 99 57 
Maquina 4 : 127 55 114 86 120 106 71 183 63 9 101 108 35 166 80 178 186 14 90 36 16 61 62 165 84 190 146 
Maquina 5 : 131 174 51 59 82 38 21 52 42 192 124 10 22 44 156 162 181 91 77 121 89 6 30 129 85 46 179 64 143 47 49 93 2 126 34 29 73 
Maquina 6 : 72 105 65 60 130 111 56 75 119 199 3 173 27 187 5 144 154 66 32 54 50 188 33 88 132 184 37 11 78 167 12 40 125 172 139 193 
