Instance filename: ./instances/200jobs/instanceLarge941_m=6_n=200_l=40_c=30_s=1.PMTC
Min temperature: 0.1
Max temperature: 0.5
Melhor Solução: 5655
Temp div: 16
MCL: 400
PTL: 75000
Elapsed time was: 564406
Maquina 1 : 104 134 51 129 25 102 118 130 77 113 37 150 90 74 169 2 180 145 47 112 63 50 165 12 13 174 187 42 179 181 40 80 
Maquina 2 : 56 93 17 71 49 69 147 11 99 194 144 138 106 198 100 33 36 151 139 127 190 175 89 168 141 173 105 19 98 31 91 119 15 126 43 
Maquina 3 : 35 154 67 101 184 132 59 153 75 108 133 122 176 73 143 41 66 92 111 177 123 22 86 193 158 110 7 117 29 96 116 27 192 30 131 55 88 115 
Maquina 4 : 186 166 136 103 183 23 26 124 54 199 61 162 3 64 18 170 65 142 85 167 62 38 8 197 87 10 58 163 48 39 53 114 
Maquina 5 : 9 45 78 44 182 195 70 172 95 0 20 148 159 171 137 196 157 32 107 6 164 21 121 185 79 109 125 81 68 146 149 
Maquina 6 : 120 178 72 97 52 189 60 161 14 135 156 160 155 94 76 84 57 191 188 34 140 82 83 5 4 1 28 16 152 46 24 128 
