Instance filename: ./instances/200jobs/instanceLarge942_m=6_n=200_l=40_c=30_s=2.PMTC
Min temperature: 0.1
Max temperature: 0.5
Melhor Solução: 1099
Temp div: 16
MCL: 400
PTL: 75000
Elapsed time was: 440750
Maquina 1 : 48 39 53 38 2 72 52 189 60 161 136 174 165 12 13 63 50 149 167 112 47 145 22 86 193 158 110 7 35 120 68 
Maquina 2 : 81 109 180 187 42 166 139 190 127 20 92 66 41 143 73 122 133 176 83 108 75 172 95 0 199 192 21 164 121 115 148 85 142 65 170 
Maquina 3 : 18 64 140 3 103 78 23 178 79 9 97 14 135 156 77 113 134 37 45 6 107 32 157 196 137 171 159 30 27 179 106 29 117 96 146 160 155 
Maquina 4 : 94 34 76 55 26 54 124 183 84 57 191 188 162 15 119 126 40 153 173 141 61 89 168 118 130 154 43 67 132 
Maquina 5 : 101 184 56 59 69 49 71 17 181 185 62 8 87 10 58 111 177 123 163 93 151 197 36 144 194 99 11 33 100 198 150 90 131 116 74 102 104 44 125 
Maquina 6 : 51 175 129 147 169 25 114 70 195 138 182 186 80 88 91 105 19 98 31 5 82 128 24 46 152 16 28 1 4 
