Instance filename: ./instances/200jobs/instanceLarge1416_m=10_n=200_l=40_c=30_s=2.PMTC
Min temperature: 0.1
Max temperature: 0.5
Melhor Solução: 678
Temp div: 16
MCL: 400
PTL: 75000
Elapsed time was: 855344
Maquina 1 : 62 93 2 143 58 43 134 179 33 75 79 168 9 76 122 176 171 82 138 
Maquina 2 : 181 196 145 139 153 1 46 37 115 117 57 45 135 114 88 3 125 192 30 
Maquina 3 : 195 23 11 0 137 98 128 156 148 8 78 136 120 191 29 159 96 133 130 190 63 160 131 
Maquina 4 : 178 21 19 85 41 184 112 185 155 50 162 16 65 68 164 141 69 123 198 183 25 84 
Maquina 5 : 52 199 7 113 187 24 97 39 38 72 147 180 188 36 111 169 5 124 154 
Maquina 6 : 83 15 127 54 59 140 28 10 89 110 163 87 81 166 55 91 70 142 35 100 20 167 132 
Maquina 7 : 77 99 116 101 71 32 34 107 73 26 104 47 40 121 94 103 17 86 146 31 157 
Maquina 8 : 12 61 173 152 22 193 4 189 108 194 66 13 90 172 64 105 144 119 60 118 149 14 
Maquina 9 : 151 44 18 53 170 197 67 126 48 6 158 165 56 42 106 
Maquina 10 : 177 182 175 51 150 129 74 186 92 102 161 27 80 109 49 95 174 
