Instance filename: ./instances/200jobs/instanceLarge1038_m=7_n=200_l=40_c=20_s=2.PMTC
Min temperature: 0.1
Max temperature: 0.5
Melhor Solução: 942
Temp div: 16
MCL: 400
PTL: 75000
Elapsed time was: 812738
Maquina 1 : 171 87 19 116 51 16 56 75 48 57 157 76 174 23 105 10 5 104 178 141 88 189 172 184 165 59 
Maquina 2 : 22 109 12 14 6 28 60 183 91 117 50 179 66 39 197 53 3 154 125 192 89 132 138 9 2 41 31 102 1 156 188 
Maquina 3 : 20 58 45 152 129 194 124 107 142 92 78 64 135 43 128 137 83 120 131 170 93 133 
Maquina 4 : 86 169 191 95 108 187 176 175 145 190 186 140 199 114 67 65 32 4 54 29 99 79 166 144 173 38 
Maquina 5 : 100 71 198 98 26 17 193 150 81 196 106 115 24 72 121 195 180 151 160 18 30 163 44 69 96 158 49 62 123 119 21 0 15 
Maquina 6 : 147 130 94 136 111 162 159 90 7 42 85 134 101 40 37 168 164 181 118 161 25 77 84 149 146 177 55 97 103 139 82 
Maquina 7 : 36 13 153 112 11 52 185 27 68 167 113 148 46 126 110 127 63 35 122 73 47 8 70 80 143 74 182 34 61 33 155 
