Instance filename: ./instances/200jobs/instanceLarge1181_m=8_n=200_l=40_c=30_s=1.PMTC
Min temperature: 0.1
Max temperature: 0.5
Melhor Solução: 4265
Temp div: 16
MCL: 400
PTL: 75000
Elapsed time was: 771704
Maquina 1 : 20 77 187 85 94 26 113 54 63 143 55 153 116 82 111 42 65 173 98 62 35 84 156 
Maquina 2 : 90 193 4 28 110 38 197 97 178 44 49 157 138 88 150 159 107 168 73 135 124 192 56 120 11 
Maquina 3 : 53 115 67 169 101 99 64 12 131 183 118 122 106 161 95 0 86 29 81 137 121 198 14 123 128 41 
Maquina 4 : 45 177 37 70 51 108 155 19 144 119 31 74 126 149 190 104 188 151 196 52 189 33 76 125 129 25 132 184 
Maquina 5 : 43 152 36 158 164 181 27 91 96 100 15 16 87 139 66 60 103 147 114 199 22 2 48 160 
Maquina 6 : 72 182 140 89 167 175 141 92 34 105 93 176 13 117 148 191 180 8 32 39 6 7 21 9 127 
Maquina 7 : 133 79 162 174 69 142 194 83 186 23 61 172 30 24 40 18 68 5 71 154 134 17 165 163 57 136 
Maquina 8 : 146 195 78 102 171 58 166 80 109 145 112 170 47 46 1 130 179 185 3 75 50 59 10 
