Instance filename: ./instances/200jobs/instanceLarge1174_m=8_n=200_l=40_c=30_s=0.PMTC
Min temperature: 0.1
Max temperature: 0.5
Melhor Solução: 3154
Temp div: 16
MCL: 400
PTL: 75000
Elapsed time was: 397574
Maquina 1 : 171 102 78 195 26 24 30 172 61 23 175 194 186 39 6 193 140 167 92 43 135 
Maquina 2 : 56 73 64 168 199 196 188 151 52 59 157 179 144 103 147 60 137 65 184 158 182 72 19 155 108 57 165 
Maquina 3 : 130 1 46 47 170 112 88 128 189 114 134 71 68 5 119 18 191 51 40 37 70 45 89 138 156 146 74 126 
Maquina 4 : 190 149 145 96 100 91 27 125 129 132 36 181 187 77 161 21 9 127 109 133 79 162 174 69 
Maquina 5 : 54 113 85 94 124 185 150 17 159 107 15 49 16 139 169 142 87 32 180 8 122 50 10 117 
Maquina 6 : 3 148 13 176 105 7 80 63 55 41 98 62 35 84 90 83 4 28 110 38 197 97 178 143 
Maquina 7 : 44 160 42 104 153 95 76 33 25 75 101 99 136 163 152 111 82 116 177 67 115 53 11 120 192 154 93 
Maquina 8 : 22 2 48 31 141 164 66 123 14 198 173 20 166 34 58 81 121 106 131 12 118 0 183 86 29 
