Instance filename: ./instances/200jobs/instanceLarge1134_m=8_n=200_l=30_c=20_s=2.PMTC
Min temperature: 0.1
Max temperature: 0.5
Melhor Solução: 808
Temp div: 16
MCL: 400
PTL: 75000
Elapsed time was: 357783
Maquina 1 : 171 161 175 17 199 128 7 8 65 46 104 92 103 144 115 142 43 32 95 169 0 56 36 182 64 162 
Maquina 2 : 66 51 173 181 132 195 61 188 106 105 134 183 37 179 14 49 71 42 60 122 83 78 174 69 
Maquina 3 : 131 90 110 94 26 153 18 74 59 47 21 53 156 62 6 93 84 11 
Maquina 4 : 100 177 137 55 158 54 151 107 98 88 10 165 38 150 99 27 120 102 33 113 41 129 
Maquina 5 : 45 2 155 159 5 44 70 4 86 125 148 89 87 117 166 143 140 146 111 76 176 194 39 58 124 
Maquina 6 : 35 189 114 101 186 136 163 28 172 167 130 15 141 96 79 63 82 16 185 85 72 118 138 25 164 
Maquina 7 : 147 192 126 191 52 31 50 97 20 157 152 48 34 145 127 9 75 121 116 57 139 187 193 77 178 1 80 190 180 109 
Maquina 8 : 196 198 91 30 112 184 108 73 119 160 12 81 67 197 133 68 170 29 19 149 154 3 23 40 22 135 24 168 13 123 
