Instance filename: ./instances/200jobs/instanceLarge844_m=6_n=200_l=30_c=10_s=0.PMTC
Min temperature: 0.1
Max temperature: 0.5
Melhor Solução: 2815
Temp div: 16
MCL: 400
PTL: 75000
Elapsed time was: 565361
Maquina 1 : 153 48 124 152 122 175 193 0 71 25 172 155 84 139 11 165 90 116 78 181 49 198 19 74 8 140 191 177 79 7 171 149 196 83 15 
Maquina 2 : 87 40 70 23 185 41 128 22 160 169 123 17 170 81 69 145 112 180 24 110 107 137 142 94 141 62 36 99 176 188 
Maquina 3 : 38 26 135 95 92 115 104 148 45 158 125 68 55 97 31 13 14 190 4 118 102 150 47 179 73 37 163 143 117 43 189 197 60 96 
Maquina 4 : 39 182 65 105 119 56 111 130 138 89 164 59 76 6 30 46 64 63 9 29 126 93 2 162 173 5 187 156 3 154 77 98 121 51 
Maquina 5 : 21 129 61 85 192 44 42 10 54 33 132 50 52 88 16 134 86 113 58 127 120 114 57 27 144 66 199 131 109 32 184 12 167 174 
Maquina 6 : 100 28 82 146 75 186 159 151 91 194 161 20 183 53 147 133 106 101 108 35 168 195 72 166 80 34 178 67 18 136 1 157 103 
