Instance filename: ./instances/200jobs/instanceLarge898_m=6_n=200_l=30_c=20_s=0.PMTC
Min temperature: 0.1
Max temperature: 0.5
Melhor Solução: 2434
Temp div: 16
MCL: 400
PTL: 75000
Elapsed time was: 656390
Maquina 1 : 149 164 165 77 161 86 189 80 102 144 61 0 128 186 115 172 181 98 105 20 97 197 45 117 106 73 81 125 183 92 64 75 31 150 134 173 
Maquina 2 : 146 74 198 118 141 95 63 171 18 113 85 187 57 30 51 119 194 67 32 19 7 23 87 185 58 147 11 178 29 93 21 153 35 120 90 
Maquina 3 : 136 78 69 62 121 108 9 151 163 111 94 124 37 15 192 59 6 112 139 88 17 114 190 152 38 182 10 179 126 22 175 
Maquina 4 : 12 68 131 132 25 82 107 66 133 65 160 162 191 193 176 76 34 103 72 127 52 3 130 50 40 143 138 154 188 100 39 142 
Maquina 5 : 83 79 170 28 41 116 33 2 99 91 24 49 104 157 168 16 89 158 137 48 5 122 199 123 47 43 53 101 129 169 166 
Maquina 6 : 71 145 159 156 196 1 184 8 140 96 174 26 42 46 180 135 4 70 60 167 84 27 56 110 14 13 54 36 44 109 155 148 177 195 55 
