Instance filename: ./instances/200jobs/instanceLarge1125_m=8_n=200_l=30_c=20_s=2.PMTC
Min temperature: 0.1
Max temperature: 0.5
Melhor Solução: 814
Temp div: 16
MCL: 400
PTL: 75000
Elapsed time was: 705881
Maquina 1 : 179 14 116 155 70 129 113 33 77 87 89 148 86 178 176 40 23 60 41 18 4 59 57 139 88 7 187 
Maquina 2 : 159 134 106 5 63 108 123 13 2 128 199 175 161 17 171 74 101 184 183 51 66 162 64 36 56 0 
Maquina 3 : 177 84 100 11 137 166 22 158 55 164 138 186 25 114 19 103 189 124 35 195 20 
Maquina 4 : 49 122 140 34 135 24 72 80 190 180 109 196 198 91 30 112 79 37 8 65 104 46 92 
Maquina 5 : 147 96 168 192 150 38 165 93 117 10 107 98 54 127 62 6 156 53 21 47 90 52 146 191 31 50 97 173 132 151 181 105 
Maquina 6 : 85 185 16 82 73 44 32 43 142 182 115 144 118 45 42 71 61 126 188 157 48 152 193 136 
Maquina 7 : 169 125 163 99 102 27 94 26 153 120 95 170 3 149 154 29 68 133 197 67 81 12 160 119 110 
Maquina 8 : 131 69 174 83 78 121 75 9 145 111 143 39 194 1 76 58 172 28 167 130 15 141 
