Instance filename: ./instances/200jobs/instanceLarge966_m=7_n=200_l=30_c=10_s=2.PMTC
Min temperature: 0.1
Max temperature: 0.5
Melhor Solução: 899
Temp div: 16
MCL: 400
PTL: 75000
Elapsed time was: 462072
Maquina 1 : 12 29 27 160 63 28 14 199 183 89 68 70 74 42 171 71 156 59 86 148 55 20 65 102 135 95 129 7 64 147 56 150 
Maquina 2 : 66 143 50 45 10 111 41 16 166 35 173 92 170 192 1 124 161 190 90 77 119 178 44 48 94 
Maquina 3 : 182 188 73 38 58 96 69 123 87 131 17 127 80 144 6 2 106 0 186 40 136 57 78 54 9 22 
Maquina 4 : 195 108 8 198 157 118 100 155 15 72 18 62 33 177 126 140 36 172 93 115 120 165 134 159 67 79 163 162 
Maquina 5 : 158 133 3 132 125 4 47 194 39 114 30 179 169 103 13 193 98 31 167 11 37 122 138 180 76 21 176 61 168 189 81 
Maquina 6 : 191 99 91 53 154 5 24 137 113 32 181 23 43 49 184 196 197 128 142 82 101 26 109 60 34 83 112 130 146 110 
Maquina 7 : 52 104 75 175 152 107 85 164 46 139 84 151 145 51 88 149 174 116 187 121 97 25 153 117 19 185 105 141 
