Instance filename: ./instances/200jobs/instanceLarge1256_m=9_n=200_l=30_c=20_s=1.PMTC
Min temperature: 0.1
Max temperature: 0.5
Melhor Solução: 2756
Temp div: 16
MCL: 400
PTL: 75000
Elapsed time was: 1195740
Maquina 1 : 65 173 106 130 159 107 35 75 87 93 7 121 171 94 32 8 15 27 118 
Maquina 2 : 161 29 49 154 105 143 36 83 141 196 97 59 91 31 61 89 38 184 101 158 96 165 156 26 
Maquina 3 : 148 28 10 68 111 39 144 41 138 194 164 74 70 176 45 193 152 77 57 14 21 
Maquina 4 : 174 191 78 178 56 119 55 72 108 73 42 13 128 11 104 153 116 155 102 150 198 
Maquina 5 : 50 122 172 92 192 124 95 103 149 114 90 9 168 142 62 186 182 44 181 84 123 179 169 
Maquina 6 : 185 67 132 170 17 66 4 129 140 190 22 51 52 109 53 157 3 98 162 64 163 40 43 175 19 30 71 
Maquina 7 : 127 58 139 135 33 151 79 12 100 80 23 137 1 134 145 20 60 136 183 82 5 46 110 
Maquina 8 : 199 177 86 166 85 81 133 117 25 188 88 48 126 131 125 18 195 99 187 69 115 54 
Maquina 9 : 167 63 120 37 34 113 112 189 24 160 76 180 6 0 147 146 16 197 2 47 
