Instance filename: ./instances/200jobs/instanceLarge905_m=6_n=200_l=40_c=20_s=1.PMTC
Min temperature: 0.1
Max temperature: 0.5
Melhor Solução: 4029
Temp div: 16
MCL: 400
PTL: 75000
Elapsed time was: 793544
Maquina 1 : 110 3 38 160 170 80 171 41 83 85 126 132 97 30 81 43 143 102 114 197 120 109 26 11 96 191 71 29 177 90 87 108 139 145 
Maquina 2 : 163 31 65 86 179 176 119 22 56 181 42 75 161 189 113 112 37 168 175 134 115 39 128 184 32 28 57 122 130 25 8 141 12 151 
Maquina 3 : 101 47 187 123 2 154 6 35 138 18 51 137 149 9 157 116 156 15 167 180 198 66 178 84 129 150 78 94 48 148 
Maquina 4 : 49 24 195 20 98 1 7 174 23 13 59 64 63 105 72 89 53 5 194 60 40 54 166 103 147 192 106 69 55 50 183 91 70 67 58 140 190 0 193 
Maquina 5 : 107 104 4 10 33 133 144 117 92 21 164 95 142 88 155 153 45 52 19 188 159 111 121 135 76 14 173 125 77 99 172 
Maquina 6 : 34 16 152 36 74 68 158 165 196 73 131 93 46 185 17 79 27 162 136 169 127 62 118 182 124 44 82 199 61 146 186 100 
