Instance filename: ./instances/200jobs/instanceLarge1213_m=9_n=200_l=30_c=10_s=0.PMTC
Min temperature: 0.1
Max temperature: 0.5
Melhor Solução: 1950
Temp div: 16
MCL: 400
PTL: 75000
Elapsed time was: 464430
Maquina 1 : 37 196 199 0 181 48 136 98 21 25 167 197 139 193 71 176 2 7 72 10 32 80 94 146 
Maquina 2 : 64 132 119 198 96 187 51 56 6 161 148 15 125 144 137 155 157 28 116 36 43 
Maquina 3 : 87 147 191 109 23 102 29 122 69 4 172 138 118 34 142 33 39 42 16 130 62 158 177 
Maquina 4 : 186 112 68 89 55 159 150 35 30 14 143 115 194 77 189 92 185 104 165 123 153 
Maquina 5 : 166 91 85 100 19 83 50 90 133 110 195 175 5 1 184 27 114 78 22 180 18 145 53 
Maquina 6 : 41 170 101 171 65 120 63 61 183 152 174 169 154 135 134 103 38 173 20 141 26 162 31 
Maquina 7 : 8 190 140 13 149 3 178 188 131 163 97 60 47 99 126 75 156 9 107 106 84 
Maquina 8 : 57 93 121 192 88 45 79 151 11 182 81 66 52 59 58 127 160 95 46 12 70 117 113 129 
Maquina 9 : 86 44 128 179 24 40 74 108 82 105 17 49 67 168 111 76 73 124 54 164 
