Instance filename: ./instances/200jobs/instanceLarge1419_m=10_n=200_l=40_c=30_s=2.PMTC
Min temperature: 0.1
Max temperature: 0.5
Melhor Solução: 630
Temp div: 16
MCL: 400
PTL: 75000
Elapsed time was: 700875
Maquina 1 : 193 39 164 69 141 123 122 40 17 94 121 47 104 26 73 34 32 71 101 
Maquina 2 : 99 116 8 78 136 29 96 130 190 63 129 74 186 92 147 124 72 118 174 95 
Maquina 3 : 50 80 109 140 1 153 139 149 173 77 14 53 151 195 107 68 16 143 70 7 
Maquina 4 : 52 199 84 83 154 41 191 100 35 75 105 64 27 5 111 112 102 110 158 165 6 133 169 188 
Maquina 5 : 36 161 91 55 166 81 152 160 82 138 181 184 60 119 144 49 172 90 13 66 194 108 
Maquina 6 : 44 9 189 76 176 171 37 23 155 87 159 15 54 59 28 10 89 162 97 38 58 
Maquina 7 : 134 179 33 145 198 185 86 103 175 182 168 65 120 93 2 4 11 0 137 
Maquina 8 : 25 156 98 128 180 3 125 192 43 79 196 62 163 115 117 57 45 150 114 
Maquina 9 : 167 132 148 197 22 48 126 67 170 31 18 178 131 19 21 85 
Maquina 10 : 146 157 12 61 187 113 24 30 56 135 177 106 42 51 183 88 127 20 46 142 
