Instance filename: ./instances/200jobs/instanceLarge1200_m=8_n=200_l=40_c=30_s=2.PMTC
Min temperature: 0.1
Max temperature: 0.5
Melhor Solução: 835
Temp div: 16
MCL: 400
PTL: 75000
Elapsed time was: 647051
Maquina 1 : 125 145 169 115 139 87 16 49 186 103 33 114 177 82 111 116 69 66 123 14 198 56 
Maquina 2 : 187 150 17 143 171 102 78 195 26 96 54 153 9 127 133 182 8 88 
Maquina 3 : 189 52 59 179 157 130 1 46 47 170 112 38 197 97 178 44 110 28 109 166 86 29 81 137 121 
Maquina 4 : 58 6 39 23 61 184 159 107 85 73 168 80 63 55 192 124 142 25 146 89 167 140 135 132 
Maquina 5 : 152 43 36 31 4 83 148 13 176 105 173 129 20 84 35 62 98 65 158 60 24 32 42 30 172 72 3 
Maquina 6 : 117 10 50 185 95 64 12 118 131 183 0 106 122 161 77 165 156 138 144 19 155 108 51 119 40 18 68 5 71 134 191 67 53 
Maquina 7 : 11 120 154 194 79 162 174 190 104 76 151 136 57 101 99 163 37 70 45 41 128 188 74 126 149 100 91 27 
Maquina 8 : 181 164 141 92 175 7 34 193 90 21 94 147 113 75 15 180 160 48 2 93 22 196 199 
