Instance filename: ./instances/200jobs/instanceLarge1027_m=7_n=200_l=40_c=20_s=0.PMTC
Min temperature: 0.1
Max temperature: 0.5
Melhor Solução: 3223
Temp div: 16
MCL: 400
PTL: 75000
Elapsed time was: 909966
Maquina 1 : 71 100 183 103 130 139 153 11 112 189 77 165 36 56 88 80 98 97 99 178 8 140 190 35 114 142 145 29 
Maquina 2 : 67 4 179 78 89 133 93 86 169 79 120 170 172 184 6 82 41 132 14 28 12 43 135 128 159 136 123 15 21 
Maquina 3 : 192 3 53 197 125 186 157 57 48 60 187 76 174 23 37 149 164 168 20 32 193 17 26 115 58 24 106 
Maquina 4 : 196 81 40 30 121 134 171 116 19 13 75 16 51 90 42 7 150 22 199 147 109 94 9 47 44 141 131 
Maquina 5 : 108 185 118 144 180 173 117 0 111 38 162 91 198 66 39 124 50 87 195 10 59 105 104 70 5 182 73 138 177 2 122 126 110 62 
Maquina 6 : 49 54 52 95 65 46 68 167 176 151 72 160 18 113 27 166 96 69 101 119 158 74 155 154 163 34 33 148 61 
Maquina 7 : 45 152 129 143 191 161 175 25 181 188 84 1 31 127 156 102 63 55 64 146 137 85 83 194 107 92 
