Instance filename: ./instances/200jobs/instanceLarge994_m=7_n=200_l=30_c=20_s=0.PMTC
Min temperature: 0.1
Max temperature: 0.5
Melhor Solução: 2992
Temp div: 16
MCL: 400
PTL: 75000
Elapsed time was: 727067
Maquina 1 : 118 140 89 15 87 156 27 9 117 10 58 187 71 86 39 90 192 121 139 183 195 104 161 26 20 75 49 143 142 116 198 164 
Maquina 2 : 93 38 182 191 186 32 132 96 46 114 115 13 105 157 125 51 123 92 99 83 45 189 77 166 79 48 176 154 
Maquina 3 : 159 126 196 199 55 171 2 113 11 141 3 133 35 197 190 28 169 43 63 173 188 40 168 64 108 91 106 
Maquina 4 : 31 78 128 122 119 1 50 0 100 19 21 85 76 158 120 34 42 22 181 163 94 33 149 109 60 17 174 36 150 193 179 
Maquina 5 : 107 84 44 61 18 165 167 138 175 135 7 162 70 103 67 194 88 129 101 59 124 155 65 73 127 14 29 160 16 151 
Maquina 6 : 137 184 37 54 98 41 56 69 82 23 112 24 148 111 5 136 110 81 6 177 57 95 185 72 180 74 97 4 145 
Maquina 7 : 25 170 68 134 131 146 80 147 66 30 178 153 62 102 47 130 53 12 144 52 152 172 8 
