Instance filename: ./instances/200jobs/instanceLarge1117_m=8_n=200_l=30_c=20_s=0.PMTC
Min temperature: 0.1
Max temperature: 0.5
Melhor Solução: 1606
Temp div: 16
MCL: 400
PTL: 75000
Elapsed time was: 617407
Maquina 1 : 178 176 80 180 109 196 198 91 174 150 49 38 168 81 37 134 106 141 15 19 107 79 117 88 72 
Maquina 2 : 10 115 95 193 32 73 135 2 24 51 183 7 187 58 185 5 28 130 167 172 173 89 142 125 
Maquina 3 : 148 20 165 146 110 4 90 8 14 179 77 62 186 127 114 171 182 175 161 136 43 119 158 22 166 
Maquina 4 : 177 100 137 11 84 93 6 21 53 156 47 74 101 59 184 25 96 103 31 97 50 52 191 190 41 132 139 
Maquina 5 : 188 126 61 151 181 105 85 16 66 162 56 64 0 78 36 163 169 99 27 102 82 120 26 94 
Maquina 6 : 18 149 3 153 23 40 55 60 69 131 87 154 170 29 68 133 197 67 12 160 195 108 123 13 44 116 155 
Maquina 7 : 30 63 42 71 159 45 118 138 144 70 140 129 113 33 86 121 57 17 75 9 1 143 111 76 
Maquina 8 : 194 39 189 124 35 122 83 128 199 157 152 48 34 145 112 147 164 192 104 46 92 65 54 98 
