Instance filename: ./instances/200jobs/instanceLarge1274_m=9_n=200_l=40_c=20_s=1.PMTC
Min temperature: 0.1
Max temperature: 0.5
Melhor Solução: 2849
Temp div: 16
MCL: 400
PTL: 75000
Elapsed time was: 659248
Maquina 1 : 55 160 149 168 197 144 19 40 172 136 104 9 89 51 176 20 93 156 111 150 133 113 36 47 65 15 18 
Maquina 2 : 4 29 32 118 131 100 70 1 96 132 163 198 67 107 69 119 128 37 120 13 193 
Maquina 3 : 116 191 95 147 185 164 171 141 155 54 7 143 154 194 92 48 169 105 85 166 72 115 28 68 
Maquina 4 : 124 112 22 130 82 41 161 3 30 146 5 73 184 12 35 79 178 94 11 16 
Maquina 5 : 45 49 66 23 125 42 122 77 43 134 139 127 102 64 52 188 103 192 140 27 10 33 
Maquina 6 : 195 86 108 145 152 61 177 71 97 24 138 88 135 25 126 62 74 14 158 80 153 
Maquina 7 : 99 182 117 84 183 44 8 90 81 57 121 56 174 75 106 199 123 87 34 179 189 0 165 
Maquina 8 : 151 190 76 59 91 173 31 110 114 181 83 129 109 187 159 180 38 21 196 6 
Maquina 9 : 78 46 58 142 17 39 157 53 170 101 26 148 186 60 162 137 175 167 98 63 2 50 
