Instance filename: ./instances/200jobs/instanceLarge875_m=6_n=200_l=30_c=20_s=1.PMTC
Min temperature: 0.1
Max temperature: 0.5
Melhor Solução: 4160
Temp div: 16
MCL: 400
PTL: 75000
Elapsed time was: 851767
Maquina 1 : 168 157 171 122 44 84 13 54 36 109 137 110 89 70 1 57 33 94 156 116 49 143 50 154 125 73 81 104 173 12 184 20 17 23 174 
Maquina 2 : 19 139 112 6 77 180 76 135 39 46 26 42 190 167 62 121 108 124 163 111 41 176 151 43 18 35 120 95 178 90 136 78 69 150 160 65 
Maquina 3 : 59 192 16 15 48 5 199 123 129 34 101 47 25 66 82 132 86 113 85 107 187 161 93 29 21 11 189 87 185 58 100 40 188 
Maquina 4 : 138 79 4 60 114 28 7 32 37 147 119 99 2 53 91 24 51 148 144 102 80 61 0 128 186 115 181 98 172 155 133 158 164 97 198 74 56 
Maquina 5 : 146 31 141 118 103 27 72 127 52 3 130 68 175 179 22 126 131 10 182 38 8 96 196 83 142 170 30 183 194 64 75 
Maquina 6 : 140 134 67 169 166 71 153 159 162 193 191 63 9 145 14 88 149 105 165 152 177 45 197 106 117 92 195 55 
