Instance filename: ./instances/200jobs/instanceLarge1015_m=7_n=200_l=30_c=20_s=0.PMTC
Min temperature: 0.1
Max temperature: 0.5
Melhor Solução: 1570
Temp div: 16
MCL: 400
PTL: 75000
Elapsed time was: 494645
Maquina 1 : 67 22 126 18 88 159 101 181 105 168 64 129 147 150 156 174 17 149 109 31 155 37 184 60 151 160 45 
Maquina 2 : 102 165 138 158 72 167 34 120 42 77 50 57 9 117 10 58 187 119 1 122 128 41 54 47 130 53 12 52 48 83 79 
Maquina 3 : 166 154 176 199 39 71 55 98 2 113 11 141 111 133 35 190 197 28 169 43 198 180 63 173 108 
Maquina 4 : 143 127 68 89 118 3 125 157 86 46 115 114 96 51 186 32 191 56 61 13 66 30 178 153 62 94 163 33 137 
Maquina 5 : 25 4 97 194 73 8 171 152 144 134 140 146 131 80 170 0 21 100 85 5 76 69 23 82 112 24 90 145 123 92 
Maquina 6 : 99 148 110 38 136 6 81 121 177 188 65 132 124 74 195 59 179 27 16 196 193 29 107 84 44 14 40 135 162 
Maquina 7 : 103 70 7 183 104 161 26 75 20 49 189 91 142 164 93 182 116 19 139 192 78 106 87 36 15 172 95 185 175 
