Instance filename: ./instances/200jobs/instanceLarge1334_m=10_n=200_l=30_c=10_s=1.PMTC
Min temperature: 0.1
Max temperature: 0.5
Melhor Solução: 1957
Temp div: 16
MCL: 400
PTL: 75000
Elapsed time was: 1172647
Maquina 1 : 112 4 193 101 181 199 93 57 115 86 106 56 130 94 76 22 5 17 19 
Maquina 2 : 127 125 83 1 142 165 139 0 140 21 10 156 170 154 158 97 100 
Maquina 3 : 73 11 110 129 192 178 68 122 151 54 163 45 58 185 27 34 121 160 60 77 89 183 
Maquina 4 : 53 108 172 88 64 82 167 197 146 24 25 164 103 190 40 117 168 26 15 47 
Maquina 5 : 99 61 71 9 191 176 174 155 134 16 74 109 182 48 70 72 12 87 14 8 
Maquina 6 : 152 90 92 118 51 42 169 50 153 150 44 198 13 98 107 75 188 157 179 138 148 
Maquina 7 : 144 180 161 35 62 84 126 141 135 46 49 18 133 195 39 171 95 41 131 55 187 
Maquina 8 : 96 175 91 114 136 177 67 28 149 30 80 66 85 173 32 116 196 43 
Maquina 9 : 31 132 3 166 29 145 113 36 65 119 33 184 111 6 2 162 78 
Maquina 10 : 137 20 104 194 69 143 81 52 123 147 23 120 102 105 7 63 186 59 124 79 128 159 189 38 37 
