Instance filename: ./instances/200jobs/instanceLarge1002_m=7_n=200_l=30_c=20_s=2.PMTC
Min temperature: 0.1
Max temperature: 0.5
Melhor Solução: 902
Temp div: 16
MCL: 400
PTL: 75000
Elapsed time was: 571750
Maquina 1 : 78 90 139 192 122 47 68 54 41 74 117 1 57 77 50 180 9 42 154 126 22 2 55 159 84 171 8 
Maquina 2 : 73 52 188 10 173 98 82 23 69 112 24 17 6 81 174 109 149 190 33 163 124 103 146 161 104 183 97 142 
Maquina 3 : 4 145 25 0 21 100 128 14 158 167 34 72 120 94 164 56 80 147 156 106 61 150 87 15 95 185 175 89 140 118 
Maquina 4 : 71 113 11 141 148 111 5 85 26 38 99 170 91 31 177 127 143 75 49 189 166 176 199 119 13 136 101 58 18 
Maquina 5 : 3 19 125 130 53 12 144 138 134 152 39 131 110 114 86 157 186 32 132 96 46 115 92 76 195 123 59 16 
Maquina 6 : 36 27 196 179 193 172 107 44 48 79 45 137 83 62 102 29 160 151 60 184 37 155 65 187 121 108 116 198 182 93 
Maquina 7 : 191 133 35 28 197 169 43 63 66 30 165 178 153 51 20 181 105 168 64 40 135 7 162 70 67 194 129 88 
