Instance filename: ./instances/200jobs/instanceLarge1379_m=10_n=200_l=30_c=20_s=1.PMTC
Min temperature: 0.1
Max temperature: 0.5
Melhor Solução: 2578
Temp div: 16
MCL: 400
PTL: 75000
Elapsed time was: 377848
Maquina 1 : 53 42 156 151 162 195 6 177 178 185 159 192 52 89 57 150 169 176 5 94 86 118 161 103 28 
Maquina 2 : 78 107 87 16 17 126 71 143 173 155 119 25 101 108 189 135 32 65 137 37 194 
Maquina 3 : 64 69 73 114 35 96 165 54 51 122 134 14 179 180 18 100 79 23 163 
Maquina 4 : 149 198 105 15 124 43 48 38 120 123 24 97 183 33 127 83 70 62 138 9 
Maquina 5 : 61 168 90 175 74 68 133 80 26 104 130 7 36 4 13 142 188 
Maquina 6 : 12 106 82 154 141 55 72 129 146 60 191 99 187 98 91 11 58 164 47 30 41 
Maquina 7 : 45 167 147 8 136 144 21 27 174 39 93 140 182 63 3 29 102 77 172 148 
Maquina 8 : 0 112 166 196 152 145 59 66 113 56 190 116 85 20 139 50 197 10 131 132 121 67 
Maquina 9 : 160 40 34 88 117 115 111 81 158 1 199 46 181 193 157 76 19 153 84 92 
Maquina 10 : 125 31 170 109 49 110 184 75 128 2 44 22 186 171 95 
