Instance filename: ./instances/200jobs/instanceLarge1272_m=9_n=200_l=40_c=20_s=2.PMTC
Min temperature: 0.1
Max temperature: 0.5
Melhor Solução: 726
Temp div: 16
MCL: 400
PTL: 75000
Elapsed time was: 576323
Maquina 1 : 100 64 99 48 54 175 163 7 171 164 34 186 116 137 24 28 81 180 124 133 44 167 57 
Maquina 2 : 63 50 197 2 6 148 60 26 17 185 95 87 176 59 179 156 41 161 30 130 144 168 93 
Maquina 3 : 111 150 32 70 36 29 65 15 18 146 77 35 88 135 23 51 151 89 113 104 53 
Maquina 4 : 136 172 107 91 79 184 160 158 117 108 131 12 187 122 169 140 192 115 43 103 102 
Maquina 5 : 86 127 52 118 82 85 73 188 139 90 19 126 72 49 157 39 1 40 96 66 45 42 98 4 
Maquina 6 : 5 3 13 58 47 193 68 120 16 11 191 109 141 78 46 142 71 129 190 74 38 
Maquina 7 : 25 61 159 152 165 183 75 174 121 56 8 149 55 170 106 181 83 123 138 134 162 0 
Maquina 8 : 112 22 182 37 84 199 154 178 143 80 153 97 177 62 21 33 9 20 27 145 10 195 189 
Maquina 9 : 128 94 166 198 119 67 69 132 155 101 110 196 194 105 92 147 114 31 173 125 76 14 
