Instance filename: ./instances/200jobs/instanceLarge1293_m=9_n=200_l=40_c=30_s=2.PMTC
Min temperature: 0.1
Max temperature: 0.5
Melhor Solução: 740
Temp div: 16
MCL: 400
PTL: 75000
Elapsed time was: 551284
Maquina 1 : 171 150 25 192 149 91 59 85 41 111 140 117 173 142 144 73 33 28 92 65 
Maquina 2 : 155 55 57 133 13 84 123 158 162 113 102 74 110 98 181 97 137 179 196 14 22 118 
Maquina 3 : 35 159 141 34 51 49 176 143 90 125 114 120 56 10 3 199 46 163 108 31 129 50 
Maquina 4 : 83 170 26 15 168 190 180 93 186 138 66 184 105 188 197 152 40 165 101 70 116 161 23 166 
Maquina 5 : 122 9 82 185 139 169 172 128 94 119 29 182 45 68 4 154 47 38 174 148 135 100 58 127 195 20 126 72 
Maquina 6 : 136 191 131 2 89 121 67 16 11 39 75 42 193 80 106 37 63 52 81 
Maquina 7 : 27 178 7 62 0 95 124 32 60 160 71 12 43 78 156 6 48 77 183 21 187 
Maquina 8 : 24 36 99 86 167 132 79 189 1 54 5 88 109 175 96 19 87 103 8 194 104 
Maquina 9 : 64 145 157 61 44 69 107 17 147 151 134 153 130 146 18 177 112 164 115 198 30 53 76 
