Instance filename: ./instances/RCPMSII/RCPMS_Instance_126_m=7_n=200_t=11
Min temperature: 0.1
Max temperature: 0.5
Melhor Solução: 894
Temp div: 20
MCL: 500
PTL: 400
Elapsed time was: 126916
Maquina 1 : 8 44 47 56 59 75 86 118 119 140 143 156 159 172 176 188 28 30 45 78 88 89 100 113 129 150 167 171 
Maquina 2 : 2 25 39 51 52 61 65 82 95 116 125 139 155 166 180 186 187 191 194 5 10 18 24 36 38 43 50 71 97 
Maquina 3 : 98 112 115 120 122 126 134 135 136 138 149 179 193 197 12 21 23 46 54 57 60 69 96 102 104 110 111 132 146 173 0 
Maquina 4 : 15 29 55 62 68 73 87 93 94 99 131 158 175 177 7 32 35 63 74 80 84 105 128 154 168 178 190 192 3 4 
Maquina 5 : 6 11 22 26 48 53 58 76 79 81 85 92 101 121 137 142 145 163 164 174 195 20 31 64 70 91 107 108 123 
Maquina 6 : 124 148 152 169 170 198 9 19 33 34 42 49 66 67 72 103 114 117 133 153 157 161 165 182 196 
Maquina 7 : 1 13 14 16 17 27 37 40 41 77 83 90 106 109 127 130 141 144 147 151 160 162 181 183 184 185 189 199 
Formato de validacao do resultado: 
0 8 0 44 0 47 0 56 0 59 0 75 0 86 0 118 0 119 0 140 0 143 0 156 0 159 0 172 0 176 0 188 0 28 0 30 0 45 0 78 0 88 0 89 0 100 0 113 0 129 0 150 0 167 0 171 
1 2 1 25 1 39 1 51 1 52 1 61 1 65 1 82 1 95 1 116 1 125 1 139 1 155 1 166 1 180 1 186 1 187 1 191 1 194 1 5 1 10 1 18 1 24 1 36 1 38 1 43 1 50 1 71 1 97 
2 98 2 112 2 115 2 120 2 122 2 126 2 134 2 135 2 136 2 138 2 149 2 179 2 193 2 197 2 12 2 21 2 23 2 46 2 54 2 57 2 60 2 69 2 96 2 102 2 104 2 110 2 111 2 132 2 146 2 173 2 0 
3 15 3 29 3 55 3 62 3 68 3 73 3 87 3 93 3 94 3 99 3 131 3 158 3 175 3 177 3 7 3 32 3 35 3 63 3 74 3 80 3 84 3 105 3 128 3 154 3 168 3 178 3 190 3 192 3 3 3 4 
4 6 4 11 4 22 4 26 4 48 4 53 4 58 4 76 4 79 4 81 4 85 4 92 4 101 4 121 4 137 4 142 4 145 4 163 4 164 4 174 4 195 4 20 4 31 4 64 4 70 4 91 4 107 4 108 4 123 
5 124 5 148 5 152 5 169 5 170 5 198 5 9 5 19 5 33 5 34 5 42 5 49 5 66 5 67 5 72 5 103 5 114 5 117 5 133 5 153 5 157 5 161 5 165 5 182 5 196 
6 1 6 13 6 14 6 16 6 17 6 27 6 37 6 40 6 41 6 77 6 83 6 90 6 106 6 109 6 127 6 130 6 141 6 144 6 147 6 151 6 160 6 162 6 181 6 183 6 184 6 185 6 189 6 199 
