Instance filename: ./instances/RCPMSII/RCPMS_Instance_82_m=6_n=100_t=11
Min temperature: 0.1
Max temperature: 0.5
Melhor Solução: 562
Temp div: 20
MCL: 500
PTL: 400
Elapsed time was: 60937
Maquina 1 : 64 29 90 38 5 17 20 82 10 23 28 62 52 78 61 4 71 
Maquina 2 : 1 16 63 27 45 39 60 15 24 92 12 96 41 22 
Maquina 3 : 88 14 8 32 6 98 87 58 81 55 47 86 34 65 49 3 51 35 72 9 42 
Maquina 4 : 19 99 44 13 73 69 85 57 0 37 59 77 75 50 80 74 11 
Maquina 5 : 36 94 30 70 48 46 18 53 76 93 25 79 84 66 7 
Maquina 6 : 54 83 33 26 91 68 43 31 40 89 97 95 2 21 67 56 
Formato de validacao do resultado: 
0 64 0 29 0 90 0 38 0 5 0 17 0 20 0 82 0 10 0 23 0 28 0 62 0 52 0 78 0 61 0 4 0 71 
1 1 1 16 1 63 1 27 1 45 1 39 1 60 1 15 1 24 1 92 1 12 1 96 1 41 1 22 
2 88 2 14 2 8 2 32 2 6 2 98 2 87 2 58 2 81 2 55 2 47 2 86 2 34 2 65 2 49 2 3 2 51 2 35 2 72 2 9 2 42 
3 19 3 99 3 44 3 13 3 73 3 69 3 85 3 57 3 0 3 37 3 59 3 77 3 75 3 50 3 80 3 74 3 11 
4 36 4 94 4 30 4 70 4 48 4 46 4 18 4 53 4 76 4 93 4 25 4 79 4 84 4 66 4 7 
5 54 5 83 5 33 5 26 5 91 5 68 5 43 5 31 5 40 5 89 5 97 5 95 5 2 5 21 5 67 5 56 
