Instance filename: ./instances/RCPMSII/RCPMS_Instance_72_m=5_n=100_t=11
Min temperature: 0.1
Max temperature: 0.5
Melhor Solução: 654
Temp div: 20
MCL: 500
PTL: 400
Elapsed time was: 39691
Maquina 1 : 38 77 62 33 36 41 28 82 84 95 37 23 9 7 10 11 13 
Maquina 2 : 85 14 26 86 3 51 89 8 49 93 75 81 40 31 74 87 48 
Maquina 3 : 53 70 39 27 91 35 56 50 78 32 68 60 57 65 29 34 69 19 12 44 45 17 64 
Maquina 4 : 42 83 92 98 66 5 4 21 63 2 46 59 79 55 61 99 88 52 24 72 
Maquina 5 : 0 18 58 73 16 67 15 76 80 71 47 30 97 22 54 43 1 25 6 96 20 94 90 
Formato de validacao do resultado: 
0 38 0 77 0 62 0 33 0 36 0 41 0 28 0 82 0 84 0 95 0 37 0 23 0 9 0 7 0 10 0 11 0 13 
1 85 1 14 1 26 1 86 1 3 1 51 1 89 1 8 1 49 1 93 1 75 1 81 1 40 1 31 1 74 1 87 1 48 
2 53 2 70 2 39 2 27 2 91 2 35 2 56 2 50 2 78 2 32 2 68 2 60 2 57 2 65 2 29 2 34 2 69 2 19 2 12 2 44 2 45 2 17 2 64 
3 42 3 83 3 92 3 98 3 66 3 5 3 4 3 21 3 63 3 2 3 46 3 59 3 79 3 55 3 61 3 99 3 88 3 52 3 24 3 72 
4 0 4 18 4 58 4 73 4 16 4 67 4 15 4 76 4 80 4 71 4 47 4 30 4 97 4 22 4 54 4 43 4 1 4 25 4 6 4 96 4 20 4 94 4 90 
