Instance filename: ./instances/RCPMSII/RCPMS_Instance_171_m=10_n=200_t=13
Min temperature: 0.1
Max temperature: 0.5
Melhor Solução: 693
Temp div: 20
MCL: 500
PTL: 400
Elapsed time was: 650891
Maquina 1 : 185 122 56 140 113 154 36 133 116 128 70 40 126 38 99 74 63 20 188 43 
Maquina 2 : 118 5 147 108 158 145 138 25 110 66 164 2 60 8 31 181 3 26 33 77 
Maquina 3 : 94 152 85 87 117 168 182 32 169 71 198 50 53 153 27 192 109 179 54 11 22 47 
Maquina 4 : 101 194 103 171 65 183 107 111 14 44 28 57 19 82 78 51 9 7 
Maquina 5 : 197 163 30 119 76 112 196 174 21 13 129 62 24 115 39 170 
Maquina 6 : 106 73 49 10 162 23 100 98 195 173 132 177 120 48 72 64 42 165 59 137 191 
Maquina 7 : 151 143 58 184 156 141 83 148 79 69 176 167 199 142 172 131 125 124 190 
Maquina 8 : 186 157 150 187 93 37 139 146 86 90 114 41 136 135 193 29 1 35 127 16 4 
Maquina 9 : 15 159 52 68 105 18 149 89 84 175 144 45 92 17 121 91 55 104 34 123 67 102 130 
Maquina 10 : 75 160 81 12 96 46 178 166 88 180 161 0 61 80 95 134 155 6 97 189 
Formato de validacao do resultado: 
0 185 0 122 0 56 0 140 0 113 0 154 0 36 0 133 0 116 0 128 0 70 0 40 0 126 0 38 0 99 0 74 0 63 0 20 0 188 0 43 
1 118 1 5 1 147 1 108 1 158 1 145 1 138 1 25 1 110 1 66 1 164 1 2 1 60 1 8 1 31 1 181 1 3 1 26 1 33 1 77 
2 94 2 152 2 85 2 87 2 117 2 168 2 182 2 32 2 169 2 71 2 198 2 50 2 53 2 153 2 27 2 192 2 109 2 179 2 54 2 11 2 22 2 47 
3 101 3 194 3 103 3 171 3 65 3 183 3 107 3 111 3 14 3 44 3 28 3 57 3 19 3 82 3 78 3 51 3 9 3 7 
4 197 4 163 4 30 4 119 4 76 4 112 4 196 4 174 4 21 4 13 4 129 4 62 4 24 4 115 4 39 4 170 
5 106 5 73 5 49 5 10 5 162 5 23 5 100 5 98 5 195 5 173 5 132 5 177 5 120 5 48 5 72 5 64 5 42 5 165 5 59 5 137 5 191 
6 151 6 143 6 58 6 184 6 156 6 141 6 83 6 148 6 79 6 69 6 176 6 167 6 199 6 142 6 172 6 131 6 125 6 124 6 190 
7 186 7 157 7 150 7 187 7 93 7 37 7 139 7 146 7 86 7 90 7 114 7 41 7 136 7 135 7 193 7 29 7 1 7 35 7 127 7 16 7 4 
8 15 8 159 8 52 8 68 8 105 8 18 8 149 8 89 8 84 8 175 8 144 8 45 8 92 8 17 8 121 8 91 8 55 8 104 8 34 8 123 8 67 8 102 8 130 
9 75 9 160 9 81 9 12 9 96 9 46 9 178 9 166 9 88 9 180 9 161 9 0 9 61 9 80 9 95 9 134 9 155 9 6 9 97 9 189 
