Instance filename: ./instances/RCPMSII/RCPMS_Instance_62_m=5_n=100_t=6
Min temperature: 0.1
Max temperature: 0.5
Melhor Solução: 650
Temp div: 20
MCL: 500
PTL: 400
Elapsed time was: 56889
Maquina 1 : 15 42 5 43 38 31 84 99 40 58 75 57 70 94 25 78 44 32 50 34 82 17 47 
Maquina 2 : 90 56 11 36 69 68 80 24 88 65 7 61 8 93 45 1 26 
Maquina 3 : 6 14 19 81 21 89 37 39 72 55 33 83 20 97 54 98 
Maquina 4 : 51 12 85 13 71 2 18 62 67 63 73 23 87 66 76 92 10 48 49 79 74 0 46 
Maquina 5 : 86 16 59 53 95 35 96 3 4 64 77 52 27 41 30 9 28 91 29 22 60 
Formato de validacao do resultado: 
0 15 0 42 0 5 0 43 0 38 0 31 0 84 0 99 0 40 0 58 0 75 0 57 0 70 0 94 0 25 0 78 0 44 0 32 0 50 0 34 0 82 0 17 0 47 
1 90 1 56 1 11 1 36 1 69 1 68 1 80 1 24 1 88 1 65 1 7 1 61 1 8 1 93 1 45 1 1 1 26 
2 6 2 14 2 19 2 81 2 21 2 89 2 37 2 39 2 72 2 55 2 33 2 83 2 20 2 97 2 54 2 98 
3 51 3 12 3 85 3 13 3 71 3 2 3 18 3 62 3 67 3 63 3 73 3 23 3 87 3 66 3 76 3 92 3 10 3 48 3 49 3 79 3 74 3 0 3 46 
4 86 4 16 4 59 4 53 4 95 4 35 4 96 4 3 4 4 4 64 4 77 4 52 4 27 4 41 4 30 4 9 4 28 4 91 4 29 4 22 4 60 
