Instance filename: ./instances/RCPMSII/RCPMS_Instance_163_m=9_n=200_t=13
Min temperature: 0.1
Max temperature: 0.5
Melhor Solução: 675
Temp div: 20
MCL: 500
PTL: 400
Elapsed time was: 174518
Maquina 1 : 63 58 194 111 188 39 33 15 104 94 35 133 183 174 168 154 91 10 37 43 62 90 72 
Maquina 2 : 93 130 120 103 101 99 84 152 148 151 59 85 88 161 159 156 140 138 3 50 167 123 107 
Maquina 3 : 54 51 164 141 139 102 83 82 79 65 61 44 28 11 198 193 190 121 100 96 92 68 78 155 145 56 60 70 73 
Maquina 4 : 76 46 14 196 176 166 147 144 131 170 181 187 6 1 36 45 134 
Maquina 5 : 143 153 175 179 177 53 66 69 127 16 132 126 97 80 105 86 146 116 129 48 41 169 
Maquina 6 : 18 115 24 122 112 110 9 12 75 98 0 192 64 185 172 81 19 49 21 2 160 17 171 
Maquina 7 : 106 109 67 71 180 163 157 38 23 22 113 55 74 5 173 32 13 114 117 20 
Maquina 8 : 42 119 128 31 118 47 57 77 89 108 199 178 8 29 136 137 186 191 197 135 150 184 189 
Maquina 9 : 165 26 4 7 27 30 34 40 125 149 142 158 162 87 95 124 52 25 182 195 
Formato de validacao do resultado: 
0 63 0 58 0 194 0 111 0 188 0 39 0 33 0 15 0 104 0 94 0 35 0 133 0 183 0 174 0 168 0 154 0 91 0 10 0 37 0 43 0 62 0 90 0 72 
1 93 1 130 1 120 1 103 1 101 1 99 1 84 1 152 1 148 1 151 1 59 1 85 1 88 1 161 1 159 1 156 1 140 1 138 1 3 1 50 1 167 1 123 1 107 
2 54 2 51 2 164 2 141 2 139 2 102 2 83 2 82 2 79 2 65 2 61 2 44 2 28 2 11 2 198 2 193 2 190 2 121 2 100 2 96 2 92 2 68 2 78 2 155 2 145 2 56 2 60 2 70 2 73 
3 76 3 46 3 14 3 196 3 176 3 166 3 147 3 144 3 131 3 170 3 181 3 187 3 6 3 1 3 36 3 45 3 134 
4 143 4 153 4 175 4 179 4 177 4 53 4 66 4 69 4 127 4 16 4 132 4 126 4 97 4 80 4 105 4 86 4 146 4 116 4 129 4 48 4 41 4 169 
5 18 5 115 5 24 5 122 5 112 5 110 5 9 5 12 5 75 5 98 5 0 5 192 5 64 5 185 5 172 5 81 5 19 5 49 5 21 5 2 5 160 5 17 5 171 
6 106 6 109 6 67 6 71 6 180 6 163 6 157 6 38 6 23 6 22 6 113 6 55 6 74 6 5 6 173 6 32 6 13 6 114 6 117 6 20 
7 42 7 119 7 128 7 31 7 118 7 47 7 57 7 77 7 89 7 108 7 199 7 178 7 8 7 29 7 136 7 137 7 186 7 191 7 197 7 135 7 150 7 184 7 189 
8 165 8 26 8 4 8 7 8 27 8 30 8 34 8 40 8 125 8 149 8 142 8 158 8 162 8 87 8 95 8 124 8 52 8 25 8 182 8 195 
