Instance filename: ./instances/RCPMSII/RCPMS_Instance_68_m=5_n=100_t=7
Min temperature: 0.1
Max temperature: 0.5
Melhor Solução: 716
Temp div: 20
MCL: 500
PTL: 400
Elapsed time was: 48878
Maquina 1 : 26 33 18 98 40 64 44 65 78 12 24 70 60 75 15 69 62 91 7 34 
Maquina 2 : 28 84 8 73 59 13 74 99 71 41 10 53 27 61 21 16 35 92 66 77 
Maquina 3 : 82 38 14 48 42 93 3 89 87 17 50 81 46 76 0 5 9 
Maquina 4 : 51 57 19 47 52 79 85 63 43 39 31 90 20 97 96 72 22 36 30 6 88 32 37 
Maquina 5 : 54 25 86 67 11 95 94 58 2 55 45 80 1 56 29 68 4 49 23 83 
Formato de validacao do resultado: 
0 26 0 33 0 18 0 98 0 40 0 64 0 44 0 65 0 78 0 12 0 24 0 70 0 60 0 75 0 15 0 69 0 62 0 91 0 7 0 34 
1 28 1 84 1 8 1 73 1 59 1 13 1 74 1 99 1 71 1 41 1 10 1 53 1 27 1 61 1 21 1 16 1 35 1 92 1 66 1 77 
2 82 2 38 2 14 2 48 2 42 2 93 2 3 2 89 2 87 2 17 2 50 2 81 2 46 2 76 2 0 2 5 2 9 
3 51 3 57 3 19 3 47 3 52 3 79 3 85 3 63 3 43 3 39 3 31 3 90 3 20 3 97 3 96 3 72 3 22 3 36 3 30 3 6 3 88 3 32 3 37 
4 54 4 25 4 86 4 67 4 11 4 95 4 94 4 58 4 2 4 55 4 45 4 80 4 1 4 56 4 29 4 68 4 4 4 49 4 23 4 83 
