Instance filename: ./instances/RCPMSII/RCPMS_Instance_155_m=9_n=200_t=10
Min temperature: 0.1
Max temperature: 0.5
Melhor Solução: 974
Temp div: 20
MCL: 500
PTL: 400
Elapsed time was: 466803
Maquina 1 : 184 41 8 23 90 179 133 27 108 185 17 114 132 128 83 28 148 96 29 112 74 76 1 116 110 100 87 150 171 177 
Maquina 2 : 135 43 9 25 64 144 20 146 11 26 61 159 111 58 103 6 49 31 84 66 21 181 176 
Maquina 3 : 162 30 163 55 191 160 196 141 143 169 170 151 7 32 164 39 157 36 187 189 
Maquina 4 : 69 85 80 186 86 147 35 92 19 127 54 81 0 73 42 154 140 
Maquina 5 : 102 145 188 161 101 175 52 123 79 136 68 91 195 59 65 180 77 38 158 37 2 155 12 109 44 
Maquina 6 : 131 152 139 134 88 75 122 95 56 192 4 173 107 57 16 14 63 153 
Maquina 7 : 34 48 113 126 97 129 71 18 94 53 115 117 82 121 70 15 178 183 193 60 78 105 
Maquina 8 : 168 46 62 172 24 45 142 40 174 5 149 33 10 156 98 13 72 198 118 182 190 22 120 138 119 194 197 99 
Maquina 9 : 50 51 93 130 124 89 67 47 106 3 199 165 167 137 166 125 104 
Formato de validacao do resultado: 
0 184 0 41 0 8 0 23 0 90 0 179 0 133 0 27 0 108 0 185 0 17 0 114 0 132 0 128 0 83 0 28 0 148 0 96 0 29 0 112 0 74 0 76 0 1 0 116 0 110 0 100 0 87 0 150 0 171 0 177 
1 135 1 43 1 9 1 25 1 64 1 144 1 20 1 146 1 11 1 26 1 61 1 159 1 111 1 58 1 103 1 6 1 49 1 31 1 84 1 66 1 21 1 181 1 176 
2 162 2 30 2 163 2 55 2 191 2 160 2 196 2 141 2 143 2 169 2 170 2 151 2 7 2 32 2 164 2 39 2 157 2 36 2 187 2 189 
3 69 3 85 3 80 3 186 3 86 3 147 3 35 3 92 3 19 3 127 3 54 3 81 3 0 3 73 3 42 3 154 3 140 
4 102 4 145 4 188 4 161 4 101 4 175 4 52 4 123 4 79 4 136 4 68 4 91 4 195 4 59 4 65 4 180 4 77 4 38 4 158 4 37 4 2 4 155 4 12 4 109 4 44 
5 131 5 152 5 139 5 134 5 88 5 75 5 122 5 95 5 56 5 192 5 4 5 173 5 107 5 57 5 16 5 14 5 63 5 153 
6 34 6 48 6 113 6 126 6 97 6 129 6 71 6 18 6 94 6 53 6 115 6 117 6 82 6 121 6 70 6 15 6 178 6 183 6 193 6 60 6 78 6 105 
7 168 7 46 7 62 7 172 7 24 7 45 7 142 7 40 7 174 7 5 7 149 7 33 7 10 7 156 7 98 7 13 7 72 7 198 7 118 7 182 7 190 7 22 7 120 7 138 7 119 7 194 7 197 7 99 
8 50 8 51 8 93 8 130 8 124 8 89 8 67 8 47 8 106 8 3 8 199 8 165 8 167 8 137 8 166 8 125 8 104 
