Instance filename: ./instances/RCPMSII/RCPMS_Instance_61_m=5_n=100_t=6
Min temperature: 0.1
Max temperature: 0.5
Melhor Solução: 638
Temp div: 20
MCL: 500
PTL: 400
Elapsed time was: 56209
Maquina 1 : 49 5 48 59 10 15 98 26 6 27 24 38 35 82 76 29 30 93 63 86 14 
Maquina 2 : 92 99 71 73 96 54 45 16 42 65 52 12 20 39 34 47 8 97 41 79 9 
Maquina 3 : 33 32 90 69 94 57 22 72 23 85 83 68 75 53 19 81 67 31 78 
Maquina 4 : 61 77 36 0 21 28 44 11 3 7 60 37 46 74 25 40 13 
Maquina 5 : 55 88 17 50 43 56 4 84 87 64 80 2 89 62 66 95 70 51 58 91 1 18 
Formato de validacao do resultado: 
0 49 0 5 0 48 0 59 0 10 0 15 0 98 0 26 0 6 0 27 0 24 0 38 0 35 0 82 0 76 0 29 0 30 0 93 0 63 0 86 0 14 
1 92 1 99 1 71 1 73 1 96 1 54 1 45 1 16 1 42 1 65 1 52 1 12 1 20 1 39 1 34 1 47 1 8 1 97 1 41 1 79 1 9 
2 33 2 32 2 90 2 69 2 94 2 57 2 22 2 72 2 23 2 85 2 83 2 68 2 75 2 53 2 19 2 81 2 67 2 31 2 78 
3 61 3 77 3 36 3 0 3 21 3 28 3 44 3 11 3 3 3 7 3 60 3 37 3 46 3 74 3 25 3 40 3 13 
4 55 4 88 4 17 4 50 4 43 4 56 4 4 4 84 4 87 4 64 4 80 4 2 4 89 4 62 4 66 4 95 4 70 4 51 4 58 4 91 4 1 4 18 
