Instance filename: ./instances/RCPMSII/RCPMS_Instance_132_m=7_n=200_t=13
Min temperature: 0.1
Max temperature: 0.5
Melhor Solução: 940
Temp div: 20
MCL: 500
PTL: 400
Elapsed time was: 302655
Maquina 1 : 133 96 27 129 117 146 87 195 142 138 19 39 49 23 128 64 149 181 22 53 180 189 38 21 48 59 66 185 
Maquina 2 : 115 173 52 89 112 13 177 67 122 118 167 42 56 15 196 71 28 40 147 103 41 139 104 9 83 76 153 16 151 126 84 131 
Maquina 3 : 150 198 51 25 58 169 8 55 171 0 37 159 81 33 137 4 26 72 88 91 92 141 36 107 127 164 85 11 
Maquina 4 : 29 34 31 166 170 5 1 98 154 191 110 194 70 6 136 113 12 155 77 100 143 135 47 163 121 111 54 116 24 
Maquina 5 : 188 158 178 2 18 73 60 68 145 140 50 193 187 186 175 63 182 10 101 197 102 62 35 157 69 75 74 43 45 183 160 
Maquina 6 : 30 94 95 108 184 61 46 17 32 105 82 199 14 162 119 7 79 78 190 20 57 86 148 65 120 125 44 168 
Maquina 7 : 114 152 179 90 192 176 124 106 174 130 156 97 144 161 172 134 3 80 165 132 123 109 93 99 
Formato de validacao do resultado: 
0 133 0 96 0 27 0 129 0 117 0 146 0 87 0 195 0 142 0 138 0 19 0 39 0 49 0 23 0 128 0 64 0 149 0 181 0 22 0 53 0 180 0 189 0 38 0 21 0 48 0 59 0 66 0 185 
1 115 1 173 1 52 1 89 1 112 1 13 1 177 1 67 1 122 1 118 1 167 1 42 1 56 1 15 1 196 1 71 1 28 1 40 1 147 1 103 1 41 1 139 1 104 1 9 1 83 1 76 1 153 1 16 1 151 1 126 1 84 1 131 
2 150 2 198 2 51 2 25 2 58 2 169 2 8 2 55 2 171 2 0 2 37 2 159 2 81 2 33 2 137 2 4 2 26 2 72 2 88 2 91 2 92 2 141 2 36 2 107 2 127 2 164 2 85 2 11 
3 29 3 34 3 31 3 166 3 170 3 5 3 1 3 98 3 154 3 191 3 110 3 194 3 70 3 6 3 136 3 113 3 12 3 155 3 77 3 100 3 143 3 135 3 47 3 163 3 121 3 111 3 54 3 116 3 24 
4 188 4 158 4 178 4 2 4 18 4 73 4 60 4 68 4 145 4 140 4 50 4 193 4 187 4 186 4 175 4 63 4 182 4 10 4 101 4 197 4 102 4 62 4 35 4 157 4 69 4 75 4 74 4 43 4 45 4 183 4 160 
5 30 5 94 5 95 5 108 5 184 5 61 5 46 5 17 5 32 5 105 5 82 5 199 5 14 5 162 5 119 5 7 5 79 5 78 5 190 5 20 5 57 5 86 5 148 5 65 5 120 5 125 5 44 5 168 
6 114 6 152 6 179 6 90 6 192 6 176 6 124 6 106 6 174 6 130 6 156 6 97 6 144 6 161 6 172 6 134 6 3 6 80 6 165 6 132 6 123 6 109 6 93 6 99 
