Instance filename: ./instances/RCPMSII/RCPMS_Instance_136_m=8_n=200_t=9
Min temperature: 0.1
Max temperature: 0.5
Melhor Solução: 798
Temp div: 20
MCL: 500
PTL: 400
Elapsed time was: 410088
Maquina 1 : 85 133 89 144 169 58 73 11 22 141 5 82 66 64 177 93 60 124 91 113 98 140 179 80 
Maquina 2 : 184 173 143 0 137 112 165 94 166 164 28 111 118 43 41 74 148 114 193 178 159 138 37 
Maquina 3 : 2 142 65 4 50 48 99 78 61 174 87 26 116 21 182 75 79 19 
Maquina 4 : 188 192 9 57 16 117 196 170 108 194 6 77 181 95 198 101 139 106 100 146 171 69 
Maquina 5 : 7 161 35 186 27 123 128 102 59 47 14 191 199 119 71 121 175 13 151 88 147 187 24 86 122 149 55 30 
Maquina 6 : 160 126 125 90 38 167 25 156 92 51 31 36 150 54 33 46 134 105 132 67 152 183 23 120 189 176 63 130 157 52 110 29 
Maquina 7 : 185 3 42 72 96 162 56 172 44 34 136 115 62 163 145 195 190 197 168 104 10 20 1 53 45 39 81 155 
Maquina 8 : 154 32 68 97 84 70 131 109 17 40 129 107 8 15 49 153 158 12 76 127 18 180 135 103 83 
Formato de validacao do resultado: 
0 85 0 133 0 89 0 144 0 169 0 58 0 73 0 11 0 22 0 141 0 5 0 82 0 66 0 64 0 177 0 93 0 60 0 124 0 91 0 113 0 98 0 140 0 179 0 80 
1 184 1 173 1 143 1 0 1 137 1 112 1 165 1 94 1 166 1 164 1 28 1 111 1 118 1 43 1 41 1 74 1 148 1 114 1 193 1 178 1 159 1 138 1 37 
2 2 2 142 2 65 2 4 2 50 2 48 2 99 2 78 2 61 2 174 2 87 2 26 2 116 2 21 2 182 2 75 2 79 2 19 
3 188 3 192 3 9 3 57 3 16 3 117 3 196 3 170 3 108 3 194 3 6 3 77 3 181 3 95 3 198 3 101 3 139 3 106 3 100 3 146 3 171 3 69 
4 7 4 161 4 35 4 186 4 27 4 123 4 128 4 102 4 59 4 47 4 14 4 191 4 199 4 119 4 71 4 121 4 175 4 13 4 151 4 88 4 147 4 187 4 24 4 86 4 122 4 149 4 55 4 30 
5 160 5 126 5 125 5 90 5 38 5 167 5 25 5 156 5 92 5 51 5 31 5 36 5 150 5 54 5 33 5 46 5 134 5 105 5 132 5 67 5 152 5 183 5 23 5 120 5 189 5 176 5 63 5 130 5 157 5 52 5 110 5 29 
6 185 6 3 6 42 6 72 6 96 6 162 6 56 6 172 6 44 6 34 6 136 6 115 6 62 6 163 6 145 6 195 6 190 6 197 6 168 6 104 6 10 6 20 6 1 6 53 6 45 6 39 6 81 6 155 
7 154 7 32 7 68 7 97 7 84 7 70 7 131 7 109 7 17 7 40 7 129 7 107 7 8 7 15 7 49 7 153 7 158 7 12 7 76 7 127 7 18 7 180 7 135 7 103 7 83 
