Instance filename: ./instances/RCPMSII/RCPMS_Instance_115_m=7_n=100_t=11
Min temperature: 0.1
Max temperature: 0.5
Melhor Solução: 495
Temp div: 20
MCL: 500
PTL: 400
Elapsed time was: 101243
Maquina 1 : 78 82 42 1 35 55 76 70 50 26 72 96 8 85 
Maquina 2 : 75 56 9 64 19 30 25 73 28 54 32 63 39 12 
Maquina 3 : 11 41 91 0 95 71 38 52 46 37 90 97 34 
Maquina 4 : 80 3 83 48 59 81 87 4 77 33 14 29 74 67 6 16 24 
Maquina 5 : 43 47 23 89 93 44 98 61 31 7 88 86 
Maquina 6 : 15 60 84 13 10 27 57 79 94 22 21 66 
Maquina 7 : 5 51 99 65 69 53 58 68 49 36 92 2 62 40 17 18 45 20 
Formato de validacao do resultado: 
0 78 0 82 0 42 0 1 0 35 0 55 0 76 0 70 0 50 0 26 0 72 0 96 0 8 0 85 
1 75 1 56 1 9 1 64 1 19 1 30 1 25 1 73 1 28 1 54 1 32 1 63 1 39 1 12 
2 11 2 41 2 91 2 0 2 95 2 71 2 38 2 52 2 46 2 37 2 90 2 97 2 34 
3 80 3 3 3 83 3 48 3 59 3 81 3 87 3 4 3 77 3 33 3 14 3 29 3 74 3 67 3 6 3 16 3 24 
4 43 4 47 4 23 4 89 4 93 4 44 4 98 4 61 4 31 4 7 4 88 4 86 
5 15 5 60 5 84 5 13 5 10 5 27 5 57 5 79 5 94 5 22 5 21 5 66 
6 5 6 51 6 99 6 65 6 69 6 53 6 58 6 68 6 49 6 36 6 92 6 2 6 62 6 40 6 17 6 18 6 45 6 20 
