Instance filename: ./instances/RCPMSII/RCPMS_Instance_100_m=6_n=200_t=11
Min temperature: 0.1
Max temperature: 0.5
Melhor Solução: 1119
Temp div: 20
MCL: 500
PTL: 400
Elapsed time was: 161758
Maquina 1 : 47 170 75 5 122 194 17 31 24 74 26 165 94 140 198 99 46 187 20 164 42 190 62 35 136 126 54 172 199 49 4 66 51 91 1 
Maquina 2 : 38 146 193 61 129 76 177 134 11 71 110 168 87 37 128 86 32 12 138 166 88 68 43 7 106 149 0 139 152 117 40 45 184 143 21 44 
Maquina 3 : 132 195 155 41 64 179 73 105 180 157 178 114 48 103 92 107 156 142 57 158 175 67 78 188 133 30 150 16 108 81 115 80 98 121 
Maquina 4 : 6 160 111 18 148 3 90 101 8 79 120 28 22 15 182 192 141 137 9 2 147 163 135 10 181 82 191 173 56 144 197 
Maquina 5 : 77 33 63 29 174 97 93 36 39 159 84 89 96 127 171 55 95 83 53 104 70 176 124 13 19 112 100 102 59 
Maquina 6 : 196 189 14 119 131 58 130 186 154 69 162 65 109 125 52 27 167 116 123 185 60 34 151 23 153 72 183 113 118 161 145 50 85 169 25 
Formato de validacao do resultado: 
0 47 0 170 0 75 0 5 0 122 0 194 0 17 0 31 0 24 0 74 0 26 0 165 0 94 0 140 0 198 0 99 0 46 0 187 0 20 0 164 0 42 0 190 0 62 0 35 0 136 0 126 0 54 0 172 0 199 0 49 0 4 0 66 0 51 0 91 0 1 
1 38 1 146 1 193 1 61 1 129 1 76 1 177 1 134 1 11 1 71 1 110 1 168 1 87 1 37 1 128 1 86 1 32 1 12 1 138 1 166 1 88 1 68 1 43 1 7 1 106 1 149 1 0 1 139 1 152 1 117 1 40 1 45 1 184 1 143 1 21 1 44 
2 132 2 195 2 155 2 41 2 64 2 179 2 73 2 105 2 180 2 157 2 178 2 114 2 48 2 103 2 92 2 107 2 156 2 142 2 57 2 158 2 175 2 67 2 78 2 188 2 133 2 30 2 150 2 16 2 108 2 81 2 115 2 80 2 98 2 121 
3 6 3 160 3 111 3 18 3 148 3 3 3 90 3 101 3 8 3 79 3 120 3 28 3 22 3 15 3 182 3 192 3 141 3 137 3 9 3 2 3 147 3 163 3 135 3 10 3 181 3 82 3 191 3 173 3 56 3 144 3 197 
4 77 4 33 4 63 4 29 4 174 4 97 4 93 4 36 4 39 4 159 4 84 4 89 4 96 4 127 4 171 4 55 4 95 4 83 4 53 4 104 4 70 4 176 4 124 4 13 4 19 4 112 4 100 4 102 4 59 
5 196 5 189 5 14 5 119 5 131 5 58 5 130 5 186 5 154 5 69 5 162 5 65 5 109 5 125 5 52 5 27 5 167 5 116 5 123 5 185 5 60 5 34 5 151 5 23 5 153 5 72 5 183 5 113 5 118 5 161 5 145 5 50 5 85 5 169 5 25 
