Instance filename: ./instances/RCPMSII/RCPMS_Instance_123_m=7_n=200_t=8
Min temperature: 0.1
Max temperature: 0.5
Melhor Solução: 961
Temp div: 20
MCL: 500
PTL: 400
Elapsed time was: 224919
Maquina 1 : 95 99 113 93 53 162 44 40 145 175 105 15 20 97 164 114 134 158 59 184 88 90 143 83 116 135 5 121 48 
Maquina 2 : 86 112 163 14 173 34 111 199 56 72 122 62 55 32 160 171 130 198 92 74 176 152 142 120 167 57 
Maquina 3 : 26 183 96 21 47 131 66 115 18 17 178 71 78 31 65 195 35 150 13 2 24 139 4 16 9 8 29 84 128 
Maquina 4 : 194 100 137 104 58 133 151 180 174 118 23 172 94 146 126 165 12 144 37 177 189 25 161 101 27 168 50 
Maquina 5 : 117 136 147 124 166 89 42 80 102 188 64 54 75 129 19 87 185 110 39 141 49 187 153 196 61 149 159 41 70 155 79 67 81 73 193 108 
Maquina 6 : 169 22 36 1 11 170 76 138 190 186 125 38 154 181 98 179 28 68 0 46 103 45 82 91 85 
Maquina 7 : 107 127 60 148 10 69 3 157 140 77 119 33 43 106 109 7 51 52 156 30 192 132 197 191 63 182 6 123 
Formato de validacao do resultado: 
0 95 0 99 0 113 0 93 0 53 0 162 0 44 0 40 0 145 0 175 0 105 0 15 0 20 0 97 0 164 0 114 0 134 0 158 0 59 0 184 0 88 0 90 0 143 0 83 0 116 0 135 0 5 0 121 0 48 
1 86 1 112 1 163 1 14 1 173 1 34 1 111 1 199 1 56 1 72 1 122 1 62 1 55 1 32 1 160 1 171 1 130 1 198 1 92 1 74 1 176 1 152 1 142 1 120 1 167 1 57 
2 26 2 183 2 96 2 21 2 47 2 131 2 66 2 115 2 18 2 17 2 178 2 71 2 78 2 31 2 65 2 195 2 35 2 150 2 13 2 2 2 24 2 139 2 4 2 16 2 9 2 8 2 29 2 84 2 128 
3 194 3 100 3 137 3 104 3 58 3 133 3 151 3 180 3 174 3 118 3 23 3 172 3 94 3 146 3 126 3 165 3 12 3 144 3 37 3 177 3 189 3 25 3 161 3 101 3 27 3 168 3 50 
4 117 4 136 4 147 4 124 4 166 4 89 4 42 4 80 4 102 4 188 4 64 4 54 4 75 4 129 4 19 4 87 4 185 4 110 4 39 4 141 4 49 4 187 4 153 4 196 4 61 4 149 4 159 4 41 4 70 4 155 4 79 4 67 4 81 4 73 4 193 4 108 
5 169 5 22 5 36 5 1 5 11 5 170 5 76 5 138 5 190 5 186 5 125 5 38 5 154 5 181 5 98 5 179 5 28 5 68 5 0 5 46 5 103 5 45 5 82 5 91 5 85 
6 107 6 127 6 60 6 148 6 10 6 69 6 3 6 157 6 140 6 77 6 119 6 33 6 43 6 106 6 109 6 7 6 51 6 52 6 156 6 30 6 192 6 132 6 197 6 191 6 63 6 182 6 6 6 123 
