Instance filename: ./instances/RCPMSII/RCPMS_Instance_150_m=8_n=200_t=13
Min temperature: 0.1
Max temperature: 0.5
Melhor Solução: 858
Temp div: 20
MCL: 500
PTL: 400
Elapsed time was: 359898
Maquina 1 : 19 155 56 31 66 89 10 69 2 99 92 165 166 48 152 79 38 29 3 154 193 190 126 167 
Maquina 2 : 60 127 115 87 198 144 183 135 194 158 82 80 179 105 128 21 98 81 91 46 8 177 196 13 195 
Maquina 3 : 182 34 192 36 140 159 151 106 172 131 75 96 85 138 191 27 20 168 145 71 51 7 103 125 57 68 
Maquina 4 : 123 130 28 77 95 63 108 134 62 101 25 114 137 156 178 84 174 50 110 175 32 0 189 83 157 132 5 
Maquina 5 : 94 45 104 147 161 111 90 180 170 184 14 78 122 160 93 113 86 141 100 16 150 
Maquina 6 : 17 67 47 64 15 102 197 44 136 76 4 176 12 133 18 120 187 199 22 70 52 142 55 40 162 
Maquina 7 : 33 30 124 58 164 112 74 65 1 6 116 107 143 26 181 169 54 23 41 117 153 72 59 11 121 148 
Maquina 8 : 42 188 88 24 129 49 109 39 185 97 139 35 186 149 163 119 118 173 146 37 9 171 53 61 43 73 
Formato de validacao do resultado: 
0 19 0 155 0 56 0 31 0 66 0 89 0 10 0 69 0 2 0 99 0 92 0 165 0 166 0 48 0 152 0 79 0 38 0 29 0 3 0 154 0 193 0 190 0 126 0 167 
1 60 1 127 1 115 1 87 1 198 1 144 1 183 1 135 1 194 1 158 1 82 1 80 1 179 1 105 1 128 1 21 1 98 1 81 1 91 1 46 1 8 1 177 1 196 1 13 1 195 
2 182 2 34 2 192 2 36 2 140 2 159 2 151 2 106 2 172 2 131 2 75 2 96 2 85 2 138 2 191 2 27 2 20 2 168 2 145 2 71 2 51 2 7 2 103 2 125 2 57 2 68 
3 123 3 130 3 28 3 77 3 95 3 63 3 108 3 134 3 62 3 101 3 25 3 114 3 137 3 156 3 178 3 84 3 174 3 50 3 110 3 175 3 32 3 0 3 189 3 83 3 157 3 132 3 5 
4 94 4 45 4 104 4 147 4 161 4 111 4 90 4 180 4 170 4 184 4 14 4 78 4 122 4 160 4 93 4 113 4 86 4 141 4 100 4 16 4 150 
5 17 5 67 5 47 5 64 5 15 5 102 5 197 5 44 5 136 5 76 5 4 5 176 5 12 5 133 5 18 5 120 5 187 5 199 5 22 5 70 5 52 5 142 5 55 5 40 5 162 
6 33 6 30 6 124 6 58 6 164 6 112 6 74 6 65 6 1 6 6 6 116 6 107 6 143 6 26 6 181 6 169 6 54 6 23 6 41 6 117 6 153 6 72 6 59 6 11 6 121 6 148 
7 42 7 188 7 88 7 24 7 129 7 49 7 109 7 39 7 185 7 97 7 139 7 35 7 186 7 149 7 163 7 119 7 118 7 173 7 146 7 37 7 9 7 171 7 53 7 61 7 43 7 73 
