Instance filename: ./instances/200jobs/instanceLarge1044_m=7_n=200_l=40_c=20_s=2.PMTC
Min temperature: 0.1
Max temperature: 0.5
Melhor Solução: 808
Temp div: 16
MCL: 400
PTL: 75000
Elapsed time was: 788352
Maquina 1 : 171 22 148 41 83 89 109 12 28 43 6 14 184 172 2 138 5 47 70 35 73 182 149 63 134 37 55 44 45 8 97 62 127 58 147 110 
Maquina 2 : 126 46 68 27 65 52 26 18 151 160 176 98 113 72 64 150 178 190 164 20 122 111 96 100 71 183 32 168 198 38 0 117 
Maquina 3 : 21 123 15 9 94 136 140 99 155 33 61 154 163 74 116 193 67 114 143 101 145 152 108 95 169 161 86 187 
Maquina 4 : 177 142 34 78 141 199 167 57 157 119 30 80 175 25 181 84 188 1 31 129 156 103 189 60 77 10 82 
Maquina 5 : 105 104 87 59 174 76 23 48 186 75 125 53 3 192 49 54 173 159 162 7 90 42 19 51 16 69 158 
Maquina 6 : 180 144 118 185 93 131 170 29 79 166 120 4 85 56 88 50 165 36 112 11 13 153 139 130 66 124 195 
Maquina 7 : 39 107 92 194 128 146 137 133 91 197 135 102 121 132 40 179 81 191 196 106 115 24 17 
