Instance filename: ./instances/200jobs/instanceLarge1424_m=10_n=200_l=40_c=30_s=1.PMTC
Min temperature: 0.1
Max temperature: 0.5
Melhor Solução: 3260
Temp div: 16
MCL: 400
PTL: 75000
Elapsed time was: 963212
Maquina 1 : 45 57 117 115 37 46 1 153 139 80 50 95 174 118 72 147 44 18 195 
Maquina 2 : 23 0 137 11 4 156 128 98 180 58 99 131 178 160 192 169 188 36 163 116 7 
Maquina 3 : 84 199 52 189 76 176 122 171 82 138 181 38 145 134 113 96 86 103 30 24 
Maquina 4 : 187 97 162 16 39 143 40 121 47 104 26 73 161 91 132 167 125 135 3 6 114 
Maquina 5 : 60 119 144 49 172 9 64 105 75 100 35 136 120 191 29 108 154 124 33 83 8 
Maquina 6 : 78 148 22 197 48 126 67 170 2 62 43 79 179 93 65 168 182 175 165 177 
Maquina 7 : 106 42 51 183 88 25 127 101 68 164 141 69 123 198 185 94 17 41 19 21 
Maquina 8 : 85 146 31 157 12 196 142 70 150 184 20 27 111 5 112 110 102 158 133 
Maquina 9 : 130 190 63 129 74 186 92 155 159 15 54 59 140 28 10 89 87 194 66 13 
Maquina 10 : 90 55 166 81 152 61 53 107 32 71 34 149 77 173 14 109 151 56 193 
