Instance filename: ./instances/200jobs/instanceLarge1102_m=8_n=200_l=30_c=10_s=0.PMTC
Min temperature: 0.1
Max temperature: 0.5
Melhor Solução: 1280
Temp div: 16
MCL: 400
PTL: 75000
Elapsed time was: 524774
Maquina 1 : 73 145 146 97 138 155 194 187 101 180 118 8 93 95 91 46 85 115 191 96 58 59 107 109 
Maquina 2 : 78 134 62 132 0 125 5 49 122 179 41 154 143 29 61 157 19 130 7 119 11 168 105 34 163 
Maquina 3 : 192 76 131 38 133 20 164 10 193 21 162 99 67 199 150 116 32 24 70 129 173 171 100 
Maquina 4 : 186 153 63 114 170 195 183 159 6 1 9 158 82 151 140 22 141 102 55 147 69 152 54 137 65 77 144 64 
Maquina 5 : 112 113 74 40 160 71 94 4 3 31 90 18 30 45 27 106 172 104 189 196 161 110 
Maquina 6 : 48 121 80 86 178 117 136 39 166 123 92 108 124 89 127 177 128 35 197 23 50 169 139 79 12 33 
Maquina 7 : 42 16 44 135 66 81 126 149 174 15 103 148 14 13 111 37 198 175 165 120 98 36 28 52 84 
Maquina 8 : 51 87 43 181 25 184 68 26 156 182 2 56 188 176 167 83 190 185 72 17 75 60 53 88 47 142 57 
