Instance filename: ./instances/200jobs/instanceLarge1127_m=8_n=200_l=30_c=20_s=1.PMTC
Min temperature: 0.1
Max temperature: 0.5
Melhor Solução: 3269
Temp div: 16
MCL: 400
PTL: 75000
Elapsed time was: 589143
Maquina 1 : 155 44 2 45 129 113 33 77 11 137 86 100 178 80 176 23 40 170 18 7 187 159 51 183 184 66 162 
Maquina 2 : 81 16 185 63 82 149 26 120 94 102 193 27 99 36 163 169 0 56 180 109 196 198 91 
Maquina 3 : 72 112 4 8 65 92 46 104 192 147 5 106 134 90 133 68 87 29 154 3 95 153 152 48 34 
Maquina 4 : 197 145 75 9 57 59 78 83 128 199 173 89 148 150 49 38 165 10 88 116 79 117 
Maquina 5 : 19 96 141 130 167 28 172 58 177 107 98 54 189 124 35 195 20 157 41 190 132 139 188 126 61 151 
Maquina 6 : 181 85 142 118 144 182 115 32 43 119 158 15 164 138 25 114 186 101 136 127 62 6 53 156 21 47 
Maquina 7 : 122 1 174 52 103 69 71 42 105 12 160 67 135 60 30 70 175 161 17 171 74 140 146 143 111 39 194 
Maquina 8 : 166 22 55 24 84 123 76 13 121 93 168 125 179 14 37 108 73 110 131 64 97 31 50 191 
