Instance filename: ./instances/200jobs/instanceLarge1040_m=7_n=200_l=40_c=20_s=1.PMTC
Min temperature: 0.1
Max temperature: 0.5
Melhor Solução: 3869
Temp div: 16
MCL: 400
PTL: 75000
Elapsed time was: 1048756
Maquina 1 : 100 71 121 13 166 36 153 112 11 148 46 45 68 58 167 110 113 97 27 54 49 62 65 158 5 34 155 73 70 141 2 
Maquina 2 : 178 138 44 29 85 47 7 42 180 144 118 185 108 98 93 131 72 170 79 120 99 4 89 88 169 179 78 50 92 
Maquina 3 : 107 194 124 152 168 181 164 33 182 122 183 143 126 177 187 175 135 14 145 35 101 87 114 190 173 38 8 
Maquina 4 : 140 174 94 9 150 23 67 52 186 192 125 132 198 39 66 176 197 3 117 41 60 139 195 10 165 6 59 104 
Maquina 5 : 105 171 22 53 69 30 151 160 18 163 96 159 162 136 17 26 21 123 15 0 80 199 119 57 91 157 48 
Maquina 6 : 76 75 16 51 19 90 154 111 116 61 74 32 28 12 43 184 172 188 83 128 77 146 137 64 133 56 142 189 95 
Maquina 7 : 84 25 161 149 82 1 31 156 129 130 127 103 147 55 102 20 63 109 37 86 40 193 134 81 24 106 196 115 191 
