Instance filename: ./instances/200jobs/instanceLarge1436_m=10_n=200_l=40_c=30_s=1.PMTC
Min temperature: 0.1
Max temperature: 0.5
Melhor Solução: 3285
Temp div: 16
MCL: 400
PTL: 75000
Elapsed time was: 730633
Maquina 1 : 72 147 50 155 162 87 38 58 134 179 33 93 62 2 170 197 67 126 
Maquina 2 : 48 71 101 127 25 88 183 117 142 70 184 34 32 73 107 195 151 14 173 77 
Maquina 3 : 149 139 153 1 46 37 115 61 53 144 119 60 148 128 156 98 137 0 11 4 
Maquina 4 : 44 108 194 66 13 90 47 166 55 81 152 26 104 121 40 143 39 16 68 164 65 
Maquina 5 : 123 198 8 78 136 120 191 29 97 187 113 24 182 135 57 45 150 91 161 36 124 
Maquina 6 : 163 83 116 7 84 199 52 189 76 176 122 171 82 138 181 185 94 103 86 146 
Maquina 7 : 31 85 19 21 178 131 18 63 160 190 130 133 96 159 15 54 59 140 28 
Maquina 8 : 10 89 99 172 64 9 105 75 35 100 20 167 132 6 114 3 125 192 79 43 109 
Maquina 9 : 49 80 95 174 118 41 154 5 30 27 111 196 12 17 157 23 92 186 
Maquina 10 : 74 129 188 180 169 168 145 112 110 102 158 165 56 42 106 177 175 51 141 22 69 193 
