Instance filename: ./instances/200jobs/instanceLarge1277_m=9_n=200_l=40_c=20_s=1.PMTC
Min temperature: 0.1
Max temperature: 0.5
Melhor Solução: 2863
Temp div: 16
MCL: 400
PTL: 75000
Elapsed time was: 1426531
Maquina 1 : 142 162 17 78 141 46 32 163 100 175 99 167 186 171 137 34 116 179 164 102 183 57 8 
Maquina 2 : 90 54 59 109 14 28 76 173 125 31 113 114 147 92 105 166 85 89 101 194 190 177 187 21 
Maquina 3 : 62 189 151 143 80 70 135 25 126 72 154 118 112 95 88 123 64 35 138 134 22 191 0 
Maquina 4 : 129 83 16 45 66 120 3 13 5 4 47 11 174 6 15 65 48 77 19 56 36 
Maquina 5 : 18 71 180 165 152 159 107 149 81 44 50 63 132 2 29 52 40 1 103 127 84 182 
Maquina 6 : 74 39 96 153 158 198 67 53 169 69 119 106 170 55 26 60 197 148 
Maquina 7 : 155 110 196 133 128 130 144 160 161 41 168 30 146 82 86 97 188 124 20 131 12 73 184 117 199 181 91 
Maquina 8 : 79 37 94 58 193 42 75 108 176 185 121 7 178 150 156 111 93 87 139 43 122 23 
Maquina 9 : 98 49 104 68 136 9 61 24 145 38 51 172 195 10 157 33 27 192 140 115 
