Instance filename: ./instances/200jobs/instanceLarge1226_m=9_n=200_l=30_c=10_s=1.PMTC
Min temperature: 0.1
Max temperature: 0.5
Melhor Solução: 2394
Temp div: 16
MCL: 400
PTL: 75000
Elapsed time was: 790735
Maquina 1 : 191 7 165 153 194 48 104 168 83 190 31 53 188 178 97 183 13 137 155 129 140 144 15 106 
Maquina 2 : 71 6 199 16 193 175 177 186 5 110 184 50 120 1 27 60 122 29 172 20 145 18 56 103 
Maquina 3 : 8 96 38 158 143 112 87 89 55 173 159 69 126 189 90 66 77 88 115 164 124 185 54 44 
Maquina 4 : 169 64 152 154 142 118 138 181 84 125 196 176 195 0 37 197 35 12 46 78 39 33 
Maquina 5 : 42 63 34 61 179 10 134 132 119 198 109 187 161 148 75 163 156 9 107 57 
Maquina 6 : 136 79 166 102 95 99 121 11 151 182 59 91 81 111 127 40 92 74 167 19 21 98 
Maquina 7 : 100 76 157 28 139 36 14 45 43 147 4 116 23 192 114 105 180 141 150 26 30 
Maquina 8 : 2 133 25 72 24 128 171 94 32 80 101 146 65 51 82 149 68 160 73 135 174 47 131 41 170 22 
Maquina 9 : 70 130 58 62 123 49 67 108 17 85 52 162 93 3 117 86 113 
