Instance filename: ./instances/200jobs/instanceLarge1230_m=9_n=200_l=30_c=10_s=2.PMTC
Min temperature: 0.1
Max temperature: 0.5
Melhor Solução: 674
Temp div: 16
MCL: 400
PTL: 75000
Elapsed time was: 1033073
Maquina 1 : 63 178 31 162 141 20 173 26 38 163 114 56 145 8 187 15 129 140 188 96 44 169 64 154 135 54 
Maquina 2 : 124 73 41 185 170 161 148 144 75 27 184 131 1 34 174 94 80 78 32 51 101 65 128 16 
Maquina 3 : 120 193 71 119 109 171 198 132 134 103 177 158 130 62 5 58 175 50 110 133 42 195 68 30 
Maquina 4 : 143 126 139 55 87 159 112 89 164 152 43 76 36 61 13 183 4 116 53 23 180 117 
Maquina 5 : 22 70 46 12 95 160 113 146 99 11 102 60 28 91 167 74 82 179 127 40 92 35 79 111 
Maquina 6 : 49 66 151 45 59 52 67 150 88 81 85 72 24 93 105 107 90 77 115 6 9 156 
Maquina 7 : 29 122 172 69 138 186 33 39 182 191 147 153 165 166 168 104 83 100 19 21 
Maquina 8 : 157 137 155 118 18 142 10 149 3 17 86 123 57 125 192 97 47 121 190 
Maquina 9 : 84 98 37 0 181 196 48 199 136 106 194 189 14 197 176 7 25 2 108 
