Instance filename: ./instances/200jobs/instanceLarge946_m=6_n=200_l=40_c=30_s=0.PMTC
Min temperature: 0.1
Max temperature: 0.5
Melhor Solução: 4610
Temp div: 16
MCL: 400
PTL: 75000
Elapsed time was: 895902
Maquina 1 : 144 194 99 11 33 100 106 27 198 91 150 74 30 116 146 96 117 29 159 171 137 196 103 3 64 18 170 188 65 163 34 166 80 184 
Maquina 2 : 101 67 154 43 35 15 126 174 85 142 167 62 8 87 38 58 10 177 111 191 197 199 25 162 136 128 24 46 55 187 42 179 181 40 
Maquina 3 : 153 173 141 61 89 168 118 130 51 149 93 47 145 22 86 193 158 110 56 48 39 53 114 9 129 102 157 182 44 78 189 97 72 52 
Maquina 4 : 178 120 68 81 125 109 169 180 2 14 63 161 66 12 13 147 148 104 192 131 90 112 50 123 121 115 186 139 132 185 79 59 
Maquina 5 : 69 49 71 17 175 23 105 88 160 155 19 31 98 140 119 5 82 165 94 138 76 183 84 57 124 54 60 4 1 28 152 16 32 
Maquina 6 : 107 6 45 37 134 113 77 135 156 7 151 190 127 20 92 195 0 95 172 70 36 26 164 21 75 108 83 176 122 133 73 143 41 
