Instance filename: ./instances/200jobs/instanceLarge1413_m=10_n=200_l=40_c=30_s=2.PMTC
Min temperature: 0.1
Max temperature: 0.5
Melhor Solução: 639
Temp div: 16
MCL: 400
PTL: 75000
Elapsed time was: 432018
Maquina 1 : 80 49 109 64 75 179 134 58 38 33 198 123 164 65 34 76 9 147 
Maquina 2 : 77 10 28 140 59 54 159 155 162 95 85 21 19 41 133 146 157 12 108 16 39 
Maquina 3 : 24 97 187 113 7 199 52 84 185 68 48 67 126 104 172 170 31 178 18 131 197 14 43 
Maquina 4 : 173 141 22 51 175 29 191 120 136 78 8 148 53 0 137 11 4 156 
Maquina 5 : 128 98 184 142 47 117 183 88 20 127 15 70 132 189 69 193 122 182 171 176 150 45 57 
Maquina 6 : 135 177 106 42 56 165 158 102 110 112 111 5 27 30 50 154 83 105 144 
Maquina 7 : 119 60 181 82 138 160 26 152 81 166 91 55 161 36 124 188 99 89 90 13 
Maquina 8 : 66 194 87 116 101 25 71 32 107 73 195 151 44 186 74 72 118 174 149 
Maquina 9 : 139 153 1 46 37 115 23 61 129 63 190 130 96 86 103 94 17 121 40 143 
Maquina 10 : 2 62 163 196 79 93 180 168 145 92 169 192 125 3 6 114 167 100 35 
