Instance filename: ./instances/200jobs/instanceLarge1014_m=7_n=200_l=30_c=20_s=2.PMTC
Min temperature: 0.1
Max temperature: 0.5
Melhor Solução: 920
Temp div: 16
MCL: 400
PTL: 75000
Elapsed time was: 908727
Maquina 1 : 158 135 167 34 72 120 56 41 54 47 130 53 12 62 66 182 146 153 178 17 94 149 33 163 131 109 174 81 6 177 
Maquina 2 : 38 111 95 185 15 87 61 67 26 68 89 118 3 125 36 157 92 136 110 96 191 32 186 51 
Maquina 3 : 115 46 195 59 124 189 166 79 73 154 48 88 194 64 168 101 181 105 150 31 116 108 187 114 58 13 10 117 57 9 50 132 143 
Maquina 4 : 49 20 75 161 104 183 74 4 170 25 100 21 19 127 65 97 121 164 198 142 91 93 133 77 35 197 28 190 169 43 
Maquina 5 : 63 22 173 188 14 102 45 138 160 16 151 137 60 184 70 155 37 23 82 112 24 76 5 148 141 11 113 2 98 
Maquina 6 : 55 126 42 159 0 80 180 156 147 106 78 128 139 192 39 1 122 129 119 176 199 145 99 85 90 86 71 69 
Maquina 7 : 123 7 40 162 103 175 18 44 29 107 172 193 179 196 27 165 84 30 171 8 52 140 83 152 144 134 
