Instance filename: ./instances/200jobs/instanceLarge912_m=6_n=200_l=40_c=20_s=2.PMTC
Min temperature: 0.1
Max temperature: 0.5
Melhor Solução: 1091
Temp div: 16
MCL: 400
PTL: 75000
Elapsed time was: 692157
Maquina 1 : 196 87 167 119 156 179 86 189 163 145 92 133 21 164 50 40 142 60 153 16 74 108 68 166 165 34 77 36 69 147 35 199 66 
Maquina 2 : 51 138 18 178 9 14 111 76 159 188 99 141 41 52 19 120 75 155 85 127 181 22 154 42 5 148 81 43 130 27 
Maquina 3 : 102 78 56 37 176 139 168 161 160 105 194 59 63 64 55 71 172 98 29 90 104 31 132 193 82 97 53 2 198 8 91 73 190 67 58 
Maquina 4 : 140 65 0 106 15 125 114 109 12 123 187 47 101 151 25 152 54 150 13 144 7 174 10 177 195 93 49 6 30 94 24 4 1 146 95 45 
Maquina 5 : 100 61 186 33 131 197 135 192 88 48 121 84 62 23 122 32 191 185 20 17 79 162 158 103 173 169 157 149 180 136 137 28 116 
Maquina 6 : 143 112 118 182 44 83 80 124 38 170 110 3 129 89 128 126 184 39 115 134 117 107 175 171 26 96 11 183 72 70 46 57 113 
