Instance filename: ./instances/200jobs/instanceLarge1156_m=8_n=200_l=40_c=20_s=0.PMTC
Min temperature: 0.1
Max temperature: 0.5
Melhor Solução: 2681
Temp div: 16
MCL: 400
PTL: 75000
Elapsed time was: 753955
Maquina 1 : 93 60 195 194 80 30 168 193 149 54 68 74 64 28 147 126 107 82 2 119 33 23 46 112 
Maquina 2 : 131 25 124 197 18 45 103 31 4 154 96 83 67 39 12 91 78 53 99 55 89 70 190 191 150 
Maquina 3 : 140 20 141 7 158 113 8 109 69 71 133 120 34 139 162 118 183 115 17 172 106 136 105 15 37 90 
Maquina 4 : 159 49 58 125 84 144 104 32 178 98 155 52 22 123 10 108 76 148 27 153 85 62 88 196 40 187 
Maquina 5 : 65 173 35 48 192 117 100 184 151 132 87 42 122 41 1 171 135 97 160 176 130 16 79 81 
Maquina 6 : 142 182 14 137 164 11 143 134 170 156 177 128 5 163 161 167 121 189 6 86 57 199 102 
Maquina 7 : 94 145 181 24 185 95 198 59 51 110 174 26 166 50 44 138 101 186 188 127 75 157 129 114 73 66 72 
Maquina 8 : 0 111 180 165 19 3 38 92 77 146 43 116 13 61 36 152 63 29 9 21 175 47 56 169 179 
