Instance filename: ./instances/200jobs/instanceLarge846_m=6_n=200_l=30_c=10_s=2.PMTC
Min temperature: 0.1
Max temperature: 0.5
Melhor Solução: 1070
Temp div: 16
MCL: 400
PTL: 75000
Elapsed time was: 840200
Maquina 1 : 121 156 173 2 75 3 126 119 154 111 15 161 134 157 31 67 18 1 103 136 197 96 39 60 182 105 65 29 72 35 124 89 101 66 
Maquina 2 : 176 144 27 57 114 58 120 127 55 90 146 181 28 189 76 99 188 62 36 87 94 24 142 110 107 141 137 49 139 70 
Maquina 3 : 116 191 11 113 168 171 7 97 158 5 93 148 68 125 40 78 83 86 167 184 12 32 131 172 109 174 100 10 33 117 54 132 88 50 149 16 169 
Maquina 4 : 42 52 51 44 59 98 21 140 180 123 145 79 112 81 69 4 17 170 122 151 152 82 14 165 186 80 178 166 45 38 8 95 92 115 104 
Maquina 5 : 26 135 102 13 150 25 118 164 23 138 22 41 128 187 74 0 155 84 193 196 175 185 56 48 153 34 177 20 159 106 183 194 147 53 
Maquina 6 : 133 9 19 71 198 91 77 47 190 130 108 6 195 30 63 73 179 64 129 46 85 192 61 143 199 162 160 163 37 43 
