Instance filename: ./instances/200jobs/instanceLarge983_m=7_n=200_l=30_c=10_s=1.PMTC
Min temperature: 0.1
Max temperature: 0.5
Melhor Solução: 2871
Temp div: 16
MCL: 400
PTL: 75000
Elapsed time was: 432756
Maquina 1 : 19 132 25 153 141 97 117 105 185 29 9 113 75 122 137 84 5 34 112 83 146 48 182 94 177 73 36 188 140 172 
Maquina 2 : 17 115 159 67 120 57 160 165 134 28 63 147 174 187 39 149 88 183 116 164 175 152 85 139 46 104 107 
Maquina 3 : 158 136 70 89 68 199 74 42 171 71 186 86 148 20 156 59 65 55 49 62 33 47 155 18 15 72 100 118 157 
Maquina 4 : 198 8 108 14 22 195 150 143 45 166 16 66 41 35 50 95 10 119 38 178 77 44 30 90 130 125 3 192 4 
Maquina 5 : 93 163 24 191 194 92 169 102 103 179 127 124 138 114 180 31 37 13 193 98 167 40 135 64 142 60 109 82 133 128 76 
Maquina 6 : 91 162 154 11 151 51 145 27 12 7 129 23 173 43 184 196 197 101 26 54 99 81 189 61 176 126 
Maquina 7 : 168 32 181 53 58 96 21 69 87 111 123 131 80 78 144 121 0 6 110 52 106 2 1 161 190 170 79 56 
