Instance filename: ./instances/200jobs/instanceLarge1433_m=10_n=200_l=40_c=30_s=1.PMTC
Min temperature: 0.1
Max temperature: 0.5
Melhor Solução: 3273
Temp div: 16
MCL: 400
PTL: 75000
Elapsed time was: 900552
Maquina 1 : 151 109 14 18 197 178 131 160 57 45 117 115 62 163 78 79 43 192 184 80 82 53 36 
Maquina 2 : 91 161 55 166 81 152 26 104 47 121 40 143 39 16 187 24 97 61 30 195 23 11 
Maquina 3 : 0 137 4 156 148 8 120 136 29 175 51 141 22 173 48 126 67 170 
Maquina 4 : 123 65 164 101 25 71 32 107 34 73 113 149 96 86 145 118 60 119 144 105 
Maquina 5 : 138 59 140 28 10 89 99 142 46 20 127 70 132 77 167 125 3 180 128 150 
Maquina 6 : 129 92 186 74 72 147 44 169 188 133 63 190 130 191 114 52 183 88 100 35 
Maquina 7 : 75 9 64 49 172 90 13 66 194 135 54 15 108 159 87 155 162 50 95 174 
Maquina 8 : 139 153 1 93 2 98 181 196 12 157 146 31 21 19 41 85 17 
Maquina 9 : 185 198 38 33 58 134 179 68 94 111 27 5 112 103 102 168 182 122 171 37 176 
Maquina 10 : 76 189 69 193 110 6 158 165 56 42 106 177 84 199 7 116 83 124 154 
