Instance filename: ./instances/200jobs/instanceLarge902_m=6_n=200_l=40_c=20_s=1.PMTC
Min temperature: 0.1
Max temperature: 0.5
Melhor Solução: 4079
Temp div: 16
MCL: 400
PTL: 75000
Elapsed time was: 661762
Maquina 1 : 77 66 36 35 116 65 69 138 18 178 199 74 16 84 150 106 10 73 135 197 144 120 114 125 147 55 166 103 158 165 60 68 
Maquina 2 : 121 153 113 14 131 159 76 188 133 198 4 146 104 186 45 19 52 99 155 142 95 21 92 75 164 42 176 112 40 61 
Maquina 3 : 124 148 3 110 38 80 170 83 85 126 107 41 132 48 30 31 128 62 177 173 180 64 59 63 105 70 89 1 115 39 134 94 117 175 97 
Maquina 4 : 37 20 23 130 53 108 143 145 139 174 161 56 162 78 168 127 27 183 50 90 29 98 191 96 71 171 11 26 72 87 57 184 32 122 28 185 
Maquina 5 : 152 93 88 169 46 192 136 79 17 118 44 149 182 141 15 43 102 81 100 181 33 172 13 24 6 195 49 129 7 54 
Maquina 6 : 25 151 101 47 187 123 58 12 8 109 5 2 34 154 196 167 156 163 189 119 179 86 137 9 157 51 160 22 82 91 67 111 194 140 190 0 193 
