Instance filename: ./instances/200jobs/instanceLarge1384_m=10_n=200_l=40_c=20_s=0.PMTC
Min temperature: 0.1
Max temperature: 0.5
Melhor Solução: 774
Temp div: 16
MCL: 400
PTL: 75000
Elapsed time was: 773200
Maquina 1 : 94 16 64 155 135 0 53 191 95 184 24 4 30 190 103 3 160 59 72 12 75 41 
Maquina 2 : 15 116 181 39 80 152 182 65 178 194 186 66 157 71 142 77 167 192 163 58 19 89 62 
Maquina 3 : 81 113 127 158 104 172 141 119 123 92 74 33 48 26 107 195 189 35 57 
Maquina 4 : 37 165 97 131 139 9 63 50 61 17 185 156 149 82 114 121 136 5 144 
Maquina 5 : 40 198 122 108 67 85 138 73 126 140 32 180 36 193 52 8 25 51 120 148 28 
Maquina 6 : 56 1 183 14 112 46 196 162 130 100 42 115 132 43 169 29 84 69 
Maquina 7 : 168 22 177 49 143 110 60 45 137 96 188 187 55 106 134 129 
Maquina 8 : 21 54 83 88 164 147 102 171 44 118 170 2 166 47 145 175 124 70 6 68 173 
Maquina 9 : 10 27 79 146 31 199 90 151 13 133 7 11 78 87 159 176 128 154 105 93 150 109 
Maquina 10 : 34 161 76 179 197 111 99 98 86 23 125 91 38 174 153 18 20 117 101 
