Instance filename: ./instances/200jobs/instanceLarge1363_m=10_n=200_l=30_c=20_s=0.PMTC
Min temperature: 0.1
Max temperature: 0.5
Melhor Solução: 1105
Temp div: 16
MCL: 400
PTL: 75000
Elapsed time was: 930056
Maquina 1 : 13 14 116 119 11 58 47 164 30 41 158 88 40 160 121 124 67 50 45 29 145 
Maquina 2 : 125 49 75 128 146 191 12 92 85 31 169 84 196 190 55 129 111 156 192 52 
Maquina 3 : 159 185 48 177 144 187 21 39 174 93 106 82 154 18 100 89 173 178 72 152 
Maquina 4 : 6 195 73 130 7 143 71 126 16 107 24 78 97 120 123 134 81 46 199 1 
Maquina 5 : 176 63 38 43 94 161 118 86 193 91 42 151 53 4 162 184 64 28 20 27 
Maquina 6 : 77 102 172 148 9 0 166 112 17 188 99 74 87 141 68 170 25 155 
Maquina 7 : 101 189 181 135 32 65 37 137 194 108 2 15 105 182 117 163 149 175 136 8 147 
Maquina 8 : 167 23 153 19 157 83 33 127 183 165 54 34 122 51 114 35 96 57 98 
Maquina 9 : 133 80 104 26 90 70 138 36 61 142 168 5 10 132 197 131 150 140 115 139 3 
Maquina 10 : 180 110 179 62 198 109 56 59 76 113 66 79 103 44 22 186 60 171 69 95 
