Instance filename: ./instances/200jobs/instanceLarge1382_m=10_n=200_l=40_c=20_s=1.PMTC
Min temperature: 0.1
Max temperature: 0.5
Melhor Solução: 2521
Temp div: 16
MCL: 400
PTL: 75000
Elapsed time was: 1211881
Maquina 1 : 120 112 40 166 170 2 118 171 185 164 44 129 121 149 83 82 95 156 16 41 133 64 
Maquina 2 : 155 3 30 191 103 38 51 18 91 174 153 117 20 187 55 188 134 15 75 39 181 
Maquina 3 : 159 4 80 160 69 186 66 194 152 5 192 142 124 184 47 154 161 109 34 150 
Maquina 4 : 63 169 61 132 17 175 114 86 111 98 196 197 99 179 157 71 90 195 
Maquina 5 : 110 148 28 67 143 122 50 92 102 158 65 141 127 78 11 113 93 81 9 59 
Maquina 6 : 72 145 190 24 12 52 8 87 178 25 140 138 73 94 108 10 1 
Maquina 7 : 173 68 6 136 70 177 23 46 182 115 183 29 168 84 43 22 14 162 101 165 57 107 
Maquina 8 : 62 176 130 137 105 128 60 49 172 45 89 139 54 19 96 76 97 116 32 135 37 131 
Maquina 9 : 53 125 35 189 26 74 193 48 88 21 36 147 180 33 167 77 123 58 
Maquina 10 : 199 119 163 79 144 0 27 198 31 146 106 151 7 13 85 126 56 104 100 42 
