Instance filename: ./instances/200jobs/instanceLarge878_m=6_n=200_l=30_c=20_s=1.PMTC
Min temperature: 0.1
Max temperature: 0.5
Melhor Solução: 4201
Temp div: 16
MCL: 400
PTL: 75000
Elapsed time was: 657224
Maquina 1 : 171 85 25 18 63 139 88 114 107 178 58 185 87 23 19 32 79 113 76 77 106 11 29 21 80 102 93 161 86 16 191 8 96 1 148 184 173 
Maquina 2 : 146 74 56 198 90 158 164 168 145 43 9 123 193 162 70 160 92 134 140 150 31 75 100 83 196 174 27 163 17 
Maquina 3 : 110 157 176 41 151 111 124 108 121 62 69 78 136 47 95 120 35 142 153 112 6 59 133 65 15 199 5 122 177 40 
Maquina 4 : 48 194 30 170 33 89 137 94 152 12 28 7 4 67 109 64 192 37 38 3 147 144 189 179 155 66 130 154 82 103 72 127 52 
Maquina 5 : 138 188 91 24 101 104 187 0 128 186 172 115 181 98 105 20 97 197 45 61 175 126 131 10 68 129 71 166 169 159 22 53 156 118 116 
Maquina 6 : 34 49 50 143 132 125 81 183 73 141 2 99 182 57 51 119 167 117 190 26 46 42 180 135 39 60 84 44 54 36 13 14 149 165 195 55 
