Instance filename: ./instances/200jobs/instanceLarge1060_m=7_n=200_l=40_c=30_s=0.PMTC
Min temperature: 0.1
Max temperature: 0.5
Melhor Solução: 2989
Temp div: 16
MCL: 400
PTL: 75000
Elapsed time was: 590462
Maquina 1 : 40 197 174 188 90 69 130 89 100 42 46 136 94 78 110 87 107 75 122 48 128 112 20 65 32 92 76 
Maquina 2 : 185 4 63 6 192 35 56 114 2 196 72 19 15 118 27 169 36 154 53 61 119 74 79 177 183 161 187 
Maquina 3 : 10 45 21 105 28 60 184 186 152 3 150 180 193 39 149 143 131 30 102 129 38 23 194 50 138 190 164 8 99 12 1 178 
Maquina 4 : 73 18 5 54 98 37 124 121 181 34 156 109 160 68 168 141 26 14 25 83 151 140 101 13 80 77 7 113 103 
Maquina 5 : 86 155 162 159 108 104 144 57 16 116 182 172 31 64 95 147 166 145 62 142 163 67 49 115 11 96 
Maquina 6 : 126 175 153 133 157 33 85 66 17 71 139 134 82 59 148 52 97 179 125 117 29 9 91 132 146 70 88 106 135 81 
Maquina 7 : 120 173 158 167 51 24 123 199 198 22 171 191 47 165 111 0 127 58 176 195 137 41 93 170 55 44 189 84 43 
