Instance filename: ./instances/200jobs/instanceLarge1182_m=8_n=200_l=40_c=30_s=2.PMTC
Min temperature: 0.1
Max temperature: 0.5
Melhor Solução: 853
Temp div: 16
MCL: 400
PTL: 75000
Elapsed time was: 600380
Maquina 1 : 146 108 31 29 86 163 165 136 99 101 169 67 115 53 11 120 192 154 194 166 79 133 184 127 109 96 190 153 174 162 
Maquina 2 : 69 54 63 55 61 23 7 175 92 141 167 140 117 10 33 186 16 87 139 66 60 24 32 42 137 182 3 
Maquina 3 : 110 28 4 21 38 142 25 124 94 185 150 145 170 138 157 88 49 44 143 178 97 197 112 46 151 52 103 147 
Maquina 4 : 114 134 71 5 191 51 40 18 26 195 78 113 75 180 148 13 176 105 104 76 125 
Maquina 5 : 129 132 158 36 43 152 135 116 188 30 172 72 19 155 111 130 1 47 9 161 77 187 
Maquina 6 : 56 198 14 123 128 189 15 107 159 85 73 168 80 8 39 6 193 34 58 81 121 106 122 0 118 
Maquina 7 : 183 131 57 12 64 95 59 179 144 48 2 93 22 196 199 45 37 177 74 126 149 100 
Maquina 8 : 17 50 160 91 27 164 83 89 181 90 156 84 35 62 98 173 65 68 171 82 102 70 41 119 20 
