Instance filename: ./instances/200jobs/instanceLarge1015_m=7_n=200_l=30_c=20_s=0.PMTC
Min temperature: 0.1
Max temperature: 0.5
Melhor Solução: 1569
Temp div: 16
MCL: 400
PTL: 75000
Elapsed time was: 785518
Maquina 1 : 149 109 4 145 25 137 163 94 62 33 153 178 18 181 101 126 105 168 64 194 129 159 88 48 154 79 135 
Maquina 2 : 166 189 176 199 119 187 58 10 66 144 74 131 134 146 68 47 130 53 12 138 27 193 196 179 86 71 17 59 
Maquina 3 : 161 104 195 183 97 35 190 28 169 197 177 31 127 19 21 100 170 69 23 82 112 24 76 5 148 110 6 172 81 
Maquina 4 : 188 0 173 22 63 42 43 175 91 185 95 15 87 26 103 67 89 118 85 113 2 98 55 171 84 165 30 
Maquina 5 : 73 8 52 83 11 45 152 141 111 3 140 133 180 38 20 123 92 99 51 125 157 36 56 191 61 186 32 96 46 
Maquina 6 : 115 116 198 164 93 182 108 142 121 132 143 49 75 57 50 9 1 77 117 136 41 114 54 39 90 192 139 122 128 78 106 80 147 
Maquina 7 : 150 174 156 13 107 102 29 160 151 16 155 124 65 60 37 184 70 162 44 14 40 7 72 167 34 120 158 
