Instance filename: ./instances/200jobs/instanceLarge898_m=6_n=200_l=30_c=20_s=0.PMTC
Min temperature: 0.1
Max temperature: 0.5
Melhor Solução: 2451
Temp div: 16
MCL: 400
PTL: 75000
Elapsed time was: 429872
Maquina 1 : 120 47 35 92 95 117 171 43 85 18 63 139 114 10 190 152 12 88 118 33 57 141 31 103 199 72 65 15 122 5 48 137 
Maquina 2 : 157 110 176 41 151 111 124 17 163 27 77 128 115 186 181 109 64 67 28 192 59 6 112 39 142 153 60 40 100 188 138 4 91 52 
Maquina 3 : 34 154 143 179 130 155 3 38 182 131 126 22 68 175 37 75 134 173 146 74 56 198 150 90 51 160 162 191 193 123 89 116 16 168 
Maquina 4 : 104 187 0 189 61 102 144 148 24 2 99 119 147 13 32 19 7 87 185 58 11 178 21 29 93 86 8 161 113 107 30 80 194 
Maquina 5 : 170 79 83 196 127 53 132 81 125 183 73 20 106 45 197 97 164 158 172 50 167 49 136 69 23 62 78 108 94 9 121 156 159 
Maquina 6 : 166 169 129 71 101 105 165 149 25 54 36 44 84 14 145 66 82 133 98 76 70 180 46 135 42 26 174 96 140 1 184 177 195 55 
