Instance filename: ./instances/200jobs/instanceLarge1366_m=10_n=200_l=30_c=20_s=0.PMTC
Min temperature: 0.1
Max temperature: 0.5
Melhor Solução: 2027
Temp div: 16
MCL: 400
PTL: 75000
Elapsed time was: 509102
Maquina 1 : 165 54 183 97 62 120 123 134 127 109 28 76 9 22 186 103 44 2 41 
Maquina 2 : 88 40 51 137 37 32 135 102 172 77 27 178 21 187 144 154 82 106 12 38 60 146 191 85 
Maquina 3 : 86 128 75 184 64 194 65 114 46 199 124 129 55 111 110 185 48 118 177 169 176 192 52 89 
Maquina 4 : 173 93 174 99 159 16 107 78 24 148 91 195 73 130 7 90 143 126 
Maquina 5 : 71 25 101 108 189 79 155 100 18 180 72 170 68 87 74 10 95 171 
Maquina 6 : 158 94 161 69 193 157 19 153 83 33 179 63 140 35 50 96 57 98 133 
Maquina 7 : 80 26 104 92 84 125 49 196 142 188 112 166 152 145 0 59 17 43 66 56 190 
Maquina 8 : 113 141 31 1 197 160 115 3 139 20 29 119 70 138 36 61 168 132 
Maquina 9 : 5 121 131 34 175 136 8 147 23 116 81 167 67 45 122 14 13 
Maquina 10 : 4 53 42 162 156 151 181 11 30 47 164 58 39 182 117 163 149 198 150 105 6 15 
