Instance filename: ./instances/200jobs/instanceLarge865_m=6_n=200_l=30_c=10_s=0.PMTC
Min temperature: 0.1
Max temperature: 0.5
Melhor Solução: 1950
Temp div: 16
MCL: 400
PTL: 75000
Elapsed time was: 941765
Maquina 1 : 4 69 5 93 123 84 145 112 149 17 81 139 193 158 125 183 175 25 102 70 122 177 35 152 20 159 151 56 194 164 13 91 75 47 14 
Maquina 2 : 186 8 190 38 178 72 90 113 108 195 31 168 171 191 7 97 95 140 61 141 110 24 107 137 180 6 23 138 30 46 
Maquina 3 : 170 96 48 185 119 196 165 111 65 60 105 197 39 15 87 161 67 34 80 166 18 136 157 182 150 103 1 45 73 88 16 50 132 134 10 
Maquina 4 : 44 42 153 22 41 160 124 128 169 85 192 143 33 54 101 106 133 53 117 63 64 9 76 181 179 198 49 187 71 19 74 129 21 
Maquina 5 : 156 77 98 121 51 167 154 40 32 184 172 109 174 131 82 146 100 28 118 189 43 148 176 142 116 11 83 12 78 37 135 68 163 
Maquina 6 : 79 26 104 92 115 94 0 52 62 55 127 36 99 188 147 120 86 114 57 27 144 66 155 130 59 3 126 199 89 58 162 173 2 29 
