Instance filename: ./instances/200jobs/instanceLarge1261_m=9_n=200_l=40_c=20_s=0.PMTC
Min temperature: 0.1
Max temperature: 0.5
Melhor Solução: 1570
Temp div: 16
MCL: 400
PTL: 75000
Elapsed time was: 492961
Maquina 1 : 102 183 90 8 117 57 131 54 100 7 163 99 171 164 116 137 179 81 124 87 123 127 175 50 
Maquina 2 : 167 63 34 44 2 132 19 133 6 148 197 60 180 86 26 69 170 55 56 106 75 174 185 
Maquina 3 : 42 121 108 176 193 61 150 156 141 20 111 93 144 73 181 12 184 119 79 35 11 195 10 
Maquina 4 : 27 165 189 76 190 158 113 51 53 178 89 172 118 9 153 62 177 187 
Maquina 5 : 24 145 159 21 38 196 25 70 88 143 135 134 97 173 71 59 129 109 152 83 162 
Maquina 6 : 22 0 191 112 95 64 37 182 84 1 96 122 157 77 140 192 103 198 110 
Maquina 7 : 91 31 114 85 101 105 147 48 151 194 155 199 67 149 98 52 78 136 188 74 43 104 115 
Maquina 8 : 68 49 28 94 169 39 14 107 23 125 166 47 17 142 33 46 58 5 186 13 3 16 66 120 45 80 128 168 
Maquina 9 : 41 30 146 161 82 138 130 139 40 72 154 126 92 4 29 160 65 18 15 36 32 
