Instance filename: ./instances/200jobs/instanceLarge1166_m=8_n=200_l=40_c=20_s=1.PMTC
Min temperature: 0.1
Max temperature: 0.5
Melhor Solução: 3246
Temp div: 16
MCL: 400
PTL: 75000
Elapsed time was: 1232699
Maquina 1 : 193 85 70 190 150 88 147 64 41 47 49 87 132 82 182 151 105 42 81 142 1 137 148 108 184 32 110 123 
Maquina 2 : 98 22 155 196 52 38 160 92 3 180 77 107 117 23 28 165 71 120 172 74 24 119 143 134 72 94 181 170 145 
Maquina 3 : 102 199 43 141 34 116 191 55 10 166 106 66 114 138 89 17 174 139 115 183 118 162 
Maquina 4 : 121 171 86 124 14 189 58 69 112 90 5 56 19 26 40 20 126 158 7 113 8 25 100 146 46 168 
Maquina 5 : 13 18 68 122 61 178 11 140 109 198 51 59 95 161 128 125 167 9 99 152 131 21 
Maquina 6 : 36 179 27 136 169 65 153 30 173 133 129 83 53 197 12 130 176 175 187 6 156 2 4 16 177 31 
Maquina 7 : 50 154 127 185 103 135 97 84 144 96 0 45 57 164 188 76 15 159 37 104 79 194 157 60 93 195 
Maquina 8 : 29 63 33 186 75 101 111 163 39 73 80 149 54 78 91 192 62 44 67 48 35 
