Instance filename: ./instances/200jobs/instanceLarge975_m=7_n=200_l=30_c=10_s=2.PMTC
Min temperature: 0.1
Max temperature: 0.5
Melhor Solução: 913
Temp div: 16
MCL: 400
PTL: 75000
Elapsed time was: 780993
Maquina 1 : 36 172 140 182 188 73 94 44 48 151 23 153 25 3 141 192 97 19 117 93 121 158 18 107 139 46 
Maquina 2 : 85 105 152 164 175 104 134 57 159 120 111 165 54 78 167 17 2 6 0 144 52 106 84 161 138 187 21 128 15 72 91 178 119 154 190 38 
Maquina 3 : 10 50 11 37 9 22 31 180 82 136 13 193 80 131 87 123 69 76 79 163 101 26 67 191 53 
Maquina 4 : 181 24 32 99 81 189 168 68 61 176 96 58 77 115 185 118 198 45 14 108 195 143 150 56 145 66 
Maquina 5 : 177 129 29 7 27 12 199 169 39 183 88 149 116 174 147 63 160 28 86 148 20 186 71 74 42 70 171 
Maquina 6 : 89 162 51 114 8 4 41 35 166 92 95 16 127 124 1 98 102 156 126 47 33 155 55 62 59 49 65 100 157 
Maquina 7 : 133 194 30 125 130 90 146 179 103 110 34 83 5 112 75 113 122 137 60 142 109 135 40 43 64 170 132 173 184 197 196 
