Instance filename: ./instances/200jobs/instanceLarge1260_m=9_n=200_l=30_c=20_s=2.PMTC
Min temperature: 0.1
Max temperature: 0.5
Melhor Solução: 711
Temp div: 16
MCL: 400
PTL: 75000
Elapsed time was: 369718
Maquina 1 : 61 129 2 4 17 66 47 101 38 41 43 110 26 165 96 171 166 85 62 186 182 181 84 
Maquina 2 : 123 179 40 67 175 71 136 30 145 9 168 90 114 142 8 178 15 193 116 153 104 
Maquina 3 : 21 51 11 13 108 138 174 55 72 119 100 121 79 69 148 122 78 42 12 128 56 34 191 54 57 
Maquina 4 : 152 45 176 74 70 134 164 127 58 139 33 97 131 3 162 98 64 25 189 125 18 
Maquina 5 : 73 115 29 49 27 161 87 154 196 1 59 31 184 151 23 80 112 94 185 126 10 48 
Maquina 6 : 16 88 144 37 76 160 147 105 36 83 141 163 156 143 19 5 135 60 183 82 169 
Maquina 7 : 199 44 24 113 20 53 7 149 93 75 133 192 124 92 95 195 99 187 194 188 28 68 39 22 117 50 
Maquina 8 : 118 172 107 46 106 14 77 177 86 190 89 180 111 197 170 157 158 52 103 32 91 140 120 
Maquina 9 : 63 0 146 6 109 65 137 173 130 159 35 81 155 102 132 150 167 198 
