Instance filename: ./instances/200jobs/instanceLarge1058_m=7_n=200_l=40_c=30_s=1.PMTC
Min temperature: 0.1
Max temperature: 0.5
Melhor Solução: 4916
Temp div: 16
MCL: 400
PTL: 75000
Elapsed time was: 538482
Maquina 1 : 28 132 165 30 102 117 29 9 91 146 71 17 85 66 156 109 145 63 138 15 180 90 6 4 192 10 35 16 166 33 94 
Maquina 2 : 163 142 0 127 162 183 161 160 187 34 27 126 169 123 144 25 14 41 195 176 96 11 49 78 110 151 168 
Maquina 3 : 26 141 68 155 44 170 86 40 53 157 36 61 8 74 43 84 79 119 89 130 69 3 150 186 184 60 
Maquina 4 : 131 137 22 18 188 56 158 65 175 20 112 48 128 122 50 190 88 129 178 194 23 118 103 114 177 12 99 24 167 
Maquina 5 : 51 55 154 97 32 106 152 52 82 59 148 62 111 171 164 139 13 76 185 21 45 73 1 105 134 133 153 174 140 
Maquina 6 : 83 101 80 77 70 113 42 7 124 37 98 54 5 199 197 198 193 143 39 149 179 100 58 135 136 46 87 81 107 75 93 173 120 
Maquina 7 : 19 72 196 92 2 67 57 104 116 182 172 31 64 38 95 147 189 125 115 181 121 159 108 191 47 
