Instance filename: ./instances/200jobs/instanceLarge1292_m=9_n=200_l=40_c=30_s=1.PMTC
Min temperature: 0.1
Max temperature: 0.5
Melhor Solução: 3724
Temp div: 16
MCL: 400
PTL: 75000
Elapsed time was: 736748
Maquina 1 : 71 130 177 112 18 146 153 134 151 43 186 115 106 81 52 61 183 94 119 169 128 172 10 138 
Maquina 2 : 63 184 105 77 188 197 152 40 165 9 101 46 163 196 14 22 118 159 35 87 141 34 193 
Maquina 3 : 36 179 173 96 198 53 76 54 12 122 166 23 161 116 16 135 39 148 57 42 75 26 
Maquina 4 : 168 15 27 93 120 74 73 182 154 157 4 68 100 58 86 33 11 155 65 92 28 25 
Maquina 5 : 192 156 47 38 127 129 108 31 199 3 55 82 30 171 150 78 5 117 140 111 60 32 
Maquina 6 : 139 125 114 29 149 109 175 88 70 143 1 45 99 90 91 59 85 41 121 19 
Maquina 7 : 89 144 142 51 37 67 191 190 170 180 80 50 83 84 13 113 160 189 132 95 79 167 
Maquina 8 : 21 66 62 24 69 17 107 147 187 131 2 0 124 48 6 174 7 185 178 72 126 20 195 
Maquina 9 : 49 56 176 133 123 162 102 158 136 44 110 181 98 137 97 145 64 104 194 8 103 164 
