Instance filename: ./instances/200jobs/instanceLarge1334_m=10_n=200_l=30_c=10_s=1.PMTC
Min temperature: 0.1
Max temperature: 0.5
Melhor Solução: 1989
Temp div: 16
MCL: 400
PTL: 75000
Elapsed time was: 416477
Maquina 1 : 118 92 90 152 150 72 163 174 70 14 87 164 55 140 24 172 195 109 149 
Maquina 2 : 113 145 67 142 178 156 1 8 119 111 65 110 115 129 100 
Maquina 3 : 181 93 4 192 30 112 199 22 5 133 122 97 170 52 130 120 104 159 80 167 
Maquina 4 : 9 191 123 99 71 61 11 168 49 15 26 40 190 117 176 69 47 81 194 103 42 193 12 60 28 198 48 
Maquina 5 : 13 98 44 138 148 144 16 51 32 27 101 116 68 173 196 57 66 
Maquina 6 : 74 185 182 132 197 188 121 157 177 107 76 85 31 94 179 161 128 63 79 37 186 189 
Maquina 7 : 183 50 53 153 73 155 124 7 82 134 59 36 17 86 56 18 43 106 20 143 147 23 
Maquina 8 : 46 6 102 95 3 171 41 135 141 35 62 84 151 160 58 34 75 45 154 
Maquina 9 : 10 146 19 158 64 88 180 25 89 108 21 169 77 39 166 91 54 137 105 83 
Maquina 10 : 165 184 33 38 78 125 127 0 126 29 162 131 2 175 139 136 96 114 187 
