Instance filename: ./instances/200jobs/instanceLarge1137_m=8_n=200_l=30_c=20_s=2.PMTC
Min temperature: 0.1
Max temperature: 0.5
Melhor Solução: 794
Temp div: 16
MCL: 400
PTL: 75000
Elapsed time was: 1063562
Maquina 1 : 123 76 13 168 135 24 51 7 187 159 134 183 37 179 14 49 42 71 45 116 155 44 2 
Maquina 2 : 129 113 33 77 148 125 89 142 173 143 111 146 176 107 161 175 199 128 121 85 105 181 132 19 61 96 
Maquina 3 : 188 126 5 15 141 106 147 75 9 127 145 197 34 48 152 153 120 95 29 170 87 154 68 
Maquina 4 : 133 60 67 81 160 12 119 55 73 108 184 112 90 8 65 46 104 92 192 164 150 38 
Maquina 5 : 50 191 52 31 20 157 98 54 156 53 6 62 114 186 101 136 163 169 99 102 26 94 149 18 3 23 40 166 84 137 11 100 
Maquina 6 : 177 115 27 0 151 56 36 64 162 16 63 82 185 28 130 41 172 167 118 138 144 30 70 110 131 69 25 
Maquina 7 : 171 66 74 47 174 195 140 122 35 58 103 39 1 194 189 124 193 59 139 78 57 17 
Maquina 8 : 83 32 43 182 158 22 86 178 80 190 109 180 4 196 198 91 21 72 10 88 93 117 79 165 97 
