Instance filename: ./instances/200jobs/instanceLarge1186_m=8_n=200_l=40_c=30_s=0.PMTC
Min temperature: 0.1
Max temperature: 0.5
Melhor Solução: 3353
Temp div: 16
MCL: 400
PTL: 75000
Elapsed time was: 358248
Maquina 1 : 54 109 166 29 81 34 121 131 183 118 152 99 136 165 46 47 1 130 111 9 63 77 106 0 
Maquina 2 : 112 86 18 174 124 128 123 14 66 122 161 57 198 24 26 195 78 113 94 21 137 180 8 32 42 30 
Maquina 3 : 172 40 60 103 147 82 114 189 52 59 179 144 48 2 22 93 120 53 11 115 67 169 4 83 39 6 
Maquina 4 : 193 140 167 117 148 13 176 36 43 92 62 141 175 135 132 143 171 158 182 72 19 56 155 191 
Maquina 5 : 125 25 129 154 192 187 150 185 145 170 157 88 49 138 44 96 127 133 79 162 31 190 194 142 69 177 
Maquina 6 : 134 71 5 68 119 116 163 73 168 85 15 107 159 184 61 23 186 16 87 139 102 28 110 38 197 
Maquina 7 : 97 178 45 70 37 51 84 156 90 35 58 89 164 181 27 91 160 108 12 64 95 50 101 33 10 3 75 
Maquina 8 : 199 196 188 151 104 76 80 7 105 65 173 98 41 55 153 100 126 149 17 74 146 20 
