Instance filename: ./instances/200jobs/instanceLarge905_m=6_n=200_l=40_c=20_s=1.PMTC
Min temperature: 0.1
Max temperature: 0.5
Melhor Solução: 3957
Temp div: 16
MCL: 400
PTL: 75000
Elapsed time was: 1130812
Maquina 1 : 178 74 18 138 99 36 199 66 35 147 174 116 44 31 143 137 6 173 30 195 1 49 24 42 81 127 43 133 169 148 90 
Maquina 2 : 29 171 191 71 96 11 26 20 184 175 94 117 39 126 115 134 89 70 105 63 14 46 177 97 77 180 59 135 125 114 
Maquina 3 : 34 28 102 5 152 2 179 119 156 167 196 154 86 92 189 93 163 145 164 161 98 139 88 168 78 176 62 37 56 57 144 25 87 108 76 85 130 159 188 
Maquina 4 : 166 53 91 67 132 7 73 48 9 111 84 150 140 194 10 95 58 40 54 197 61 141 198 13 4 107 146 186 45 104 33 21 
Maquina 5 : 131 100 192 155 142 120 52 16 19 75 64 55 118 110 79 41 17 103 149 128 136 185 162 32 157 122 50 80 38 172 83 170 124 160 129 65 69 15 
Maquina 6 : 3 27 181 106 183 72 190 193 22 0 82 51 151 8 23 47 187 101 112 123 12 109 113 182 60 153 68 121 158 165 
