Instance filename: ./instances/200jobs/instanceLarge953_m=6_n=200_l=40_c=30_s=1.PMTC
Min temperature: 0.1
Max temperature: 0.5
Melhor Solução: 5696
Temp div: 16
MCL: 400
PTL: 75000
Elapsed time was: 911151
Maquina 1 : 103 196 157 102 25 107 32 16 152 92 180 187 72 147 169 175 190 127 139 36 172 95 0 134 6 149 185 197 75 21 
Maquina 2 : 164 159 41 143 73 167 176 181 122 108 111 177 58 10 87 38 78 8 62 3 199 162 64 18 170 65 119 15 126 43 154 35 
Maquina 3 : 120 151 178 23 97 79 9 189 60 161 63 14 135 52 53 39 48 2 17 71 49 69 59 56 153 141 173 61 89 168 118 130 77 76 138 94 
Maquina 4 : 165 112 50 123 85 148 142 174 13 137 12 40 166 20 186 88 115 93 121 163 82 83 140 5 42 105 98 31 19 155 160 146 96 117 29 
Maquina 5 : 80 184 132 101 67 37 156 66 129 136 68 81 109 125 44 51 104 192 131 74 150 90 113 45 182 195 70 114 28 4 1 34 91 188 
Maquina 6 : 191 57 84 183 124 54 26 46 55 24 128 7 110 158 193 86 22 145 47 133 116 171 179 30 27 106 198 100 33 11 99 194 144 
