Instance filename: ./instances/200jobs/instanceLarge1297_m=9_n=200_l=40_c=30_s=0.PMTC
Min temperature: 0.1
Max temperature: 0.5
Melhor Solução: 974
Temp div: 16
MCL: 400
PTL: 75000
Elapsed time was: 1182285
Maquina 1 : 171 150 82 134 10 115 112 78 156 6 77 48 183 21 36 55 193 34 42 26 
Maquina 2 : 56 75 91 198 63 136 191 67 96 121 142 144 89 2 131 187 172 119 169 177 57 61 130 
Maquina 3 : 71 138 60 140 103 54 5 88 149 109 175 19 151 43 186 81 52 27 106 37 30 13 
Maquina 4 : 113 189 160 102 132 167 1 45 99 90 158 162 49 51 195 20 126 72 178 185 7 174 
Maquina 5 : 165 101 40 117 74 93 24 62 65 69 17 107 147 47 38 127 129 31 108 163 46 199 3 
Maquina 6 : 59 85 11 155 111 133 73 182 154 157 44 110 98 181 97 137 94 179 196 14 22 
Maquina 7 : 118 159 35 141 87 76 12 122 166 23 161 79 135 9 92 28 25 192 8 84 16 173 39 116 83 
Maquina 8 : 80 50 184 66 128 120 114 70 125 143 176 123 29 148 180 124 0 95 170 190 32 168 15 
Maquina 9 : 152 197 188 105 139 33 86 58 100 68 4 41 145 64 104 194 53 164 18 146 153 
