Instance filename: ./instances/200jobs/instanceLarge949_m=6_n=200_l=40_c=30_s=0.PMTC
Min temperature: 0.1
Max temperature: 0.5
Melhor Solução: 2931
Temp div: 16
MCL: 400
PTL: 75000
Elapsed time was: 928330
Maquina 1 : 105 140 179 42 119 166 40 88 80 184 132 59 69 153 141 173 168 89 175 7 110 158 118 130 111 186 123 93 163 83 82 
Maquina 2 : 5 98 31 19 102 157 182 44 49 71 17 1 84 57 191 188 34 91 162 61 199 25 107 32 16 152 195 92 53 39 48 52 
Maquina 3 : 124 54 26 23 97 78 8 62 87 67 38 55 46 24 128 121 76 138 94 66 161 159 60 189 9 79 72 178 120 149 68 81 109 
Maquina 4 : 125 47 145 22 86 193 144 194 99 11 33 100 198 106 30 116 192 131 74 150 90 113 77 156 135 14 2 180 169 187 181 136 155 196 137 147 13 
Maquina 5 : 12 165 50 63 112 167 51 129 37 134 104 148 183 103 3 64 18 170 65 142 85 174 126 15 43 35 154 117 96 29 146 160 171 101 4 
Maquina 6 : 28 114 6 45 164 197 21 75 185 27 0 95 172 70 36 151 139 127 190 20 56 115 41 143 73 176 122 133 108 177 10 58 
