Instance filename: ./instances/200jobs/instanceLarge1305_m=9_n=200_l=40_c=30_s=2.PMTC
Min temperature: 0.1
Max temperature: 0.5
Melhor Solução: 760
Temp div: 16
MCL: 400
PTL: 75000
Elapsed time was: 790771
Maquina 1 : 164 123 58 145 72 126 20 195 87 110 168 190 82 32 60 111 140 117 173 142 144 89 
Maquina 2 : 121 67 178 37 106 27 81 186 43 52 136 63 191 187 131 2 172 119 61 100 47 
Maquina 3 : 0 124 95 125 141 51 56 49 176 162 71 160 113 13 133 3 55 181 97 199 46 108 31 163 
Maquina 4 : 129 84 128 116 16 161 23 166 122 12 54 76 19 103 78 105 184 10 115 134 120 91 198 
Maquina 5 : 75 26 42 36 99 86 98 167 132 79 189 1 143 96 64 44 157 154 73 74 
Maquina 6 : 174 197 188 139 33 28 92 155 11 104 53 194 8 30 171 150 25 149 192 127 38 
Maquina 7 : 169 29 182 45 193 68 153 146 130 34 4 177 57 148 39 135 9 35 118 102 159 
Maquina 8 : 22 14 196 179 94 137 21 183 77 48 156 6 112 18 7 185 59 85 41 15 40 101 165 70 114 
Maquina 9 : 90 158 170 152 180 50 80 83 66 151 107 5 69 17 62 65 24 93 138 147 88 109 175 
