Instance filename: ./instances/200jobs/instanceLarge882_m=6_n=200_l=30_c=20_s=2.PMTC
Min temperature: 0.1
Max temperature: 0.5
Melhor Solução: 1089
Temp div: 16
MCL: 400
PTL: 75000
Elapsed time was: 803198
Maquina 1 : 44 138 22 161 93 86 188 67 0 61 144 80 102 63 130 3 52 127 72 54 103 181 186 11 174 83 196 170 28 40 91 24 53 2 99 50 154 
Maquina 2 : 143 100 183 30 64 194 150 35 120 90 160 199 49 136 78 69 13 171 95 18 88 139 114 107 58 87 113 60 79 32 189 19 7 177 152 38 148 
Maquina 3 : 128 1 96 8 140 173 12 184 23 33 57 141 31 198 118 74 27 146 56 65 84 14 182 147 119 51 155 36 109 195 92 117 106 125 73 81 105 
Maquina 4 : 104 168 43 116 34 156 167 159 62 121 108 124 94 111 151 41 176 110 157 17 137 48 5 122 15 16 192 59 39 6 112 
Maquina 5 : 97 142 75 153 197 45 37 185 68 175 126 179 131 10 169 129 71 101 165 149 178 21 29 77 162 191 193 123 166 9 
Maquina 6 : 145 163 66 25 82 132 26 42 134 190 46 4 158 70 20 164 98 180 133 135 115 76 47 187 85 172 89 55 
