Instance filename: ./instances/200jobs/instanceLarge1290_m=9_n=200_l=40_c=20_s=2.PMTC
Min temperature: 0.1
Max temperature: 0.5
Melhor Solução: 808
Temp div: 16
MCL: 400
PTL: 75000
Elapsed time was: 667548
Maquina 1 : 89 104 136 176 9 51 125 53 113 31 110 93 59 114 188 73 156 121 95 150 111 10 
Maquina 2 : 130 27 109 82 3 181 30 161 146 41 5 168 47 128 45 184 66 120 13 137 185 
Maquina 3 : 87 17 78 157 6 145 180 24 56 172 88 195 14 75 90 174 34 179 165 189 190 
Maquina 4 : 21 177 187 38 37 159 61 25 126 74 154 80 72 92 64 166 169 69 67 58 119 46 16 
Maquina 5 : 33 142 193 84 182 163 8 102 57 100 99 175 116 164 32 7 141 186 155 171 143 147 19 97 
Maquina 6 : 117 162 123 131 112 22 54 138 85 139 26 60 148 197 98 55 149 144 91 42 101 79 115 68 
Maquina 7 : 191 49 178 107 11 28 183 23 43 77 134 192 140 196 194 105 70 48 4 29 15 160 65 18 
Maquina 8 : 36 71 173 135 129 35 152 83 170 81 199 106 86 124 133 167 44 50 63 108 132 2 52 40 
Maquina 9 : 127 39 122 96 118 1 0 103 76 94 153 62 151 20 158 12 198 
