Instance filename: ./instances/200jobs/instanceLarge1435_m=10_n=200_l=40_c=30_s=0.PMTC
Min temperature: 0.1
Max temperature: 0.5
Melhor Solução: 1748
Temp div: 16
MCL: 400
PTL: 75000
Elapsed time was: 614115
Maquina 1 : 72 147 134 113 143 47 104 121 26 63 190 130 133 41 19 21 85 146 157 12 
Maquina 2 : 115 61 53 144 80 95 174 187 139 153 1 2 62 43 196 163 93 
Maquina 3 : 33 179 79 75 168 120 49 64 9 172 90 13 66 194 116 101 87 154 83 124 78 8 148 
Maquina 4 : 156 4 11 0 137 98 128 184 181 138 82 171 37 50 155 38 198 185 86 
Maquina 5 : 145 118 60 119 105 20 167 77 132 175 51 162 97 58 30 111 27 5 112 103 
Maquina 6 : 96 159 15 54 59 140 28 10 89 99 70 142 117 34 107 32 71 25 
Maquina 7 : 149 173 14 109 151 195 46 114 127 183 88 6 3 125 192 169 188 180 44 74 129 186 
Maquina 8 : 92 23 102 158 165 56 42 106 177 135 24 182 45 57 160 131 18 178 31 170 197 67 
Maquina 9 : 126 48 100 35 136 29 191 108 73 7 52 199 84 189 76 176 69 150 
Maquina 10 : 123 141 164 65 16 17 94 68 122 40 39 193 110 22 152 81 166 55 91 161 36 
