Instance filename: ./instances/200jobs/instanceLarge977_m=7_n=200_l=30_c=10_s=1.PMTC
Min temperature: 0.1
Max temperature: 0.5
Melhor Solução: 2976
Temp div: 16
MCL: 400
PTL: 75000
Elapsed time was: 555587
Maquina 1 : 48 94 44 188 77 182 73 35 114 124 138 128 72 21 118 100 148 20 49 74 65 55 33 59 47 62 126 155 
Maquina 2 : 176 61 81 189 99 191 68 168 186 70 87 123 69 82 142 183 76 79 101 91 196 197 173 184 43 170 156 
Maquina 3 : 161 1 40 6 0 106 144 2 57 165 17 159 120 115 140 80 172 36 111 78 131 98 64 109 60 63 147 135 28 95 
Maquina 4 : 187 97 174 175 107 164 46 85 139 42 151 18 104 24 112 113 5 137 75 15 122 9 121 53 149 66 84 19 13 193 
Maquina 5 : 31 180 133 11 152 103 102 179 30 125 90 130 146 110 34 83 166 16 127 194 178 154 38 32 190 181 37 119 
Maquina 6 : 86 58 96 10 45 50 143 22 56 150 163 195 41 108 198 171 92 157 8 67 4 162 158 136 89 93 192 
Maquina 7 : 3 141 25 153 117 23 185 26 71 54 52 167 29 177 105 14 160 132 199 27 129 7 12 145 51 169 88 134 39 116 
