Instance filename: ./instances/200jobs/instanceLarge1148_m=8_n=200_l=40_c=20_s=1.PMTC
Min temperature: 0.1
Max temperature: 0.5
Melhor Solução: 3292
Temp div: 16
MCL: 400
PTL: 75000
Elapsed time was: 849961
Maquina 1 : 178 68 46 131 98 10 155 52 22 123 160 41 1 149 81 142 108 55 151 9 124 138 103 128 167 161 51 59 
Maquina 2 : 137 14 11 182 13 61 152 115 158 111 165 77 169 43 145 198 95 129 185 170 28 119 
Maquina 3 : 154 18 31 4 177 23 156 171 25 33 69 2 82 107 147 15 84 76 136 194 144 133 139 176 196 
Maquina 4 : 183 94 153 85 26 24 116 148 99 19 89 193 32 88 135 87 122 16 42 64 60 134 47 189 141 130 93 
Maquina 5 : 195 30 80 146 27 35 21 3 180 125 191 179 56 36 29 40 187 65 197 63 91 157 127 175 188 173 
Maquina 6 : 162 83 181 121 50 44 17 163 20 164 78 66 73 75 101 186 118 39 34 168 57 96 0 
Maquina 7 : 86 38 72 143 92 199 45 5 58 112 70 104 49 90 159 97 37 132 105 79 53 12 
Maquina 8 : 192 110 67 184 100 117 48 140 126 190 7 6 113 109 8 150 114 102 120 71 74 172 54 62 166 106 174 
