Instance filename: ./instances/200jobs/instanceLarge1090_m=8_n=200_l=30_c=10_s=0.PMTC
Min temperature: 0.1
Max temperature: 0.5
Melhor Solução: 1325
Temp div: 16
MCL: 400
PTL: 75000
Elapsed time was: 379267
Maquina 1 : 123 138 177 98 86 166 136 117 39 27 104 106 172 189 121 196 47 198 48 94 25 29 60 
Maquina 2 : 59 176 80 73 120 149 20 38 81 37 175 15 111 14 13 103 148 70 173 93 32 129 171 72 3 128 118 
Maquina 3 : 180 101 187 97 194 134 155 95 100 11 34 78 109 132 52 197 33 157 23 50 107 169 
Maquina 4 : 154 110 57 142 61 116 174 126 44 135 40 16 66 159 170 51 195 165 192 105 114 130 63 186 
Maquina 5 : 19 7 31 127 183 84 163 158 35 89 178 90 18 145 146 30 53 96 64 113 179 144 85 143 112 77 
Maquina 6 : 83 137 65 54 152 55 22 74 190 167 188 161 75 185 17 147 42 56 76 102 12 24 8 141 115 91 46 
Maquina 7 : 191 58 79 68 41 119 49 139 125 156 26 122 2 182 184 181 88 4 62 140 43 9 108 124 45 87 5 
Maquina 8 : 1 162 160 6 150 133 99 151 71 10 21 193 69 82 67 164 168 0 131 153 199 28 92 36 
