Instance filename: ./instances/200jobs/instanceLarge1368_m=10_n=200_l=30_c=20_s=2.PMTC
Min temperature: 0.1
Max temperature: 0.5
Melhor Solução: 649
Temp div: 16
MCL: 400
PTL: 75000
Elapsed time was: 807308
Maquina 1 : 167 45 64 46 140 3 63 33 83 157 153 47 14 13 50 102 17 189 108 101 
Maquina 2 : 155 25 70 138 9 36 61 32 37 137 105 194 41 198 149 163 117 182 15 6 
Maquina 3 : 28 43 48 59 5 168 10 132 67 121 160 104 40 53 4 162 27 136 39 8 34 131 81 134 124 199 181 176 156 111 
Maquina 4 : 60 129 158 146 191 38 82 12 106 154 187 99 142 55 98 11 116 119 62 
Maquina 5 : 58 91 179 114 35 96 57 133 188 152 72 195 73 130 7 143 126 49 16 107 97 78 
Maquina 6 : 86 161 120 127 123 24 0 112 166 148 172 18 77 190 171 151 193 94 192 22 186 118 
Maquina 7 : 44 103 2 23 75 128 65 31 85 84 92 170 169 68 141 90 74 
Maquina 8 : 175 196 80 30 135 93 42 174 144 21 177 164 185 184 139 145 125 
Maquina 9 : 29 178 173 150 89 147 87 100 180 52 159 109 56 69 76 113 66 79 
Maquina 10 : 110 20 115 88 19 71 26 1 183 54 165 51 122 197 95 
