Instance filename: ./instances/200jobs/instanceLarge1304_m=9_n=200_l=40_c=30_s=1.PMTC
Min temperature: 0.1
Max temperature: 0.5
Melhor Solução: 3801
Temp div: 16
MCL: 400
PTL: 75000
Elapsed time was: 544107
Maquina 1 : 50 83 80 66 151 134 153 146 18 112 164 115 87 8 53 194 104 64 145 47 38 
Maquina 2 : 127 156 91 192 149 58 100 2 131 172 6 77 48 183 21 187 24 36 86 99 90 143 176 
Maquina 3 : 49 195 20 126 72 178 185 170 193 26 42 75 180 30 29 45 148 39 116 16 161 57 177 169 
Maquina 4 : 119 61 130 71 43 184 105 78 103 140 5 117 19 147 51 142 144 89 133 73 182 154 157 4 
Maquina 5 : 68 25 92 28 33 11 155 65 10 3 199 97 181 98 137 107 17 69 1 79 
Maquina 6 : 132 167 70 23 166 122 12 54 76 96 175 109 88 41 150 171 82 55 135 9 189 
Maquina 7 : 160 113 13 84 128 123 162 158 102 136 44 110 74 124 7 62 95 0 32 60 138 121 93 186 190 
Maquina 8 : 191 67 94 173 179 196 14 22 118 35 159 141 34 56 120 114 125 139 165 40 174 152 188 
Maquina 9 : 197 111 85 59 15 168 101 46 163 108 31 129 198 63 81 52 27 106 37 
