Instance filename: ./instances/200jobs/instanceLarge1358_m=10_n=200_l=30_c=20_s=1.PMTC
Min temperature: 0.1
Max temperature: 0.5
Melhor Solução: 2555
Temp div: 16
MCL: 400
PTL: 75000
Elapsed time was: 825953
Maquina 1 : 153 19 156 162 53 34 151 108 189 135 181 32 37 137 40 88 115 140 111 
Maquina 2 : 81 1 46 199 38 55 129 158 124 166 178 190 77 172 148 94 193 21 5 144 27 160 
Maquina 3 : 121 67 132 168 175 149 163 105 182 15 6 45 167 147 8 136 131 
Maquina 4 : 70 29 138 63 43 145 152 112 101 25 3 139 20 110 73 114 
Maquina 5 : 35 51 122 165 54 183 127 33 83 157 179 123 120 86 161 97 9 117 24 197 118 176 
Maquina 6 : 177 164 159 185 192 52 109 69 76 59 113 56 28 79 187 95 10 87 74 141 68 
Maquina 7 : 170 72 180 18 57 100 89 150 173 155 71 143 126 49 16 107 78 103 2 75 23 128 
Maquina 8 : 65 31 85 84 92 80 169 134 26 133 96 50 142 90 188 99 12 154 106 82 48 93 42 174 39 
Maquina 9 : 47 30 41 171 60 186 22 44 146 191 125 184 64 196 104 194 66 0 195 
Maquina 10 : 130 7 198 36 4 13 14 58 119 62 11 116 91 17 102 98 61 
