Instance filename: ./instances/200jobs/instanceLarge1179_m=8_n=200_l=40_c=30_s=2.PMTC
Min temperature: 0.1
Max temperature: 0.5
Melhor Solução: 822
Temp div: 16
MCL: 400
PTL: 75000
Elapsed time was: 788829
Maquina 1 : 80 168 73 61 175 23 186 85 194 166 79 162 118 183 131 12 64 153 95 108 195 78 113 147 
Maquina 2 : 94 156 21 90 26 198 122 161 57 66 14 123 128 41 45 160 197 97 38 110 28 102 139 87 16 170 180 
Maquina 3 : 48 2 93 22 120 115 11 53 67 191 169 101 99 163 177 70 37 51 24 40 18 68 5 71 
Maquina 4 : 134 154 173 20 129 84 35 62 98 65 60 137 3 42 32 178 142 7 192 4 6 
Maquina 5 : 106 121 81 34 86 29 0 107 15 159 184 55 63 54 69 124 174 83 164 141 92 146 74 126 149 190 96 145 
Maquina 6 : 100 91 27 125 25 187 181 36 43 152 135 132 140 89 167 117 148 13 176 105 171 158 143 150 8 182 
Maquina 7 : 133 127 109 157 44 49 88 193 138 39 112 58 111 47 46 1 130 179 75 82 185 114 33 103 189 
Maquina 8 : 31 116 155 119 144 19 56 72 172 30 10 50 59 52 151 196 188 104 76 136 165 77 9 17 199 
