Instance filename: ./instances/200jobs/instanceLarge1046_m=7_n=200_l=40_c=20_s=1.PMTC
Min temperature: 0.1
Max temperature: 0.5
Melhor Solução: 3757
Temp div: 16
MCL: 400
PTL: 75000
Elapsed time was: 920000
Maquina 1 : 109 154 94 9 141 2 14 62 6 41 138 10 89 172 184 59 22 85 90 42 7 134 40 105 23 47 104 73 5 70 74 
Maquina 2 : 155 182 34 33 151 61 143 45 195 171 29 116 19 198 80 153 112 36 11 185 165 189 63 127 179 43 191 
Maquina 3 : 81 98 121 24 196 106 188 150 173 193 54 52 163 21 15 123 136 111 162 159 128 132 12 135 50 78 20 92 107 
Maquina 4 : 0 26 69 194 124 30 152 156 31 82 53 129 1 84 149 25 178 55 146 137 93 83 131 133 199 176 72 113 
Maquina 5 : 160 44 64 8 97 58 110 68 148 46 126 35 101 119 177 122 118 181 164 17 168 38 32 115 183 100 71 96 166 117 145 
Maquina 6 : 161 108 169 95 39 13 66 102 28 130 86 103 139 175 76 60 187 48 167 91 57 157 51 16 75 3 125 174 
Maquina 7 : 192 49 65 158 37 180 144 79 99 77 170 120 56 88 4 197 142 27 18 147 67 114 140 186 87 190 
