Instance filename: ./instances/200jobs/instanceLarge1017_m=7_n=200_l=30_c=20_s=2.PMTC
Min temperature: 0.1
Max temperature: 0.5
Melhor Solução: 897
Temp div: 16
MCL: 400
PTL: 75000
Elapsed time was: 878941
Maquina 1 : 134 170 25 145 4 73 109 149 33 94 163 137 62 166 154 79 48 176 199 19 21 100 158 113 85 98 118 140 89 68 26 67 
Maquina 2 : 61 87 15 95 185 175 60 186 191 32 96 46 115 51 125 133 180 38 3 148 111 6 81 90 174 121 83 177 99 
Maquina 3 : 182 141 11 2 55 42 50 9 57 117 10 13 58 114 136 195 110 157 92 172 119 108 122 128 192 78 1 147 156 150 106 193 
Maquina 4 : 139 54 44 84 107 29 102 138 45 14 198 160 151 184 155 37 23 82 112 24 76 5 69 71 86 39 187 65 
Maquina 5 : 132 124 103 104 161 179 59 27 16 70 123 7 162 135 40 194 64 168 188 173 22 105 63 43 
Maquina 6 : 169 28 197 190 35 97 34 167 74 183 77 72 120 56 41 47 130 53 12 144 152 196 165 171 8 52 31 127 
Maquina 7 : 91 164 93 116 143 142 49 75 189 20 0 88 129 36 126 101 181 18 17 178 30 66 146 80 159 131 153 
