Instance filename: ./instances/200jobs/instanceLarge958_m=6_n=200_l=40_c=30_s=0.PMTC
Min temperature: 0.1
Max temperature: 0.5
Melhor Solução: 2943
Temp div: 16
MCL: 400
PTL: 75000
Elapsed time was: 625614
Maquina 1 : 172 95 0 54 52 60 161 13 12 165 50 112 129 149 51 88 130 108 75 83 176 133 122 73 143 41 66 92 63 193 86 22 145 
Maquina 2 : 47 125 81 109 180 2 14 135 49 71 17 97 189 72 78 44 182 195 70 114 53 39 48 183 84 57 19 179 105 98 31 102 32 107 
Maquina 3 : 6 45 134 37 113 90 150 74 131 116 137 159 171 157 196 136 181 187 42 119 40 80 56 166 186 115 20 158 93 163 111 123 177 124 82 
Maquina 4 : 5 140 35 127 156 77 76 138 94 155 160 146 96 29 117 173 141 69 153 59 132 184 101 154 67 43 126 15 91 65 34 188 170 18 
Maquina 5 : 64 162 199 25 174 85 142 148 167 118 168 89 61 175 190 169 147 192 104 103 79 9 4 1 28 16 152 68 120 178 23 144 
Maquina 6 : 99 194 11 33 100 198 106 27 30 191 55 46 24 128 110 7 151 139 36 26 3 164 121 21 185 62 38 8 197 87 10 58 
