Instance filename: ./instances/200jobs/instanceLarge1037_m=7_n=200_l=40_c=20_s=1.PMTC
Min temperature: 0.1
Max temperature: 0.5
Melhor Solução: 3837
Temp div: 16
MCL: 400
PTL: 75000
Elapsed time was: 679699
Maquina 1 : 183 37 134 149 63 5 73 47 122 182 70 193 115 58 102 1 31 159 194 26 129 69 161 17 151 175 64 25 137 
Maquina 2 : 83 146 55 139 103 177 60 84 61 124 168 164 181 132 152 30 156 20 24 121 106 196 191 81 40 86 28 91 117 
Maquina 3 : 198 98 66 39 179 162 111 195 173 74 38 62 154 138 2 90 109 89 12 104 105 128 88 189 165 185 77 36 112 11 153 13 
Maquina 4 : 188 6 59 172 184 147 10 107 135 199 92 78 50 167 34 42 93 169 56 85 170 4 120 166 72 79 99 41 133 
Maquina 5 : 110 45 8 127 178 97 160 68 46 35 126 119 101 158 32 71 80 192 14 49 125 143 53 176 187 197 186 190 
Maquina 6 : 87 140 114 116 145 19 67 23 9 136 123 15 21 130 0 54 44 96 52 29 95 18 27 113 65 155 180 144 
Maquina 7 : 118 108 131 43 148 94 3 75 157 82 48 16 51 163 150 7 22 100 171 141 76 33 142 174 57 
