Instance filename: ./instances/200jobs/instanceLarge1300_m=9_n=200_l=40_c=30_s=0.PMTC
Min temperature: 0.1
Max temperature: 0.5
Melhor Solução: 1538
Temp div: 16
MCL: 400
PTL: 75000
Elapsed time was: 700573
Maquina 1 : 176 133 89 152 158 90 29 53 105 184 63 198 102 30 94 191 190 170 50 126 32 60 
Maquina 2 : 138 98 167 79 189 1 140 103 5 88 109 175 96 67 121 173 142 117 111 93 27 197 
Maquina 3 : 174 188 40 165 9 35 118 14 196 163 46 101 199 108 129 38 47 147 187 131 2 
Maquina 4 : 100 68 181 119 81 52 169 61 31 157 154 182 73 74 180 92 28 25 192 149 91 164 
Maquina 5 : 18 153 193 42 75 26 168 15 146 62 0 124 141 97 95 132 19 144 76 54 12 122 
Maquina 6 : 166 23 161 116 16 135 39 148 57 177 4 34 179 137 186 36 24 65 55 155 11 
Maquina 7 : 33 86 58 123 45 49 51 162 56 70 143 127 195 20 87 194 8 3 13 113 160 71 130 
Maquina 8 : 43 151 66 83 80 84 106 37 178 72 145 64 104 41 150 171 82 134 10 115 172 6 156 78 
Maquina 9 : 112 7 185 22 139 125 114 120 159 128 136 110 44 99 69 17 107 21 48 77 183 59 85 
