Instance filename: ./instances/200jobs/instanceLarge1078_m=7_n=200_l=40_c=30_s=0.PMTC
Min temperature: 0.1
Max temperature: 0.5
Melhor Solução: 4337
Temp div: 16
MCL: 400
PTL: 75000
Elapsed time was: 558665
Maquina 1 : 28 74 83 115 50 189 44 155 162 76 161 160 187 185 21 45 120 118 19 158 91 9 29 117 41 72 
Maquina 2 : 106 135 132 88 173 126 86 103 11 170 55 38 107 75 122 113 17 85 179 58 39 143 193 150 3 186 184 152 66 33 157 
Maquina 3 : 133 153 174 140 65 0 127 110 151 87 168 141 14 26 176 195 137 93 147 95 64 31 172 182 116 
Maquina 4 : 57 139 13 105 134 114 35 16 10 166 37 96 34 27 169 36 61 80 70 77 101 129 102 30 131 68 121 156 128 109 180 
Maquina 5 : 148 48 20 53 175 56 188 90 71 59 82 52 81 146 63 97 32 92 171 181 69 22 165 47 191 159 104 108 124 7 
Maquina 6 : 89 130 40 183 197 154 198 60 199 123 100 46 136 94 78 142 163 49 67 2 196 1 62 111 12 99 24 167 
Maquina 7 : 51 194 42 149 23 112 125 25 6 192 15 138 190 8 164 4 177 79 119 144 145 43 84 178 73 18 5 54 98 
