Instance filename: ./instances/200jobs/instanceLarge1020_m=7_n=200_l=30_c=20_s=2.PMTC
Min temperature: 0.1
Max temperature: 0.5
Melhor Solução: 854
Temp div: 16
MCL: 400
PTL: 75000
Elapsed time was: 544290
Maquina 1 : 81 170 69 23 97 112 24 17 131 145 174 92 96 46 115 51 32 191 186 182 38 99 142 93 164 198 116 121 132 143 75 20 49 
Maquina 2 : 189 166 62 137 163 33 94 149 109 31 37 184 60 151 26 45 57 146 161 104 103 74 183 7 82 
Maquina 3 : 70 162 135 175 76 123 133 35 190 197 28 169 43 63 181 108 105 157 110 114 125 153 178 66 147 80 106 87 78 128 
Maquina 4 : 122 192 139 1 54 41 56 72 120 34 167 158 85 100 21 19 0 127 65 155 124 59 129 101 88 194 
Maquina 5 : 64 168 40 188 173 30 171 8 84 138 165 44 14 29 160 102 16 36 27 107 193 179 196 159 150 156 25 4 152 144 134 140 
Maquina 6 : 68 47 130 53 12 52 48 73 79 83 176 199 119 187 10 13 58 136 117 9 77 50 42 154 126 22 2 55 
Maquina 7 : 39 71 86 90 5 111 148 195 141 11 113 3 98 118 89 180 177 6 91 172 185 95 15 18 61 67 
