Instance filename: ./instances/200jobs/instanceLarge841_m=6_n=200_l=30_c=10_s=0.PMTC
Min temperature: 0.1
Max temperature: 0.5
Melhor Solução: 2671
Temp div: 16
MCL: 400
PTL: 75000
Elapsed time was: 972030
Maquina 1 : 4 140 59 138 170 130 84 199 75 119 111 157 15 74 161 9 63 30 64 46 85 143 179 126 162 47 2 173 129 156 187 19 71 120 
Maquina 2 : 114 27 131 144 66 57 3 28 127 55 146 52 14 35 152 67 18 122 177 133 194 20 53 159 147 160 124 109 17 174 54 100 10 
Maquina 3 : 154 33 101 91 82 166 186 58 31 80 34 56 151 169 51 197 60 98 5 93 189 99 43 176 148 142 116 83 78 12 37 135 68 45 79 163 26 
Maquina 4 : 118 95 38 8 150 190 13 49 164 76 198 77 181 121 103 16 1 87 134 136 6 73 149 117 88 105 39 182 89 29 65 165 72 
Maquina 5 : 178 113 90 108 195 168 171 191 7 97 112 62 61 36 50 188 132 32 106 86 40 184 102 125 70 183 175 193 158 155 196 0 139 172 25 
Maquina 6 : 153 48 94 115 92 104 21 141 110 24 107 137 167 180 81 69 123 11 44 192 42 145 22 128 41 185 23 96 
