Instance filename: ./instances/200jobs/instanceLarge1135_m=8_n=200_l=30_c=20_s=0.PMTC
Min temperature: 0.1
Max temperature: 0.5
Melhor Solução: 1745
Temp div: 16
MCL: 400
PTL: 75000
Elapsed time was: 818255
Maquina 1 : 112 145 34 135 77 24 55 41 40 23 80 115 120 153 95 193 32 142 182 43 119 158 22 93 166 177 11 
Maquina 2 : 0 56 64 16 185 82 79 63 141 92 130 167 172 169 36 163 99 102 94 27 26 149 18 3 44 96 70 
Maquina 3 : 30 144 138 118 72 85 181 4 121 48 42 71 162 66 184 51 183 159 187 7 134 106 5 188 
Maquina 4 : 61 195 126 50 97 117 20 38 49 150 174 91 198 196 180 109 152 157 19 28 190 132 173 139 
Maquina 5 : 89 151 199 148 164 154 140 171 197 25 78 69 131 90 146 110 108 73 81 160 12 67 60 105 133 
Maquina 6 : 170 68 29 87 137 191 31 52 53 54 98 107 88 10 84 178 1 100 86 33 113 129 2 155 45 
Maquina 7 : 116 13 76 123 125 165 179 14 37 8 65 104 46 147 192 15 168 128 175 161 74 156 47 
Maquina 8 : 21 6 62 101 186 136 114 127 189 103 124 58 35 122 83 59 17 57 75 9 143 111 176 39 194 
