Instance filename: ./instances/200jobs/instanceLarge1121_m=8_n=200_l=30_c=20_s=1.PMTC
Min temperature: 0.1
Max temperature: 0.5
Melhor Solução: 3294
Temp div: 16
MCL: 400
PTL: 75000
Elapsed time was: 861817
Maquina 1 : 158 156 107 98 88 10 21 72 187 178 80 41 23 170 40 60 69 131 90 146 110 44 4 
Maquina 2 : 171 74 140 47 53 195 157 126 18 52 191 31 20 50 97 117 192 164 150 186 38 49 165 168 71 42 
Maquina 3 : 159 118 138 144 176 43 32 182 175 17 199 128 83 122 35 124 189 116 87 196 91 7 
Maquina 4 : 106 5 63 134 108 73 160 12 81 67 197 133 68 29 154 3 95 120 153 152 169 109 180 188 48 
Maquina 5 : 139 161 104 92 46 65 8 30 112 14 6 183 62 119 127 114 25 101 136 163 99 27 193 102 94 26 82 
Maquina 6 : 149 79 167 15 151 141 45 96 61 147 19 185 16 85 105 181 142 132 190 28 172 130 123 13 
Maquina 7 : 2 155 70 129 113 33 77 89 148 125 86 93 121 57 75 9 143 111 173 51 66 162 64 36 
Maquina 8 : 56 0 115 177 11 137 100 84 166 55 22 24 135 34 145 39 103 1 194 58 78 184 174 76 198 59 54 37 179 
