Instance filename: ./instances/200jobs/instanceLarge956_m=6_n=200_l=40_c=30_s=1.PMTC
Min temperature: 0.1
Max temperature: 0.5
Melhor Solução: 5592
Temp div: 16
MCL: 400
PTL: 75000
Elapsed time was: 792692
Maquina 1 : 172 95 0 192 21 137 22 163 197 123 23 103 79 185 62 111 58 10 87 100 198 106 27 131 74 150 90 113 77 130 118 182 
Maquina 2 : 195 70 114 53 39 48 2 17 71 109 49 69 59 187 169 72 174 65 85 142 115 93 183 56 80 184 154 132 101 67 43 
Maquina 3 : 128 24 46 82 5 55 171 88 186 167 129 51 134 37 102 104 44 125 81 68 33 119 126 15 127 20 190 175 168 89 173 141 153 40 181 179 42 
Maquina 4 : 31 19 105 98 160 155 94 138 76 165 13 12 147 148 63 50 149 112 47 145 180 92 152 16 28 1 4 9 144 194 99 11 
Maquina 5 : 25 170 18 64 140 3 164 45 6 107 32 157 196 136 189 66 38 8 78 97 26 54 124 60 161 14 135 156 84 57 191 188 
Maquina 6 : 34 91 61 162 199 177 166 139 151 36 178 120 35 7 110 158 86 193 52 159 41 143 73 122 133 176 83 75 108 121 96 117 29 146 116 30 
