Instance filename: ./instances/200jobs/instanceLarge843_m=6_n=200_l=30_c=10_s=2.PMTC
Min temperature: 0.1
Max temperature: 0.5
Melhor Solução: 1009
Temp div: 16
MCL: 400
PTL: 75000
Elapsed time was: 812228
Maquina 1 : 185 23 41 22 128 138 79 175 183 193 125 196 139 172 21 124 38 42 188 54 52 36 50 145 112 7 62 61 97 70 5 157 49 141 140 110 24 107 167 
Maquina 2 : 180 81 17 123 69 149 171 39 15 161 87 67 80 105 31 18 166 101 108 35 72 65 3 165 60 111 66 197 168 96 169 
Maquina 3 : 25 48 153 34 177 74 113 191 78 116 142 94 148 83 0 12 11 135 68 37 86 134 88 132 184 40 106 32 143 176 99 117 189 43 
Maquina 4 : 170 84 102 158 118 75 95 45 104 137 115 92 1 16 73 103 182 178 150 64 63 179 160 9 53 147 133 20 194 159 122 151 
Maquina 5 : 4 109 144 27 186 82 51 59 14 146 131 155 174 28 55 57 127 181 114 90 58 120 26 19 71 8 76 198 164 
Maquina 6 : 77 91 13 130 119 56 190 89 6 195 30 46 29 126 47 192 163 2 136 173 152 93 187 162 44 156 129 85 98 121 154 199 10 33 100 
