Instance filename: ./instances/200jobs/instanceLarge1247_m=9_n=200_l=30_c=20_s=1.PMTC
Min temperature: 0.1
Max temperature: 0.5
Melhor Solução: 2769
Temp div: 16
MCL: 400
PTL: 75000
Elapsed time was: 1056155
Maquina 1 : 125 18 131 188 98 154 180 115 27 39 29 49 36 161 118 198 105 68 117 76 199 144 185 48 143 
Maquina 2 : 83 141 163 190 196 81 16 155 194 41 101 47 17 4 3 53 157 158 104 52 
Maquina 3 : 74 150 15 178 8 90 136 114 192 160 172 124 92 75 122 54 149 94 112 56 126 127 110 58 
Maquina 4 : 97 33 139 1 31 162 38 89 61 12 134 60 5 169 82 40 42 183 67 197 170 
Maquina 5 : 176 45 156 71 19 30 145 175 87 102 96 165 43 26 138 69 187 99 195 10 95 
Maquina 6 : 103 59 91 32 88 20 66 140 129 186 135 133 137 130 22 159 28 93 7 44 86 177 
Maquina 7 : 77 148 57 35 107 46 106 152 167 147 116 193 153 128 51 11 2 108 73 13 78 191 174 21 14 
Maquina 8 : 55 119 72 100 182 171 85 166 62 173 111 65 109 6 64 146 0 63 120 37 34 113 
Maquina 9 : 24 189 9 121 25 179 123 84 181 50 79 151 80 23 132 184 164 70 142 168 
