Instance filename: ./instances/200jobs/instanceLarge989_m=7_n=200_l=30_c=10_s=1.PMTC
Min temperature: 0.1
Max temperature: 0.5
Melhor Solução: 2856
Temp div: 16
MCL: 400
PTL: 75000
Elapsed time was: 990471
Maquina 1 : 191 81 189 99 168 61 176 32 38 5 58 96 181 24 53 17 131 87 123 69 82 26 76 79 163 101 62 197 
Maquina 2 : 196 184 173 43 23 129 64 7 27 169 28 110 88 63 167 14 12 160 199 132 42 105 195 198 108 8 157 171 92 
Maquina 3 : 29 16 166 45 68 150 143 66 22 56 147 39 149 174 187 116 153 97 25 117 19 141 13 193 84 9 31 77 
Maquina 4 : 180 138 133 37 186 156 98 122 194 71 75 113 137 185 72 118 100 148 15 86 55 49 65 155 20 59 33 47 74 126 
Maquina 5 : 115 120 159 67 57 134 175 164 85 152 139 46 104 107 18 158 112 119 170 190 95 10 50 11 183 154 151 
Maquina 6 : 177 41 145 51 162 89 114 35 124 1 161 178 21 128 91 135 142 60 109 83 34 103 130 146 179 90 30 125 
Maquina 7 : 3 192 4 93 48 102 94 44 188 182 73 127 80 172 140 36 54 165 136 111 121 70 78 40 106 52 0 144 2 6 
