Instance filename: ./instances/200jobs/instanceLarge939_m=6_n=200_l=40_c=30_s=2.PMTC
Min temperature: 0.1
Max temperature: 0.5
Melhor Solução: 1078
Temp div: 16
MCL: 400
PTL: 75000
Elapsed time was: 914249
Maquina 1 : 10 58 177 111 163 43 15 126 174 127 20 92 190 175 72 187 66 180 169 74 90 150 27 198 106 100 33 36 178 23 144 99 11 62 
Maquina 2 : 38 67 185 194 6 114 28 4 1 34 91 188 191 57 84 183 76 138 94 165 112 50 123 148 85 142 65 170 18 64 162 136 
Maquina 3 : 128 24 46 55 87 69 121 108 41 143 73 133 176 83 122 167 63 147 13 12 107 32 16 152 195 70 172 95 0 199 3 164 21 
Maquina 4 : 75 197 8 78 97 26 54 124 60 161 14 156 9 79 103 189 155 196 157 135 159 171 137 192 116 30 131 104 
Maquina 5 : 102 25 51 129 134 149 93 88 115 186 139 119 166 40 181 179 42 98 31 19 82 140 5 154 68 81 109 125 47 145 52 22 86 193 158 110 7 35 120 
Maquina 6 : 151 101 37 45 113 77 130 118 168 89 61 173 141 153 56 59 132 184 80 182 44 29 117 96 146 160 105 17 71 49 2 53 39 48 
