Instance filename: ./instances/200jobs/instanceLarge1087_m=8_n=200_l=30_c=10_s=0.PMTC
Min temperature: 0.1
Max temperature: 0.5
Melhor Solução: 959
Temp div: 16
MCL: 400
PTL: 75000
Elapsed time was: 708311
Maquina 1 : 20 198 15 175 37 36 144 160 97 180 101 187 194 155 192 11 133 76 105 163 153 34 12 168 79 42 139 109 107 59 78 
Maquina 2 : 118 95 96 102 8 62 5 154 74 55 83 14 112 64 85 22 143 69 152 147 54 137 0 151 65 77 138 123 58 
Maquina 3 : 68 119 129 104 3 171 72 128 173 93 100 185 4 91 17 199 46 191 115 176 167 190 111 
Maquina 4 : 113 48 75 94 61 29 157 19 23 162 33 50 47 80 45 178 84 30 90 158 31 183 
Maquina 5 : 127 121 172 124 108 140 9 159 6 179 49 41 40 122 87 156 125 26 134 188 2 182 
Maquina 6 : 56 53 88 181 18 184 57 43 7 130 114 63 186 142 35 197 170 52 165 195 51 92 103 
Maquina 7 : 13 148 70 131 145 32 189 110 161 196 120 73 164 149 116 174 126 1 135 44 16 177 132 81 
Maquina 8 : 141 66 24 28 150 67 193 99 71 21 10 82 169 106 117 39 27 136 98 166 25 38 146 86 89 60 
