Instance filename: ./instances/200jobs/instanceLarge1432_m=10_n=200_l=40_c=30_s=0.PMTC
Min temperature: 0.1
Max temperature: 0.5
Melhor Solução: 1372
Temp div: 16
MCL: 400
PTL: 75000
Elapsed time was: 881862
Maquina 1 : 72 147 9 162 21 19 85 31 29 191 120 136 8 78 148 53 115 117 57 45 
Maquina 2 : 63 131 160 178 142 70 184 127 114 183 33 198 185 181 138 82 135 194 
Maquina 3 : 66 13 90 172 99 89 10 28 140 59 87 15 159 47 35 88 20 5 41 154 
Maquina 4 : 83 124 146 157 12 61 94 195 197 18 23 4 11 0 137 156 98 128 6 
Maquina 5 : 54 153 139 46 1 125 3 167 150 132 180 188 44 169 165 177 106 42 56 51 175 100 
Maquina 6 : 182 103 171 37 50 155 92 186 74 190 129 17 48 126 67 170 2 62 163 
Maquina 7 : 196 43 93 192 174 95 80 109 49 64 144 105 119 60 118 145 86 96 
Maquina 8 : 130 133 158 110 102 112 168 79 75 179 134 58 38 97 27 30 111 36 161 91 55 166 81 
Maquina 9 : 152 22 141 123 65 164 68 101 25 71 32 107 34 73 113 24 187 108 16 39 143 
Maquina 10 : 40 121 104 26 151 14 77 173 149 116 7 199 84 52 189 76 176 69 122 193 
