Instance filename: ./instances/200jobs/instanceLarge1052_m=7_n=200_l=40_c=30_s=1.PMTC
Min temperature: 0.1
Max temperature: 0.5
Melhor Solução: 4934
Temp div: 16
MCL: 400
PTL: 75000
Elapsed time was: 971828
Maquina 1 : 97 154 146 106 135 132 120 81 173 170 55 86 103 114 26 177 12 99 24 123 167 51 159 198 183 193 8 157 40 
Maquina 2 : 53 197 89 130 69 166 96 139 49 67 22 18 188 29 117 52 152 85 33 66 112 133 153 174 140 101 50 83 25 
Maquina 3 : 141 14 102 176 78 195 41 137 93 147 95 64 31 172 182 116 104 57 13 80 77 70 113 42 7 124 37 98 5 
Maquina 4 : 54 199 187 45 21 185 76 131 129 38 23 194 190 88 28 60 74 184 56 134 105 73 1 138 109 
Maquina 5 : 125 156 121 68 65 20 178 175 181 180 48 128 122 3 150 186 16 35 10 192 4 6 90 71 145 82 59 62 148 111 171 164 
Maquina 6 : 63 32 17 160 9 91 158 118 19 72 92 196 2 30 15 115 34 126 27 169 61 36 119 79 84 43 144 189 108 191 
Maquina 7 : 47 161 94 11 163 142 151 110 107 87 75 165 168 44 155 162 127 0 143 149 39 58 179 100 136 46 
