Instance filename: ./instances/200jobs/instanceLarge1408_m=10_n=200_l=40_c=20_s=0.PMTC
Min temperature: 0.1
Max temperature: 0.5
Melhor Solução: 1793
Temp div: 16
MCL: 400
PTL: 75000
Elapsed time was: 890056
Maquina 1 : 139 187 97 175 114 96 173 6 70 30 136 128 154 81 9 50 93 
Maquina 2 : 59 150 103 160 24 12 3 72 145 25 184 190 58 135 181 78 51 57 191 17 165 61 
Maquina 3 : 129 164 148 54 88 188 83 171 133 156 149 82 64 121 118 44 144 71 66 10 74 
Maquina 4 : 194 2 192 163 186 65 102 152 80 116 39 15 75 169 132 134 153 45 95 101 55 
Maquina 5 : 174 117 20 91 185 38 16 18 27 94 4 73 67 126 104 85 56 11 113 138 41 
Maquina 6 : 13 1 21 79 146 124 151 106 31 7 90 87 8 120 52 140 76 180 32 36 77 108 
Maquina 7 : 43 60 143 105 172 176 49 123 137 62 28 178 0 130 112 196 46 162 100 142 22 69 84 
Maquina 8 : 168 29 183 115 182 98 177 23 86 42 111 99 110 157 197 35 179 53 
Maquina 9 : 131 37 63 89 19 119 167 33 199 147 155 158 68 161 47 109 34 193 
Maquina 10 : 48 159 189 125 26 107 195 92 198 122 5 170 166 14 40 127 141 
