Instance filename: ./instances/200jobs/instanceLarge1061_m=7_n=200_l=40_c=30_s=1.PMTC
Min temperature: 0.1
Max temperature: 0.5
Melhor Solução: 4930
Temp div: 16
MCL: 400
PTL: 75000
Elapsed time was: 403998
Maquina 1 : 2 92 196 72 19 120 173 61 36 169 27 126 34 15 160 44 189 105 148 84 73 45 21 185 76 162 127 0 
Maquina 2 : 143 191 129 199 198 171 122 3 150 186 184 60 197 40 53 174 157 125 115 49 166 11 96 176 195 137 93 147 95 38 
Maquina 3 : 64 31 172 182 116 104 57 131 159 108 22 69 130 89 1 62 181 142 163 67 50 194 23 33 118 179 94 
Maquina 4 : 58 135 136 87 46 100 123 138 109 145 178 18 188 29 117 102 132 30 165 28 74 83 141 25 14 180 90 6 192 10 35 
Maquina 5 : 16 56 114 26 86 103 170 41 88 106 81 52 152 85 17 71 139 13 134 82 59 63 146 97 154 55 47 140 75 168 
Maquina 6 : 151 110 107 48 128 66 112 65 20 175 153 133 155 68 121 156 124 78 42 113 7 77 70 80 91 9 32 158 
Maquina 7 : 99 12 111 8 164 4 177 79 119 144 43 161 183 187 5 54 98 37 167 51 24 193 149 101 39 190 
