Instance filename: ./instances/200jobs/instanceLarge1407_m=10_n=200_l=40_c=20_s=2.PMTC
Min temperature: 0.1
Max temperature: 0.5
Melhor Solução: 634
Temp div: 16
MCL: 400
PTL: 75000
Elapsed time was: 663762
Maquina 1 : 40 139 52 12 137 25 183 42 175 63 24 96 97 49 172 81 28 148 196 54 19 82 171 16 149 
Maquina 2 : 41 156 118 44 61 164 17 51 129 43 86 1 128 21 65 115 23 98 182 143 177 84 169 
Maquina 3 : 29 22 69 142 77 89 167 192 160 194 106 83 32 74 71 66 36 60 99 
Maquina 4 : 111 157 197 35 179 53 190 123 37 135 131 113 78 11 104 13 56 85 67 27 79 0 126 144 
Maquina 5 : 119 58 46 163 4 186 80 39 181 75 15 134 188 132 55 95 153 45 
Maquina 6 : 38 117 20 174 105 176 159 110 6 68 173 10 91 18 30 59 9 3 72 50 145 93 
Maquina 7 : 70 141 7 87 140 73 94 138 90 108 76 146 147 155 193 158 133 
Maquina 8 : 92 191 88 130 33 62 168 57 162 101 14 199 165 187 124 102 185 
Maquina 9 : 152 100 151 2 166 116 112 178 8 31 198 120 103 170 122 5 136 121 
Maquina 10 : 114 64 184 47 161 109 34 154 127 150 48 195 26 107 180 125 189 
