Instance filename: ./instances/200jobs/instanceLarge1053_m=7_n=200_l=40_c=30_s=2.PMTC
Min temperature: 0.1
Max temperature: 0.5
Melhor Solução: 938
Temp div: 16
MCL: 400
PTL: 75000
Elapsed time was: 759967
Maquina 1 : 47 140 75 168 165 83 28 60 184 186 150 3 122 112 23 191 137 107 48 128 66 29 157 133 153 174 197 40 169 
Maquina 2 : 53 37 154 34 27 36 5 187 162 76 185 4 63 164 139 13 134 105 148 62 59 82 145 71 17 52 152 106 
Maquina 3 : 85 92 32 97 117 68 121 156 124 42 7 113 80 61 77 70 135 146 132 91 158 9 160 138 109 45 21 
Maquina 4 : 172 182 116 104 57 131 159 108 22 69 130 89 119 79 74 141 177 12 111 99 8 190 194 50 115 189 147 95 64 31 81 87 46 
Maquina 5 : 100 123 136 179 58 149 39 143 193 183 161 43 84 178 73 18 54 98 167 51 24 101 129 199 198 171 88 
Maquina 6 : 20 65 175 188 90 180 14 41 195 176 26 155 44 55 170 93 173 126 86 103 38 114 33 56 10 35 16 166 
Maquina 7 : 192 6 144 25 125 96 11 49 67 163 94 78 110 151 181 1 142 0 127 102 30 15 118 19 120 72 196 2 
