Instance filename: ./instances/200jobs/instanceLarge863_m=6_n=200_l=30_c=10_s=1.PMTC
Min temperature: 0.1
Max temperature: 0.5
Melhor Solução: 3443
Temp div: 16
MCL: 400
PTL: 75000
Elapsed time was: 619245
Maquina 1 : 65 29 60 182 39 111 15 157 134 105 87 67 80 36 141 94 142 110 126 199 119 74 187 173 161 9 20 133 177 53 160 147 159 
Maquina 2 : 164 198 19 115 71 92 49 95 107 158 137 104 181 24 180 140 98 59 21 81 196 193 172 139 11 0 90 78 116 48 128 185 138 
Maquina 3 : 41 124 153 183 22 25 175 70 102 125 31 13 97 191 7 171 145 149 112 123 69 73 93 136 152 5 2 151 75 154 121 156 44 42 
Maquina 4 : 10 33 132 88 54 188 176 99 101 117 106 32 184 12 40 167 83 148 165 43 189 84 170 23 96 197 169 56 168 108 195 190 72 
Maquina 5 : 18 34 166 45 178 150 38 8 118 76 26 79 135 68 163 37 47 162 192 179 143 64 63 46 85 129 89 6 30 52 91 77 103 16 1 
Maquina 6 : 62 61 50 113 55 86 127 58 120 114 57 27 144 66 130 3 194 35 28 100 186 82 14 51 155 131 146 174 4 109 122 17 
