Instance filename: ./instances/200jobs/instanceLarge847_m=6_n=200_l=30_c=10_s=0.PMTC
Min temperature: 0.1
Max temperature: 0.5
Melhor Solução: 1232
Temp div: 16
MCL: 400
PTL: 75000
Elapsed time was: 530989
Maquina 1 : 12 11 162 37 68 83 135 78 116 148 170 96 60 197 189 43 176 169 117 32 106 88 33 132 54 67 18 1 134 103 150 
Maquina 2 : 182 105 29 39 89 178 16 113 50 90 58 86 127 120 57 114 27 144 66 159 124 190 118 14 13 31 97 102 125 195 55 7 171 191 168 65 
Maquina 3 : 165 72 130 56 111 119 15 157 180 6 23 41 138 128 185 153 48 152 131 25 188 71 45 92 115 104 158 95 137 163 73 26 8 49 
Maquina 4 : 76 181 198 19 63 9 20 194 133 53 147 122 177 70 79 175 183 193 196 139 17 172 174 109 100 82 51 38 21 52 160 
Maquina 5 : 22 42 40 44 156 121 173 75 164 91 30 126 129 192 85 46 64 61 179 143 47 136 3 151 2 154 77 146 28 108 186 35 101 
Maquina 6 : 166 34 80 161 87 99 36 62 141 94 142 110 107 24 199 167 10 187 74 184 0 5 155 93 59 98 140 84 4 69 149 81 123 112 145 
