Instance filename: ./instances/200jobs/instanceLarge1340_m=10_n=200_l=30_c=10_s=1.PMTC
Min temperature: 0.1
Max temperature: 0.5
Melhor Solução: 2034
Temp div: 16
MCL: 400
PTL: 75000
Elapsed time was: 700838
Maquina 1 : 96 187 114 175 91 9 51 133 152 90 118 92 198 72 182 70 74 48 87 150 63 186 
Maquina 2 : 126 32 148 169 44 13 138 94 179 75 107 144 98 180 42 153 185 89 60 53 80 
Maquina 3 : 183 50 181 184 27 58 47 122 99 168 71 61 109 26 15 103 117 190 176 40 167 12 
Maquina 4 : 4 31 197 93 111 162 2 78 137 20 104 143 194 120 69 147 23 6 102 105 86 124 
Maquina 5 : 155 7 36 59 134 16 174 189 128 79 37 5 73 54 166 43 199 110 119 
Maquina 6 : 192 178 1 8 129 156 149 30 125 160 193 136 101 116 112 115 56 173 57 
Maquina 7 : 66 68 85 77 113 65 108 157 55 76 82 21 17 106 22 154 158 45 33 165 81 
Maquina 8 : 19 34 172 64 88 146 25 164 24 151 14 163 38 10 161 62 35 84 141 49 
Maquina 9 : 83 18 195 171 41 95 140 139 0 39 135 142 121 191 159 28 67 177 
Maquina 10 : 188 132 3 123 100 196 46 52 11 97 170 145 130 127 131 29 
