Instance filename: ./instances/200jobs/instanceLarge1253_m=9_n=200_l=30_c=20_s=1.PMTC
Min temperature: 0.1
Max temperature: 0.5
Melhor Solução: 2690
Temp div: 16
MCL: 400
PTL: 75000
Elapsed time was: 1022297
Maquina 1 : 47 180 37 197 170 163 176 45 193 77 128 166 5 42 110 81 16 102 91 155 116 153 51 
Maquina 2 : 11 74 99 95 103 149 7 93 181 18 182 186 62 85 142 9 168 
Maquina 3 : 70 164 112 171 94 26 156 165 96 32 43 41 135 133 64 196 86 113 144 76 
Maquina 4 : 160 147 105 190 0 6 63 120 2 22 140 146 109 52 104 158 157 53 66 4 17 129 61 
Maquina 5 : 72 55 14 56 21 191 178 78 13 108 138 65 174 199 177 46 117 162 38 172 101 188 28 10 194 
Maquina 6 : 154 68 3 152 118 119 36 98 175 19 30 71 127 58 139 97 33 187 89 148 59 121 31 184 
Maquina 7 : 137 79 100 80 1 23 132 134 151 20 145 60 136 183 82 24 50 107 159 130 111 122 35 
Maquina 8 : 67 40 185 169 179 69 150 123 115 84 39 27 161 29 49 87 25 198 75 124 92 192 90 114 12 8 
Maquina 9 : 15 167 106 44 57 54 34 173 141 83 88 143 48 126 131 125 195 73 189 
