Instance filename: ./instances/200jobs/instanceLarge1307_m=9_n=200_l=40_c=30_s=1.PMTC
Min temperature: 0.1
Max temperature: 0.5
Melhor Solução: 3788
Temp div: 16
MCL: 400
PTL: 75000
Elapsed time was: 918853
Maquina 1 : 85 59 183 77 48 21 36 99 86 98 167 9 23 161 116 165 101 168 15 
Maquina 2 : 117 93 24 152 62 132 82 192 25 92 28 33 58 100 68 4 182 154 73 74 197 188 174 
Maquina 3 : 40 43 63 184 78 105 103 1 69 107 17 147 5 88 149 109 175 19 151 134 153 
Maquina 4 : 146 130 87 53 163 14 22 118 159 102 189 160 113 13 84 80 83 50 129 31 46 199 196 135 
Maquina 5 : 186 179 34 193 26 42 75 39 11 0 95 124 170 190 191 94 173 16 141 35 79 51 
Maquina 6 : 142 144 89 121 67 37 106 27 45 108 30 180 29 148 177 57 128 157 41 171 150 115 66 138 
Maquina 7 : 32 60 111 140 81 155 65 55 3 10 56 120 114 70 125 139 96 198 127 145 64 104 194 8 
Maquina 8 : 122 166 54 76 12 71 61 52 169 119 137 97 181 110 44 136 158 162 123 133 176 143 
Maquina 9 : 90 49 195 20 126 72 185 178 6 172 131 187 2 47 156 38 7 91 112 18 164 
