Instance filename: ./instances/200jobs/instanceLarge1231_m=9_n=200_l=30_c=20_s=0.PMTC
Min temperature: 0.1
Max temperature: 0.5
Melhor Solução: 775
Temp div: 16
MCL: 400
PTL: 75000
Elapsed time was: 889958
Maquina 1 : 18 125 131 156 96 26 103 91 140 190 175 102 32 41 46 110 127 193 58 139 1 33 97 
Maquina 2 : 38 89 148 59 121 31 184 151 79 12 100 80 132 134 137 23 60 94 112 
Maquina 3 : 8 149 88 158 52 20 19 22 51 136 83 141 196 10 81 35 111 152 166 155 167 106 173 
Maquina 4 : 65 109 123 150 115 180 98 162 179 69 198 75 122 192 124 92 90 9 168 142 62 85 171 182 7 
Maquina 5 : 93 181 28 172 101 188 194 187 99 195 25 189 24 160 135 133 130 186 159 107 50 
Maquina 6 : 95 77 44 169 42 40 117 114 118 68 76 143 48 185 126 5 177 84 86 74 15 116 
Maquina 7 : 153 53 56 138 11 2 108 73 13 78 178 165 113 34 191 54 57 21 174 119 14 55 
Maquina 8 : 72 4 61 129 157 104 3 43 17 66 199 82 47 36 120 144 63 105 37 147 6 0 64 146 
Maquina 9 : 16 183 67 197 163 170 45 176 70 164 128 30 71 145 87 154 49 27 29 39 161 
