Instance filename: ./instances/RCPMSII/RCPMS_Instance_40_m=4_n=100_t=7
Min temperature: 0.1
Max temperature: 0.5
Melhor Solução: 790
Temp div: 20
MCL: 500
PTL: 400
Elapsed time was: 31480
Maquina 1 : 77 89 83 54 22 5 36 47 27 63 88 35 76 71 25 48 40 23 65 84 69 6 
Maquina 2 : 43 39 50 97 96 44 86 78 15 99 20 10 41 68 81 16 52 26 74 29 58 14 3 28 
Maquina 3 : 18 24 57 60 45 56 92 32 72 17 85 34 67 1 31 49 30 82 53 79 61 91 7 70 59 0 9 19 90 11 
Maquina 4 : 2 94 46 66 55 13 87 64 12 73 21 42 38 80 33 8 62 51 93 95 75 98 37 4 
Formato de validacao do resultado: 
0 77 0 89 0 83 0 54 0 22 0 5 0 36 0 47 0 27 0 63 0 88 0 35 0 76 0 71 0 25 0 48 0 40 0 23 0 65 0 84 0 69 0 6 
1 43 1 39 1 50 1 97 1 96 1 44 1 86 1 78 1 15 1 99 1 20 1 10 1 41 1 68 1 81 1 16 1 52 1 26 1 74 1 29 1 58 1 14 1 3 1 28 
2 18 2 24 2 57 2 60 2 45 2 56 2 92 2 32 2 72 2 17 2 85 2 34 2 67 2 1 2 31 2 49 2 30 2 82 2 53 2 79 2 61 2 91 2 7 2 70 2 59 2 0 2 9 2 19 2 90 2 11 
3 2 3 94 3 46 3 66 3 55 3 13 3 87 3 64 3 12 3 73 3 21 3 42 3 38 3 80 3 33 3 8 3 62 3 51 3 93 3 95 3 75 3 98 3 37 3 4 
