Instance filename: ./instances/RCPMSII/RCPMS_Instance_143_m=8_n=200_t=11
Min temperature: 0.1
Max temperature: 0.5
Melhor Solução: 851
Temp div: 20
MCL: 500
PTL: 400
Elapsed time was: 428776
Maquina 1 : 91 20 174 14 11 153 193 155 37 181 67 142 169 108 45 46 68 159 195 51 12 35 148 
Maquina 2 : 82 76 55 81 26 23 141 165 137 125 173 146 85 163 36 95 88 41 101 94 145 78 
Maquina 3 : 50 176 28 133 131 170 7 121 59 157 102 167 77 189 19 185 42 93 74 178 6 90 116 128 110 
Maquina 4 : 73 43 168 184 64 98 63 179 52 17 66 1 92 15 53 177 138 111 188 9 132 161 24 22 187 172 
Maquina 5 : 127 136 113 62 194 192 54 118 139 87 183 80 83 106 105 126 160 129 89 3 143 191 2 49 
Maquina 6 : 186 56 103 0 109 48 115 38 31 8 21 198 140 112 175 158 149 197 122 61 30 150 4 162 96 65 156 147 144 99 151 
Maquina 7 : 5 86 75 104 114 135 39 130 196 60 124 79 33 29 119 123 32 58 72 117 190 71 10 182 
Maquina 8 : 40 69 134 70 171 152 16 107 34 180 100 18 164 199 166 57 97 25 47 120 84 154 27 44 13 
Formato de validacao do resultado: 
0 91 0 20 0 174 0 14 0 11 0 153 0 193 0 155 0 37 0 181 0 67 0 142 0 169 0 108 0 45 0 46 0 68 0 159 0 195 0 51 0 12 0 35 0 148 
1 82 1 76 1 55 1 81 1 26 1 23 1 141 1 165 1 137 1 125 1 173 1 146 1 85 1 163 1 36 1 95 1 88 1 41 1 101 1 94 1 145 1 78 
2 50 2 176 2 28 2 133 2 131 2 170 2 7 2 121 2 59 2 157 2 102 2 167 2 77 2 189 2 19 2 185 2 42 2 93 2 74 2 178 2 6 2 90 2 116 2 128 2 110 
3 73 3 43 3 168 3 184 3 64 3 98 3 63 3 179 3 52 3 17 3 66 3 1 3 92 3 15 3 53 3 177 3 138 3 111 3 188 3 9 3 132 3 161 3 24 3 22 3 187 3 172 
4 127 4 136 4 113 4 62 4 194 4 192 4 54 4 118 4 139 4 87 4 183 4 80 4 83 4 106 4 105 4 126 4 160 4 129 4 89 4 3 4 143 4 191 4 2 4 49 
5 186 5 56 5 103 5 0 5 109 5 48 5 115 5 38 5 31 5 8 5 21 5 198 5 140 5 112 5 175 5 158 5 149 5 197 5 122 5 61 5 30 5 150 5 4 5 162 5 96 5 65 5 156 5 147 5 144 5 99 5 151 
6 5 6 86 6 75 6 104 6 114 6 135 6 39 6 130 6 196 6 60 6 124 6 79 6 33 6 29 6 119 6 123 6 32 6 58 6 72 6 117 6 190 6 71 6 10 6 182 
7 40 7 69 7 134 7 70 7 171 7 152 7 16 7 107 7 34 7 180 7 100 7 18 7 164 7 199 7 166 7 57 7 97 7 25 7 47 7 120 7 84 7 154 7 27 7 44 7 13 
