Instance filename: ./instances/RCPMSII/RCPMS_Instance_129_m=7_n=200_t=11
Min temperature: 0.1
Max temperature: 0.5
Melhor Solução: 933
Temp div: 20
MCL: 500
PTL: 400
Elapsed time was: 267119
Maquina 1 : 11 121 166 10 132 83 66 37 24 159 142 29 160 183 158 88 70 26 79 157 180 107 13 198 14 20 120 46 184 1 56 
Maquina 2 : 58 91 141 63 2 192 137 72 40 100 190 111 133 112 162 60 98 44 73 188 57 105 196 8 134 174 17 75 
Maquina 3 : 68 104 39 23 178 145 177 36 30 62 136 50 155 93 15 96 80 51 9 43 95 6 130 118 115 18 64 90 116 
Maquina 4 : 41 167 32 170 152 125 126 114 42 69 67 55 5 161 195 139 76 71 89 54 108 171 185 16 113 38 84 61 
Maquina 5 : 194 179 191 148 150 33 187 147 99 103 122 153 181 22 21 163 175 86 7 19 117 49 169 164 65 
Maquina 6 : 186 3 129 78 85 87 199 173 124 97 109 135 131 101 0 12 143 123 34 53 197 176 77 138 193 168 119 189 52 128 110 94 81 
Maquina 7 : 4 172 149 102 127 31 156 144 151 48 182 74 25 45 92 82 47 59 140 28 106 154 27 165 35 146 
Formato de validacao do resultado: 
0 11 0 121 0 166 0 10 0 132 0 83 0 66 0 37 0 24 0 159 0 142 0 29 0 160 0 183 0 158 0 88 0 70 0 26 0 79 0 157 0 180 0 107 0 13 0 198 0 14 0 20 0 120 0 46 0 184 0 1 0 56 
1 58 1 91 1 141 1 63 1 2 1 192 1 137 1 72 1 40 1 100 1 190 1 111 1 133 1 112 1 162 1 60 1 98 1 44 1 73 1 188 1 57 1 105 1 196 1 8 1 134 1 174 1 17 1 75 
2 68 2 104 2 39 2 23 2 178 2 145 2 177 2 36 2 30 2 62 2 136 2 50 2 155 2 93 2 15 2 96 2 80 2 51 2 9 2 43 2 95 2 6 2 130 2 118 2 115 2 18 2 64 2 90 2 116 
3 41 3 167 3 32 3 170 3 152 3 125 3 126 3 114 3 42 3 69 3 67 3 55 3 5 3 161 3 195 3 139 3 76 3 71 3 89 3 54 3 108 3 171 3 185 3 16 3 113 3 38 3 84 3 61 
4 194 4 179 4 191 4 148 4 150 4 33 4 187 4 147 4 99 4 103 4 122 4 153 4 181 4 22 4 21 4 163 4 175 4 86 4 7 4 19 4 117 4 49 4 169 4 164 4 65 
5 186 5 3 5 129 5 78 5 85 5 87 5 199 5 173 5 124 5 97 5 109 5 135 5 131 5 101 5 0 5 12 5 143 5 123 5 34 5 53 5 197 5 176 5 77 5 138 5 193 5 168 5 119 5 189 5 52 5 128 5 110 5 94 5 81 
6 4 6 172 6 149 6 102 6 127 6 31 6 156 6 144 6 151 6 48 6 182 6 74 6 25 6 45 6 92 6 82 6 47 6 59 6 140 6 28 6 106 6 154 6 27 6 165 6 35 6 146 
