Instance filename: ./instances/RCPMSII/RCPMS_Instance_146_m=8_n=200_t=13
Min temperature: 0.1
Max temperature: 0.5
Melhor Solução: 775
Temp div: 20
MCL: 500
PTL: 400
Elapsed time was: 447993
Maquina 1 : 125 137 82 187 135 189 179 45 23 160 198 12 147 84 32 8 46 87 30 159 61 91 170 
Maquina 2 : 132 130 194 193 90 116 168 153 121 165 133 17 99 197 68 21 26 129 156 
Maquina 3 : 80 11 78 74 77 100 22 181 98 105 119 184 57 169 157 93 151 173 186 76 50 96 109 112 127 20 18 
Maquina 4 : 79 188 35 86 164 13 5 175 67 101 58 49 150 9 142 33 108 66 28 34 44 85 92 48 
Maquina 5 : 122 24 97 106 111 38 16 145 75 39 51 65 183 40 63 42 172 43 128 118 171 0 102 152 114 
Maquina 6 : 182 71 199 83 47 53 174 120 166 136 113 52 55 36 2 123 190 89 104 115 143 4 69 117 31 25 141 29 64 73 
Maquina 7 : 94 70 131 107 158 178 54 163 139 59 155 161 146 62 10 7 192 88 14 176 167 124 3 6 1 110 
Maquina 8 : 180 144 185 72 134 177 196 95 41 140 162 148 19 126 195 81 154 149 56 103 138 60 27 37 15 191 
Formato de validacao do resultado: 
0 125 0 137 0 82 0 187 0 135 0 189 0 179 0 45 0 23 0 160 0 198 0 12 0 147 0 84 0 32 0 8 0 46 0 87 0 30 0 159 0 61 0 91 0 170 
1 132 1 130 1 194 1 193 1 90 1 116 1 168 1 153 1 121 1 165 1 133 1 17 1 99 1 197 1 68 1 21 1 26 1 129 1 156 
2 80 2 11 2 78 2 74 2 77 2 100 2 22 2 181 2 98 2 105 2 119 2 184 2 57 2 169 2 157 2 93 2 151 2 173 2 186 2 76 2 50 2 96 2 109 2 112 2 127 2 20 2 18 
3 79 3 188 3 35 3 86 3 164 3 13 3 5 3 175 3 67 3 101 3 58 3 49 3 150 3 9 3 142 3 33 3 108 3 66 3 28 3 34 3 44 3 85 3 92 3 48 
4 122 4 24 4 97 4 106 4 111 4 38 4 16 4 145 4 75 4 39 4 51 4 65 4 183 4 40 4 63 4 42 4 172 4 43 4 128 4 118 4 171 4 0 4 102 4 152 4 114 
5 182 5 71 5 199 5 83 5 47 5 53 5 174 5 120 5 166 5 136 5 113 5 52 5 55 5 36 5 2 5 123 5 190 5 89 5 104 5 115 5 143 5 4 5 69 5 117 5 31 5 25 5 141 5 29 5 64 5 73 
6 94 6 70 6 131 6 107 6 158 6 178 6 54 6 163 6 139 6 59 6 155 6 161 6 146 6 62 6 10 6 7 6 192 6 88 6 14 6 176 6 167 6 124 6 3 6 6 6 1 6 110 
7 180 7 144 7 185 7 72 7 134 7 177 7 196 7 95 7 41 7 140 7 162 7 148 7 19 7 126 7 195 7 81 7 154 7 149 7 56 7 103 7 138 7 60 7 27 7 37 7 15 7 191 
