Instance filename: ./instances/RCPMSII/RCPMS_Instance_179_m=10_n=200_t=17
Min temperature: 0.1
Max temperature: 0.5
Melhor Solução: 675
Temp div: 20
MCL: 500
PTL: 400
Elapsed time was: 544351
Maquina 1 : 23 68 43 55 199 102 16 18 173 81 4 124 72 54 179 34 88 8 66 64 
Maquina 2 : 99 52 5 181 148 193 75 48 160 38 135 122 9 104 44 40 11 171 29 
Maquina 3 : 35 27 165 169 91 168 184 33 77 19 67 131 96 162 123 118 51 65 25 182 46 
Maquina 4 : 78 153 31 13 185 94 195 128 136 150 175 70 57 30 12 101 157 49 147 61 
Maquina 5 : 126 155 53 186 142 114 196 146 188 92 192 103 3 20 140 187 156 106 36 109 80 76 93 69 
Maquina 6 : 17 14 129 56 89 189 134 191 151 127 159 41 166 144 112 6 26 100 108 45 83 95 
Maquina 7 : 7 98 180 125 74 0 121 170 116 87 37 15 130 110 154 194 149 161 117 
Maquina 8 : 158 105 107 172 115 85 163 197 22 119 164 90 141 198 21 
Maquina 9 : 82 60 138 42 97 47 111 137 143 167 152 177 71 120 73 62 113 58 176 
Maquina 10 : 32 2 39 63 84 145 190 24 86 28 10 183 1 132 174 79 59 178 139 133 50 
Formato de validacao do resultado: 
0 23 0 68 0 43 0 55 0 199 0 102 0 16 0 18 0 173 0 81 0 4 0 124 0 72 0 54 0 179 0 34 0 88 0 8 0 66 0 64 
1 99 1 52 1 5 1 181 1 148 1 193 1 75 1 48 1 160 1 38 1 135 1 122 1 9 1 104 1 44 1 40 1 11 1 171 1 29 
2 35 2 27 2 165 2 169 2 91 2 168 2 184 2 33 2 77 2 19 2 67 2 131 2 96 2 162 2 123 2 118 2 51 2 65 2 25 2 182 2 46 
3 78 3 153 3 31 3 13 3 185 3 94 3 195 3 128 3 136 3 150 3 175 3 70 3 57 3 30 3 12 3 101 3 157 3 49 3 147 3 61 
4 126 4 155 4 53 4 186 4 142 4 114 4 196 4 146 4 188 4 92 4 192 4 103 4 3 4 20 4 140 4 187 4 156 4 106 4 36 4 109 4 80 4 76 4 93 4 69 
5 17 5 14 5 129 5 56 5 89 5 189 5 134 5 191 5 151 5 127 5 159 5 41 5 166 5 144 5 112 5 6 5 26 5 100 5 108 5 45 5 83 5 95 
6 7 6 98 6 180 6 125 6 74 6 0 6 121 6 170 6 116 6 87 6 37 6 15 6 130 6 110 6 154 6 194 6 149 6 161 6 117 
7 158 7 105 7 107 7 172 7 115 7 85 7 163 7 197 7 22 7 119 7 164 7 90 7 141 7 198 7 21 
8 82 8 60 8 138 8 42 8 97 8 47 8 111 8 137 8 143 8 167 8 152 8 177 8 71 8 120 8 73 8 62 8 113 8 58 8 176 
9 32 9 2 9 39 9 63 9 84 9 145 9 190 9 24 9 86 9 28 9 10 9 183 9 1 9 132 9 174 9 79 9 59 9 178 9 139 9 133 9 50 
