Instance filename: ./instances/RCPMSII/RCPMS_Instance_115_m=7_n=100_t=11
Min temperature: 0.1
Max temperature: 0.5
Melhor Solução: 495
Temp div: 20
MCL: 500
PTL: 400
Elapsed time was: 100501
Maquina 1 : 30 19 25 73 56 63 64 9 28 75 32 54 39 12 
Maquina 2 : 46 11 38 95 41 97 34 91 52 71 90 37 0 
Maquina 3 : 82 35 50 1 55 78 76 42 70 26 85 96 8 72 
Maquina 4 : 98 7 93 31 88 61 44 86 23 89 43 47 
Maquina 5 : 51 94 22 2 49 36 40 17 92 53 68 45 20 62 58 18 
Maquina 6 : 67 77 16 87 14 74 4 33 24 6 29 48 81 80 59 3 83 
Maquina 7 : 84 13 57 60 27 15 10 79 65 5 66 21 69 99 
Formato de validacao do resultado: 
0 30 0 19 0 25 0 73 0 56 0 63 0 64 0 9 0 28 0 75 0 32 0 54 0 39 0 12 
1 46 1 11 1 38 1 95 1 41 1 97 1 34 1 91 1 52 1 71 1 90 1 37 1 0 
2 82 2 35 2 50 2 1 2 55 2 78 2 76 2 42 2 70 2 26 2 85 2 96 2 8 2 72 
3 98 3 7 3 93 3 31 3 88 3 61 3 44 3 86 3 23 3 89 3 43 3 47 
4 51 4 94 4 22 4 2 4 49 4 36 4 40 4 17 4 92 4 53 4 68 4 45 4 20 4 62 4 58 4 18 
5 67 5 77 5 16 5 87 5 14 5 74 5 4 5 33 5 24 5 6 5 29 5 48 5 81 5 80 5 59 5 3 5 83 
6 84 6 13 6 57 6 60 6 27 6 15 6 10 6 79 6 65 6 5 6 66 6 21 6 69 6 99 
