Instance filename: ./instances/RCPMSII/RCPMS_Instance_134_m=7_n=200_t=13
Min temperature: 0.1
Max temperature: 0.5
Melhor Solução: 950
Temp div: 20
MCL: 500
PTL: 400
Elapsed time was: 237501
Maquina 1 : 1 90 82 63 145 185 167 134 135 69 62 50 174 21 149 115 59 96 77 176 173 192 199 106 168 118 13 122 30 116 112 
Maquina 2 : 95 153 133 19 107 39 54 22 113 177 101 178 141 11 18 183 154 61 143 66 139 196 34 2 28 166 189 179 85 
Maquina 3 : 87 80 163 35 111 72 10 5 132 78 127 79 42 91 52 44 170 67 98 33 76 83 129 144 26 181 40 126 
Maquina 4 : 158 92 43 86 160 25 186 156 162 157 27 193 100 172 49 155 161 48 125 24 169 190 148 165 17 
Maquina 5 : 56 152 31 103 164 109 38 195 60 187 194 84 151 197 110 65 119 58 136 150 180 114 147 89 46 23 138 75 
Maquina 6 : 131 71 93 14 182 140 137 105 64 74 41 51 0 159 37 124 68 120 47 171 9 104 45 36 184 175 70 16 4 121 
Maquina 7 : 29 102 20 81 12 3 117 32 130 198 128 94 8 97 55 6 57 142 88 53 7 15 108 123 146 191 99 73 188 
Formato de validacao do resultado: 
0 1 0 90 0 82 0 63 0 145 0 185 0 167 0 134 0 135 0 69 0 62 0 50 0 174 0 21 0 149 0 115 0 59 0 96 0 77 0 176 0 173 0 192 0 199 0 106 0 168 0 118 0 13 0 122 0 30 0 116 0 112 
1 95 1 153 1 133 1 19 1 107 1 39 1 54 1 22 1 113 1 177 1 101 1 178 1 141 1 11 1 18 1 183 1 154 1 61 1 143 1 66 1 139 1 196 1 34 1 2 1 28 1 166 1 189 1 179 1 85 
2 87 2 80 2 163 2 35 2 111 2 72 2 10 2 5 2 132 2 78 2 127 2 79 2 42 2 91 2 52 2 44 2 170 2 67 2 98 2 33 2 76 2 83 2 129 2 144 2 26 2 181 2 40 2 126 
3 158 3 92 3 43 3 86 3 160 3 25 3 186 3 156 3 162 3 157 3 27 3 193 3 100 3 172 3 49 3 155 3 161 3 48 3 125 3 24 3 169 3 190 3 148 3 165 3 17 
4 56 4 152 4 31 4 103 4 164 4 109 4 38 4 195 4 60 4 187 4 194 4 84 4 151 4 197 4 110 4 65 4 119 4 58 4 136 4 150 4 180 4 114 4 147 4 89 4 46 4 23 4 138 4 75 
5 131 5 71 5 93 5 14 5 182 5 140 5 137 5 105 5 64 5 74 5 41 5 51 5 0 5 159 5 37 5 124 5 68 5 120 5 47 5 171 5 9 5 104 5 45 5 36 5 184 5 175 5 70 5 16 5 4 5 121 
6 29 6 102 6 20 6 81 6 12 6 3 6 117 6 32 6 130 6 198 6 128 6 94 6 8 6 97 6 55 6 6 6 57 6 142 6 88 6 53 6 7 6 15 6 108 6 123 6 146 6 191 6 99 6 73 6 188 
