Instance filename: ./instances/RCPMSII/RCPMS_Instance_43_m=4_n=100_t=11
Min temperature: 0.1
Max temperature: 0.5
Melhor Solução: 872
Temp div: 20
MCL: 500
PTL: 400
Elapsed time was: 25311
Maquina 1 : 37 53 91 15 79 45 23 11 40 81 8 75 71 98 2 35 6 32 54 90 42 64 95 25 30 
Maquina 2 : 18 17 34 68 10 86 5 74 27 26 4 51 1 44 47 99 59 77 58 50 76 83 24 33 
Maquina 3 : 56 96 38 85 84 52 43 31 57 19 12 21 82 63 61 3 60 67 13 92 88 65 93 66 7 
Maquina 4 : 0 20 87 49 29 70 62 22 89 14 55 69 97 28 46 16 9 36 41 80 78 48 94 72 39 73 
Formato de validacao do resultado: 
0 37 0 53 0 91 0 15 0 79 0 45 0 23 0 11 0 40 0 81 0 8 0 75 0 71 0 98 0 2 0 35 0 6 0 32 0 54 0 90 0 42 0 64 0 95 0 25 0 30 
1 18 1 17 1 34 1 68 1 10 1 86 1 5 1 74 1 27 1 26 1 4 1 51 1 1 1 44 1 47 1 99 1 59 1 77 1 58 1 50 1 76 1 83 1 24 1 33 
2 56 2 96 2 38 2 85 2 84 2 52 2 43 2 31 2 57 2 19 2 12 2 21 2 82 2 63 2 61 2 3 2 60 2 67 2 13 2 92 2 88 2 65 2 93 2 66 2 7 
3 0 3 20 3 87 3 49 3 29 3 70 3 62 3 22 3 89 3 14 3 55 3 69 3 97 3 28 3 46 3 16 3 9 3 36 3 41 3 80 3 78 3 48 3 94 3 72 3 39 3 73 
