Instance filename: ./instances/RCPMSII/RCPMS_Instance_81_m=6_n=100_t=11
Min temperature: 0.1
Max temperature: 0.5
Melhor Solução: 561
Temp div: 20
MCL: 500
PTL: 400
Elapsed time was: 76203
Maquina 1 : 38 77 21 22 58 44 15 98 51 10 43 76 6 91 1 64 
Maquina 2 : 81 94 36 11 32 33 7 90 31 87 84 34 72 35 60 80 
Maquina 3 : 65 17 13 67 69 45 89 75 62 8 83 19 18 30 24 
Maquina 4 : 9 27 4 73 63 0 29 96 56 82 26 99 23 68 78 25 40 85 53 
Maquina 5 : 92 3 97 79 88 74 93 61 95 52 48 54 42 50 70 59 66 
Maquina 6 : 46 55 49 5 71 47 57 39 28 41 20 16 14 2 37 12 86 
Formato de validacao do resultado: 
0 38 0 77 0 21 0 22 0 58 0 44 0 15 0 98 0 51 0 10 0 43 0 76 0 6 0 91 0 1 0 64 
1 81 1 94 1 36 1 11 1 32 1 33 1 7 1 90 1 31 1 87 1 84 1 34 1 72 1 35 1 60 1 80 
2 65 2 17 2 13 2 67 2 69 2 45 2 89 2 75 2 62 2 8 2 83 2 19 2 18 2 30 2 24 
3 9 3 27 3 4 3 73 3 63 3 0 3 29 3 96 3 56 3 82 3 26 3 99 3 23 3 68 3 78 3 25 3 40 3 85 3 53 
4 92 4 3 4 97 4 79 4 88 4 74 4 93 4 61 4 95 4 52 4 48 4 54 4 42 4 50 4 70 4 59 4 66 
5 46 5 55 5 49 5 5 5 71 5 47 5 57 5 39 5 28 5 41 5 20 5 16 5 14 5 2 5 37 5 12 5 86 
