Instance filename: ./instances/RCPMSII/RCPMS_Instance_80_m=6_n=100_t=7
Min temperature: 0.1
Max temperature: 0.5
Melhor Solução: 732
Temp div: 20
MCL: 500
PTL: 400
Elapsed time was: 38704
Maquina 1 : 20 23 5 21 32 29 28 99 24 59 86 72 74 65 52 44 
Maquina 2 : 3 11 48 19 22 33 39 12 47 42 40 13 18 75 83 85 93 97 98 
Maquina 3 : 53 55 60 62 92 91 35 56 50 46 79 2 77 30 27 41 37 38 
Maquina 4 : 10 0 43 26 31 90 64 70 76 78 88 4 6 1 17 7 
Maquina 5 : 14 66 94 15 57 9 49 61 63 82 87 67 58 73 25 
Maquina 6 : 34 45 81 84 89 54 71 36 51 8 16 96 68 95 80 69 
Formato de validacao do resultado: 
0 20 0 23 0 5 0 21 0 32 0 29 0 28 0 99 0 24 0 59 0 86 0 72 0 74 0 65 0 52 0 44 
1 3 1 11 1 48 1 19 1 22 1 33 1 39 1 12 1 47 1 42 1 40 1 13 1 18 1 75 1 83 1 85 1 93 1 97 1 98 
2 53 2 55 2 60 2 62 2 92 2 91 2 35 2 56 2 50 2 46 2 79 2 2 2 77 2 30 2 27 2 41 2 37 2 38 
3 10 3 0 3 43 3 26 3 31 3 90 3 64 3 70 3 76 3 78 3 88 3 4 3 6 3 1 3 17 3 7 
4 14 4 66 4 94 4 15 4 57 4 9 4 49 4 61 4 63 4 82 4 87 4 67 4 58 4 73 4 25 
5 34 5 45 5 81 5 84 5 89 5 54 5 71 5 36 5 51 5 8 5 16 5 96 5 68 5 95 5 80 5 69 
