Instance filename: ./instances/RCPMSII/RCPMS_Instance_177_m=10_n=200_t=17
Min temperature: 0.1
Max temperature: 0.5
Melhor Solução: 586
Temp div: 20
MCL: 500
PTL: 400
Elapsed time was: 175427
Maquina 1 : 161 154 11 137 55 8 123 146 131 30 26 144 115 0 188 3 164 160 68 196 63 
Maquina 2 : 86 98 89 97 93 80 195 125 156 162 183 108 155 113 121 60 27 
Maquina 3 : 157 34 167 178 72 10 42 173 7 174 107 95 96 51 44 9 116 83 21 150 
Maquina 4 : 4 106 118 119 82 135 38 48 59 142 85 79 187 52 112 74 134 124 192 132 
Maquina 5 : 182 198 171 185 99 189 92 101 111 40 62 147 149 104 172 122 175 19 23 
Maquina 6 : 33 181 197 103 5 32 71 102 16 25 54 12 6 2 22 184 
Maquina 7 : 81 29 193 114 76 90 88 46 100 165 57 148 120 49 94 36 166 77 145 14 110 69 127 
Maquina 8 : 24 141 73 152 186 67 58 18 31 35 163 194 41 56 70 109 133 78 91 1 64 138 117 15 47 
Maquina 9 : 37 65 17 168 50 105 61 159 139 177 199 129 128 130 20 169 176 87 
Maquina 10 : 45 140 28 191 170 136 13 75 151 84 153 43 53 126 158 39 180 143 179 190 66 
Formato de validacao do resultado: 
0 161 0 154 0 11 0 137 0 55 0 8 0 123 0 146 0 131 0 30 0 26 0 144 0 115 0 0 0 188 0 3 0 164 0 160 0 68 0 196 0 63 
1 86 1 98 1 89 1 97 1 93 1 80 1 195 1 125 1 156 1 162 1 183 1 108 1 155 1 113 1 121 1 60 1 27 
2 157 2 34 2 167 2 178 2 72 2 10 2 42 2 173 2 7 2 174 2 107 2 95 2 96 2 51 2 44 2 9 2 116 2 83 2 21 2 150 
3 4 3 106 3 118 3 119 3 82 3 135 3 38 3 48 3 59 3 142 3 85 3 79 3 187 3 52 3 112 3 74 3 134 3 124 3 192 3 132 
4 182 4 198 4 171 4 185 4 99 4 189 4 92 4 101 4 111 4 40 4 62 4 147 4 149 4 104 4 172 4 122 4 175 4 19 4 23 
5 33 5 181 5 197 5 103 5 5 5 32 5 71 5 102 5 16 5 25 5 54 5 12 5 6 5 2 5 22 5 184 
6 81 6 29 6 193 6 114 6 76 6 90 6 88 6 46 6 100 6 165 6 57 6 148 6 120 6 49 6 94 6 36 6 166 6 77 6 145 6 14 6 110 6 69 6 127 
7 24 7 141 7 73 7 152 7 186 7 67 7 58 7 18 7 31 7 35 7 163 7 194 7 41 7 56 7 70 7 109 7 133 7 78 7 91 7 1 7 64 7 138 7 117 7 15 7 47 
8 37 8 65 8 17 8 168 8 50 8 105 8 61 8 159 8 139 8 177 8 199 8 129 8 128 8 130 8 20 8 169 8 176 8 87 
9 45 9 140 9 28 9 191 9 170 9 136 9 13 9 75 9 151 9 84 9 153 9 43 9 53 9 126 9 158 9 39 9 180 9 143 9 179 9 190 9 66 
