Instance filename: ./instances/RCPMSII/RCPMS_Instance_82_m=6_n=100_t=11
Min temperature: 0.1
Max temperature: 0.5
Melhor Solução: 562
Temp div: 20
MCL: 500
PTL: 400
Elapsed time was: 61028
Maquina 1 : 46 48 70 18 76 93 30 53 94 24 41 22 12 92 60 96 15 
Maquina 2 : 38 29 90 5 64 78 20 52 62 82 71 28 17 4 61 23 10 
Maquina 3 : 77 75 50 80 36 11 37 68 43 33 97 31 91 40 26 83 54 89 
Maquina 4 : 81 32 47 14 8 55 98 58 88 87 6 42 35 86 9 51 3 34 65 49 72 
Maquina 5 : 84 25 79 66 7 39 95 56 2 21 27 16 45 
Maquina 6 : 1 63 67 85 13 19 57 69 44 0 73 99 74 59 
Formato de validacao do resultado: 
0 46 0 48 0 70 0 18 0 76 0 93 0 30 0 53 0 94 0 24 0 41 0 22 0 12 0 92 0 60 0 96 0 15 
1 38 1 29 1 90 1 5 1 64 1 78 1 20 1 52 1 62 1 82 1 71 1 28 1 17 1 4 1 61 1 23 1 10 
2 77 2 75 2 50 2 80 2 36 2 11 2 37 2 68 2 43 2 33 2 97 2 31 2 91 2 40 2 26 2 83 2 54 2 89 
3 81 3 32 3 47 3 14 3 8 3 55 3 98 3 58 3 88 3 87 3 6 3 42 3 35 3 86 3 9 3 51 3 3 3 34 3 65 3 49 3 72 
4 84 4 25 4 79 4 66 4 7 4 39 4 95 4 56 4 2 4 21 4 27 4 16 4 45 
5 1 5 63 5 67 5 85 5 13 5 19 5 57 5 69 5 44 5 0 5 73 5 99 5 74 5 59 
