Instance filename: ./instances/RCPMSII/RCPMS_Instance_33_m=4_n=100_t=5
Min temperature: 0.1
Max temperature: 0.5
Melhor Solução: 699
Temp div: 20
MCL: 500
PTL: 400
Elapsed time was: 43868
Maquina 1 : 2 7 67 41 36 35 29 25 23 12 8 69 78 79 80 81 83 91 97 50 47 43 34 14 
Maquina 2 : 6 3 54 56 72 90 0 1 11 15 21 26 27 33 38 39 51 53 57 62 63 66 
Maquina 3 : 71 73 75 85 87 88 89 93 95 5 9 13 17 20 52 48 46 44 40 31 28 22 58 61 70 77 82 86 92 
Maquina 4 : 32 30 24 19 18 16 10 4 37 42 45 49 55 59 60 64 65 68 74 76 84 94 96 98 99 
Formato de validacao do resultado: 
0 2 0 7 0 67 0 41 0 36 0 35 0 29 0 25 0 23 0 12 0 8 0 69 0 78 0 79 0 80 0 81 0 83 0 91 0 97 0 50 0 47 0 43 0 34 0 14 
1 6 1 3 1 54 1 56 1 72 1 90 1 0 1 1 1 11 1 15 1 21 1 26 1 27 1 33 1 38 1 39 1 51 1 53 1 57 1 62 1 63 1 66 
2 71 2 73 2 75 2 85 2 87 2 88 2 89 2 93 2 95 2 5 2 9 2 13 2 17 2 20 2 52 2 48 2 46 2 44 2 40 2 31 2 28 2 22 2 58 2 61 2 70 2 77 2 82 2 86 2 92 
3 32 3 30 3 24 3 19 3 18 3 16 3 10 3 4 3 37 3 42 3 45 3 49 3 55 3 59 3 60 3 64 3 65 3 68 3 74 3 76 3 84 3 94 3 96 3 98 3 99 
