Instance filename: ./instances/RCPMSII/RCPMS_Instance_97_m=6_n=200_t=11
Min temperature: 0.1
Max temperature: 0.5
Melhor Solução: 1080
Temp div: 20
MCL: 500
PTL: 400
Elapsed time was: 76262
Maquina 1 : 131 139 138 159 5 153 158 143 149 13 6 25 29 30 174 76 117 115 113 147 152 157 167 2 7 23 19 74 135 142 144 90 28 35 
Maquina 2 : 132 77 75 97 177 186 27 83 70 116 53 172 171 78 45 102 154 163 60 87 84 125 123 119 82 127 10 73 64 49 36 170 
Maquina 3 : 9 130 140 104 112 185 93 8 59 160 137 67 72 103 24 192 81 187 57 164 4 176 181 17 180 141 162 96 124 54 39 38 20 179 100 194 145 44 
Maquina 4 : 47 50 65 98 91 52 46 175 161 134 106 148 151 184 128 63 86 12 37 34 22 31 21 168 33 18 88 0 114 95 11 
Maquina 5 : 122 118 136 146 156 166 183 15 14 16 42 26 43 3 1 58 62 197 165 133 121 79 71 69 68 108 107 150 173 111 129 178 190 191 198 
Maquina 6 : 195 188 189 110 169 109 182 120 101 94 40 32 51 80 66 56 89 85 61 48 55 92 99 105 126 155 41 193 196 199 
Formato de validacao do resultado: 
0 131 0 139 0 138 0 159 0 5 0 153 0 158 0 143 0 149 0 13 0 6 0 25 0 29 0 30 0 174 0 76 0 117 0 115 0 113 0 147 0 152 0 157 0 167 0 2 0 7 0 23 0 19 0 74 0 135 0 142 0 144 0 90 0 28 0 35 
1 132 1 77 1 75 1 97 1 177 1 186 1 27 1 83 1 70 1 116 1 53 1 172 1 171 1 78 1 45 1 102 1 154 1 163 1 60 1 87 1 84 1 125 1 123 1 119 1 82 1 127 1 10 1 73 1 64 1 49 1 36 1 170 
2 9 2 130 2 140 2 104 2 112 2 185 2 93 2 8 2 59 2 160 2 137 2 67 2 72 2 103 2 24 2 192 2 81 2 187 2 57 2 164 2 4 2 176 2 181 2 17 2 180 2 141 2 162 2 96 2 124 2 54 2 39 2 38 2 20 2 179 2 100 2 194 2 145 2 44 
3 47 3 50 3 65 3 98 3 91 3 52 3 46 3 175 3 161 3 134 3 106 3 148 3 151 3 184 3 128 3 63 3 86 3 12 3 37 3 34 3 22 3 31 3 21 3 168 3 33 3 18 3 88 3 0 3 114 3 95 3 11 
4 122 4 118 4 136 4 146 4 156 4 166 4 183 4 15 4 14 4 16 4 42 4 26 4 43 4 3 4 1 4 58 4 62 4 197 4 165 4 133 4 121 4 79 4 71 4 69 4 68 4 108 4 107 4 150 4 173 4 111 4 129 4 178 4 190 4 191 4 198 
5 195 5 188 5 189 5 110 5 169 5 109 5 182 5 120 5 101 5 94 5 40 5 32 5 51 5 80 5 66 5 56 5 89 5 85 5 61 5 48 5 55 5 92 5 99 5 105 5 126 5 155 5 41 5 193 5 196 5 199 
