Instance filename: ./instances/RCPMSII/RCPMS_Instance_130_m=7_n=200_t=11
Min temperature: 0.1
Max temperature: 0.5
Melhor Solução: 882
Temp div: 20
MCL: 500
PTL: 400
Elapsed time was: 303705
Maquina 1 : 12 108 159 31 6 99 30 193 195 161 163 16 42 183 172 13 39 129 10 174 198 113 154 175 179 77 59 51 92 57 102 117 83 11 119 4 
Maquina 2 : 103 144 181 9 22 177 118 98 34 137 136 28 139 95 187 64 73 24 123 124 131 168 142 71 43 120 182 145 105 
Maquina 3 : 54 152 74 80 37 171 162 97 82 45 189 146 180 41 104 121 188 114 72 60 20 160 44 141 90 88 53 125 
Maquina 4 : 96 46 194 3 150 91 153 29 186 106 138 15 126 149 192 62 148 127 132 167 130 85 
Maquina 5 : 128 27 25 199 40 68 1 66 197 78 14 101 23 61 122 191 155 89 166 36 67 58 133 169 184 79 17 55 19 63 
Maquina 6 : 70 157 48 196 69 47 110 156 158 112 86 107 2 49 81 116 190 52 176 33 185 38 170 0 100 151 143 21 135 178 111 94 165 
Maquina 7 : 7 8 76 26 164 134 35 56 84 75 115 50 173 32 5 140 109 18 93 147 65 87 
Formato de validacao do resultado: 
0 12 0 108 0 159 0 31 0 6 0 99 0 30 0 193 0 195 0 161 0 163 0 16 0 42 0 183 0 172 0 13 0 39 0 129 0 10 0 174 0 198 0 113 0 154 0 175 0 179 0 77 0 59 0 51 0 92 0 57 0 102 0 117 0 83 0 11 0 119 0 4 
1 103 1 144 1 181 1 9 1 22 1 177 1 118 1 98 1 34 1 137 1 136 1 28 1 139 1 95 1 187 1 64 1 73 1 24 1 123 1 124 1 131 1 168 1 142 1 71 1 43 1 120 1 182 1 145 1 105 
2 54 2 152 2 74 2 80 2 37 2 171 2 162 2 97 2 82 2 45 2 189 2 146 2 180 2 41 2 104 2 121 2 188 2 114 2 72 2 60 2 20 2 160 2 44 2 141 2 90 2 88 2 53 2 125 
3 96 3 46 3 194 3 3 3 150 3 91 3 153 3 29 3 186 3 106 3 138 3 15 3 126 3 149 3 192 3 62 3 148 3 127 3 132 3 167 3 130 3 85 
4 128 4 27 4 25 4 199 4 40 4 68 4 1 4 66 4 197 4 78 4 14 4 101 4 23 4 61 4 122 4 191 4 155 4 89 4 166 4 36 4 67 4 58 4 133 4 169 4 184 4 79 4 17 4 55 4 19 4 63 
5 70 5 157 5 48 5 196 5 69 5 47 5 110 5 156 5 158 5 112 5 86 5 107 5 2 5 49 5 81 5 116 5 190 5 52 5 176 5 33 5 185 5 38 5 170 5 0 5 100 5 151 5 143 5 21 5 135 5 178 5 111 5 94 5 165 
6 7 6 8 6 76 6 26 6 164 6 134 6 35 6 56 6 84 6 75 6 115 6 50 6 173 6 32 6 5 6 140 6 109 6 18 6 93 6 147 6 65 6 87 
