Instance filename: ./instances/RCPMSII/RCPMS_Instance_91_m=6_n=200_t=7
Min temperature: 0.1
Max temperature: 0.5
Melhor Solução: 1045
Temp div: 20
MCL: 500
PTL: 400
Elapsed time was: 343857
Maquina 1 : 1 34 157 182 57 46 141 159 128 113 112 44 33 160 61 150 25 53 126 45 130 8 171 64 96 4 98 66 41 140 62 15 151 
Maquina 2 : 91 92 36 143 72 178 2 114 110 108 133 127 48 148 59 142 26 80 135 40 124 89 195 164 56 125 90 118 20 169 
Maquina 3 : 193 136 158 58 165 95 177 21 172 166 183 42 175 18 86 54 163 55 97 28 119 189 144 134 198 174 19 81 27 146 121 83 10 115 49 
Maquina 4 : 139 145 102 29 35 168 129 77 3 185 0 173 5 17 13 123 152 50 12 181 52 93 120 30 131 68 107 187 79 162 132 147 156 137 23 191 
Maquina 5 : 71 16 22 6 7 192 9 24 167 111 69 100 67 180 87 78 76 74 65 105 117 82 199 99 39 14 188 196 47 109 
Maquina 6 : 51 153 31 122 176 88 184 73 197 43 104 170 85 101 190 106 149 75 186 194 84 38 63 32 94 161 60 70 103 154 11 37 138 155 179 116 
Formato de validacao do resultado: 
0 1 0 34 0 157 0 182 0 57 0 46 0 141 0 159 0 128 0 113 0 112 0 44 0 33 0 160 0 61 0 150 0 25 0 53 0 126 0 45 0 130 0 8 0 171 0 64 0 96 0 4 0 98 0 66 0 41 0 140 0 62 0 15 0 151 
1 91 1 92 1 36 1 143 1 72 1 178 1 2 1 114 1 110 1 108 1 133 1 127 1 48 1 148 1 59 1 142 1 26 1 80 1 135 1 40 1 124 1 89 1 195 1 164 1 56 1 125 1 90 1 118 1 20 1 169 
2 193 2 136 2 158 2 58 2 165 2 95 2 177 2 21 2 172 2 166 2 183 2 42 2 175 2 18 2 86 2 54 2 163 2 55 2 97 2 28 2 119 2 189 2 144 2 134 2 198 2 174 2 19 2 81 2 27 2 146 2 121 2 83 2 10 2 115 2 49 
3 139 3 145 3 102 3 29 3 35 3 168 3 129 3 77 3 3 3 185 3 0 3 173 3 5 3 17 3 13 3 123 3 152 3 50 3 12 3 181 3 52 3 93 3 120 3 30 3 131 3 68 3 107 3 187 3 79 3 162 3 132 3 147 3 156 3 137 3 23 3 191 
4 71 4 16 4 22 4 6 4 7 4 192 4 9 4 24 4 167 4 111 4 69 4 100 4 67 4 180 4 87 4 78 4 76 4 74 4 65 4 105 4 117 4 82 4 199 4 99 4 39 4 14 4 188 4 196 4 47 4 109 
5 51 5 153 5 31 5 122 5 176 5 88 5 184 5 73 5 197 5 43 5 104 5 170 5 85 5 101 5 190 5 106 5 149 5 75 5 186 5 194 5 84 5 38 5 63 5 32 5 94 5 161 5 60 5 70 5 103 5 154 5 11 5 37 5 138 5 155 5 179 5 116 
