Instance filename: ./instances/RCPMSII/RCPMS_Instance_159_m=9_n=200_t=11
Min temperature: 0.1
Max temperature: 0.5
Melhor Solução: 754
Temp div: 20
MCL: 500
PTL: 400
Elapsed time was: 230232
Maquina 1 : 163 159 136 100 151 156 118 18 38 40 58 68 5 15 197 179 183 193 72 65 
Maquina 2 : 60 44 41 119 125 198 112 111 108 20 21 134 167 84 48 36 32 157 173 181 1 113 
Maquina 3 : 109 99 94 69 64 53 51 50 13 7 2 117 153 175 104 114 139 148 28 
Maquina 4 : 186 185 4 14 27 34 82 80 74 140 164 169 52 49 42 126 130 73 171 71 176 170 165 150 81 
Maquina 5 : 26 83 63 57 54 45 39 89 92 120 115 101 31 147 155 162 172 180 184 191 3 22 23 
Maquina 6 : 24 25 56 87 196 55 43 61 62 66 67 78 132 144 152 135 137 177 158 122 105 107 116 
Maquina 7 : 97 93 79 76 12 17 19 11 127 138 98 102 123 9 10 16 30 33 37 46 59 141 145 
Maquina 8 : 166 187 189 110 129 103 86 75 70 133 194 195 178 149 146 143 88 90 168 174 192 199 
Maquina 9 : 0 6 8 161 182 47 35 29 160 154 91 95 96 128 124 121 106 131 142 85 77 188 190 
Formato de validacao do resultado: 
0 163 0 159 0 136 0 100 0 151 0 156 0 118 0 18 0 38 0 40 0 58 0 68 0 5 0 15 0 197 0 179 0 183 0 193 0 72 0 65 
1 60 1 44 1 41 1 119 1 125 1 198 1 112 1 111 1 108 1 20 1 21 1 134 1 167 1 84 1 48 1 36 1 32 1 157 1 173 1 181 1 1 1 113 
2 109 2 99 2 94 2 69 2 64 2 53 2 51 2 50 2 13 2 7 2 2 2 117 2 153 2 175 2 104 2 114 2 139 2 148 2 28 
3 186 3 185 3 4 3 14 3 27 3 34 3 82 3 80 3 74 3 140 3 164 3 169 3 52 3 49 3 42 3 126 3 130 3 73 3 171 3 71 3 176 3 170 3 165 3 150 3 81 
4 26 4 83 4 63 4 57 4 54 4 45 4 39 4 89 4 92 4 120 4 115 4 101 4 31 4 147 4 155 4 162 4 172 4 180 4 184 4 191 4 3 4 22 4 23 
5 24 5 25 5 56 5 87 5 196 5 55 5 43 5 61 5 62 5 66 5 67 5 78 5 132 5 144 5 152 5 135 5 137 5 177 5 158 5 122 5 105 5 107 5 116 
6 97 6 93 6 79 6 76 6 12 6 17 6 19 6 11 6 127 6 138 6 98 6 102 6 123 6 9 6 10 6 16 6 30 6 33 6 37 6 46 6 59 6 141 6 145 
7 166 7 187 7 189 7 110 7 129 7 103 7 86 7 75 7 70 7 133 7 194 7 195 7 178 7 149 7 146 7 143 7 88 7 90 7 168 7 174 7 192 7 199 
8 0 8 6 8 8 8 161 8 182 8 47 8 35 8 29 8 160 8 154 8 91 8 95 8 96 8 128 8 124 8 121 8 106 8 131 8 142 8 85 8 77 8 188 8 190 
