Instance filename: ./instances/RCPMSII/RCPMS_Instance_111_m=7_n=100_t=11
Min temperature: 0.1
Max temperature: 0.5
Melhor Solução: 491
Temp div: 20
MCL: 500
PTL: 400
Elapsed time was: 104753
Maquina 1 : 88 73 79 64 1 16 63 70 17 50 38 11 93 5 78 25 10 
Maquina 2 : 26 47 0 14 49 96 90 94 3 60 42 2 98 4 61 59 
Maquina 3 : 57 82 20 35 22 67 77 15 75 86 53 21 80 72 40 
Maquina 4 : 74 92 8 54 69 68 23 91 48 89 7 52 32 71 
Maquina 5 : 62 85 84 27 56 65 37 13 31 97 6 
Maquina 6 : 66 99 46 12 83 45 36 95 29 43 39 55 24 76 34 
Maquina 7 : 18 44 81 87 28 30 51 58 9 19 33 41 
Formato de validacao do resultado: 
0 88 0 73 0 79 0 64 0 1 0 16 0 63 0 70 0 17 0 50 0 38 0 11 0 93 0 5 0 78 0 25 0 10 
1 26 1 47 1 0 1 14 1 49 1 96 1 90 1 94 1 3 1 60 1 42 1 2 1 98 1 4 1 61 1 59 
2 57 2 82 2 20 2 35 2 22 2 67 2 77 2 15 2 75 2 86 2 53 2 21 2 80 2 72 2 40 
3 74 3 92 3 8 3 54 3 69 3 68 3 23 3 91 3 48 3 89 3 7 3 52 3 32 3 71 
4 62 4 85 4 84 4 27 4 56 4 65 4 37 4 13 4 31 4 97 4 6 
5 66 5 99 5 46 5 12 5 83 5 45 5 36 5 95 5 29 5 43 5 39 5 55 5 24 5 76 5 34 
6 18 6 44 6 81 6 87 6 28 6 30 6 51 6 58 6 9 6 19 6 33 6 41 
