Instance filename: ./instances/RCPMSII/RCPMS_Instance_140_m=8_n=200_t=9
Min temperature: 0.1
Max temperature: 0.5
Melhor Solução: 809
Temp div: 20
MCL: 500
PTL: 400
Elapsed time was: 458234
Maquina 1 : 23 27 189 97 3 170 132 188 29 152 89 100 15 34 163 160 16 74 11 116 140 158 118 
Maquina 2 : 77 113 42 33 40 106 71 13 109 150 88 184 63 117 192 164 45 1 162 37 61 7 101 94 43 136 25 38 54 
Maquina 3 : 123 73 182 57 8 9 195 174 169 199 122 190 142 67 87 5 115 129 102 28 127 21 85 181 66 186 
Maquina 4 : 2 84 156 197 121 154 111 46 171 83 0 105 130 191 166 58 141 114 36 12 148 157 68 79 
Maquina 5 : 93 78 187 134 198 53 147 48 56 22 18 172 49 35 65 96 183 99 75 72 165 112 119 131 126 47 50 98 
Maquina 6 : 41 196 19 135 125 70 124 155 17 95 176 64 51 107 128 177 137 144 104 167 44 10 62 26 146 
Maquina 7 : 20 161 168 92 30 175 24 153 180 69 52 151 103 32 55 39 145 91 14 194 179 31 6 193 108 
Maquina 8 : 120 133 178 59 90 149 60 185 81 80 143 86 138 76 82 139 173 159 4 110 
Formato de validacao do resultado: 
0 23 0 27 0 189 0 97 0 3 0 170 0 132 0 188 0 29 0 152 0 89 0 100 0 15 0 34 0 163 0 160 0 16 0 74 0 11 0 116 0 140 0 158 0 118 
1 77 1 113 1 42 1 33 1 40 1 106 1 71 1 13 1 109 1 150 1 88 1 184 1 63 1 117 1 192 1 164 1 45 1 1 1 162 1 37 1 61 1 7 1 101 1 94 1 43 1 136 1 25 1 38 1 54 
2 123 2 73 2 182 2 57 2 8 2 9 2 195 2 174 2 169 2 199 2 122 2 190 2 142 2 67 2 87 2 5 2 115 2 129 2 102 2 28 2 127 2 21 2 85 2 181 2 66 2 186 
3 2 3 84 3 156 3 197 3 121 3 154 3 111 3 46 3 171 3 83 3 0 3 105 3 130 3 191 3 166 3 58 3 141 3 114 3 36 3 12 3 148 3 157 3 68 3 79 
4 93 4 78 4 187 4 134 4 198 4 53 4 147 4 48 4 56 4 22 4 18 4 172 4 49 4 35 4 65 4 96 4 183 4 99 4 75 4 72 4 165 4 112 4 119 4 131 4 126 4 47 4 50 4 98 
5 41 5 196 5 19 5 135 5 125 5 70 5 124 5 155 5 17 5 95 5 176 5 64 5 51 5 107 5 128 5 177 5 137 5 144 5 104 5 167 5 44 5 10 5 62 5 26 5 146 
6 20 6 161 6 168 6 92 6 30 6 175 6 24 6 153 6 180 6 69 6 52 6 151 6 103 6 32 6 55 6 39 6 145 6 91 6 14 6 194 6 179 6 31 6 6 6 193 6 108 
7 120 7 133 7 178 7 59 7 90 7 149 7 60 7 185 7 81 7 80 7 143 7 86 7 138 7 76 7 82 7 139 7 173 7 159 7 4 7 110 
