Instance filename: ./instances/RCPMSII/RCPMS_Instance_167_m=10_n=200_t=11
Min temperature: 0.1
Max temperature: 0.5
Melhor Solução: 1009
Temp div: 20
MCL: 500
PTL: 400
Elapsed time was: 675636
Maquina 1 : 18 35 44 190 199 19 9 2 6 10 125 140 90 
Maquina 2 : 191 173 108 119 152 74 139 130 196 87 70 4 17 144 159 160 115 102 147 153 167 195 100 8 58 
Maquina 3 : 118 165 76 67 179 194 50 163 84 105 31 56 14 40 43 38 142 192 198 
Maquina 4 : 158 170 184 156 188 135 65 75 85 180 55 131 162 172 169 30 27 63 60 92 117 61 177 39 183 161 176 
Maquina 5 : 128 1 154 104 126 41 73 88 21 98 3 57 94 109 114 86 80 82 122 
Maquina 6 : 141 78 95 54 116 0 23 127 66 49 64 134 36 7 96 107 12 
Maquina 7 : 69 113 26 99 150 111 93 129 178 168 89 53 47 132 72 
Maquina 8 : 148 151 45 42 34 11 193 28 16 32 189 120 143 5 71 68 46 185 182 37 174 175 59 48 79 146 
Maquina 9 : 15 22 166 62 81 187 106 124 186 52 33 24 29 103 13 138 136 101 164 83 
Maquina 10 : 133 123 155 137 112 121 91 181 51 110 149 145 20 25 157 197 97 77 171 
Formato de validacao do resultado: 
0 18 0 35 0 44 0 190 0 199 0 19 0 9 0 2 0 6 0 10 0 125 0 140 0 90 
1 191 1 173 1 108 1 119 1 152 1 74 1 139 1 130 1 196 1 87 1 70 1 4 1 17 1 144 1 159 1 160 1 115 1 102 1 147 1 153 1 167 1 195 1 100 1 8 1 58 
2 118 2 165 2 76 2 67 2 179 2 194 2 50 2 163 2 84 2 105 2 31 2 56 2 14 2 40 2 43 2 38 2 142 2 192 2 198 
3 158 3 170 3 184 3 156 3 188 3 135 3 65 3 75 3 85 3 180 3 55 3 131 3 162 3 172 3 169 3 30 3 27 3 63 3 60 3 92 3 117 3 61 3 177 3 39 3 183 3 161 3 176 
4 128 4 1 4 154 4 104 4 126 4 41 4 73 4 88 4 21 4 98 4 3 4 57 4 94 4 109 4 114 4 86 4 80 4 82 4 122 
5 141 5 78 5 95 5 54 5 116 5 0 5 23 5 127 5 66 5 49 5 64 5 134 5 36 5 7 5 96 5 107 5 12 
6 69 6 113 6 26 6 99 6 150 6 111 6 93 6 129 6 178 6 168 6 89 6 53 6 47 6 132 6 72 
7 148 7 151 7 45 7 42 7 34 7 11 7 193 7 28 7 16 7 32 7 189 7 120 7 143 7 5 7 71 7 68 7 46 7 185 7 182 7 37 7 174 7 175 7 59 7 48 7 79 7 146 
8 15 8 22 8 166 8 62 8 81 8 187 8 106 8 124 8 186 8 52 8 33 8 24 8 29 8 103 8 13 8 138 8 136 8 101 8 164 8 83 
9 133 9 123 9 155 9 137 9 112 9 121 9 91 9 181 9 51 9 110 9 149 9 145 9 20 9 25 9 157 9 197 9 97 9 77 9 171 
