Instance filename: ./instances/RCPMSII/RCPMS_Instance_174_m=10_n=200_t=13
Min temperature: 0.1
Max temperature: 0.5
Melhor Solução: 658
Temp div: 20
MCL: 500
PTL: 400
Elapsed time was: 770463
Maquina 1 : 187 57 7 171 172 126 165 109 8 85 167 164 25 176 116 70 21 47 38 144 
Maquina 2 : 138 36 50 49 90 146 62 124 14 192 71 64 54 94 130 52 22 110 1 65 119 27 5 92 152 28 75 
Maquina 3 : 43 182 194 16 45 121 156 137 151 3 23 163 190 133 180 
Maquina 4 : 76 31 112 60 35 128 37 114 134 89 186 162 56 83 193 189 184 82 185 87 59 113 197 
Maquina 5 : 96 198 111 34 63 127 104 159 143 46 78 148 61 153 10 170 139 
Maquina 6 : 175 12 117 19 6 42 150 106 2 129 91 103 95 58 29 67 
Maquina 7 : 157 81 188 98 177 131 72 178 158 125 122 141 183 86 136 102 84 142 79 41 169 53 24 55 40 97 
Maquina 8 : 100 77 17 74 80 4 30 11 93 99 68 120 179 51 0 105 135 195 20 26 39 
Maquina 9 : 18 13 123 196 9 147 88 69 48 199 149 101 15 107 166 155 173 
Maquina 10 : 33 44 160 168 174 115 132 161 66 118 154 181 145 108 32 191 140 73 
Formato de validacao do resultado: 
0 187 0 57 0 7 0 171 0 172 0 126 0 165 0 109 0 8 0 85 0 167 0 164 0 25 0 176 0 116 0 70 0 21 0 47 0 38 0 144 
1 138 1 36 1 50 1 49 1 90 1 146 1 62 1 124 1 14 1 192 1 71 1 64 1 54 1 94 1 130 1 52 1 22 1 110 1 1 1 65 1 119 1 27 1 5 1 92 1 152 1 28 1 75 
2 43 2 182 2 194 2 16 2 45 2 121 2 156 2 137 2 151 2 3 2 23 2 163 2 190 2 133 2 180 
3 76 3 31 3 112 3 60 3 35 3 128 3 37 3 114 3 134 3 89 3 186 3 162 3 56 3 83 3 193 3 189 3 184 3 82 3 185 3 87 3 59 3 113 3 197 
4 96 4 198 4 111 4 34 4 63 4 127 4 104 4 159 4 143 4 46 4 78 4 148 4 61 4 153 4 10 4 170 4 139 
5 175 5 12 5 117 5 19 5 6 5 42 5 150 5 106 5 2 5 129 5 91 5 103 5 95 5 58 5 29 5 67 
6 157 6 81 6 188 6 98 6 177 6 131 6 72 6 178 6 158 6 125 6 122 6 141 6 183 6 86 6 136 6 102 6 84 6 142 6 79 6 41 6 169 6 53 6 24 6 55 6 40 6 97 
7 100 7 77 7 17 7 74 7 80 7 4 7 30 7 11 7 93 7 99 7 68 7 120 7 179 7 51 7 0 7 105 7 135 7 195 7 20 7 26 7 39 
8 18 8 13 8 123 8 196 8 9 8 147 8 88 8 69 8 48 8 199 8 149 8 101 8 15 8 107 8 166 8 155 8 173 
9 33 9 44 9 160 9 168 9 174 9 115 9 132 9 161 9 66 9 118 9 154 9 181 9 145 9 108 9 32 9 191 9 140 9 73 
