Instance filename: ./instances/RCPMSII/RCPMS_Instance_151_m=9_n=200_t=10
Min temperature: 0.1
Max temperature: 0.5
Melhor Solução: 888
Temp div: 20
MCL: 500
PTL: 400
Elapsed time was: 423361
Maquina 1 : 1 21 31 45 48 75 83 85 86 93 118 123 129 139 158 170 178 182 189 194 10 12 39 55 90 
Maquina 2 : 91 100 110 121 142 143 156 171 180 196 0 6 17 30 36 37 40 57 62 74 77 82 
Maquina 3 : 89 96 97 137 147 176 183 190 5 8 11 13 34 43 51 56 60 64 65 66 68 84 88 113 107 102 114 126 
Maquina 4 : 131 144 145 164 181 191 28 33 35 41 61 63 72 73 95 108 119 125 136 150 160 168 188 198 
Maquina 5 : 3 7 22 42 46 52 69 70 71 92 94 98 99 105 109 115 132 135 148 149 151 162 165 186 195 
Maquina 6 : 2 4 14 20 26 29 38 53 58 101 124 133 134 141 157 169 174 184 185 197 199 15 16 32 44 50 67 
Maquina 7 : 79 103 106 117 120 127 140 155 161 167 172 179 23 24 25 49 76 78 111 112 116 
Maquina 8 : 146 138 122 104 87 81 80 59 54 47 27 19 18 9 193 
Maquina 9 : 187 173 166 159 153 152 130 128 154 163 175 177 192 
Formato de validacao do resultado: 
0 1 0 21 0 31 0 45 0 48 0 75 0 83 0 85 0 86 0 93 0 118 0 123 0 129 0 139 0 158 0 170 0 178 0 182 0 189 0 194 0 10 0 12 0 39 0 55 0 90 
1 91 1 100 1 110 1 121 1 142 1 143 1 156 1 171 1 180 1 196 1 0 1 6 1 17 1 30 1 36 1 37 1 40 1 57 1 62 1 74 1 77 1 82 
2 89 2 96 2 97 2 137 2 147 2 176 2 183 2 190 2 5 2 8 2 11 2 13 2 34 2 43 2 51 2 56 2 60 2 64 2 65 2 66 2 68 2 84 2 88 2 113 2 107 2 102 2 114 2 126 
3 131 3 144 3 145 3 164 3 181 3 191 3 28 3 33 3 35 3 41 3 61 3 63 3 72 3 73 3 95 3 108 3 119 3 125 3 136 3 150 3 160 3 168 3 188 3 198 
4 3 4 7 4 22 4 42 4 46 4 52 4 69 4 70 4 71 4 92 4 94 4 98 4 99 4 105 4 109 4 115 4 132 4 135 4 148 4 149 4 151 4 162 4 165 4 186 4 195 
5 2 5 4 5 14 5 20 5 26 5 29 5 38 5 53 5 58 5 101 5 124 5 133 5 134 5 141 5 157 5 169 5 174 5 184 5 185 5 197 5 199 5 15 5 16 5 32 5 44 5 50 5 67 
6 79 6 103 6 106 6 117 6 120 6 127 6 140 6 155 6 161 6 167 6 172 6 179 6 23 6 24 6 25 6 49 6 76 6 78 6 111 6 112 6 116 
7 146 7 138 7 122 7 104 7 87 7 81 7 80 7 59 7 54 7 47 7 27 7 19 7 18 7 9 7 193 
8 187 8 173 8 166 8 159 8 153 8 152 8 130 8 128 8 154 8 163 8 175 8 177 8 192 
