Instance filename: ./instances/RCPMSII/RCPMS_Instance_158_m=9_n=200_t=11
Min temperature: 0.1
Max temperature: 0.5
Melhor Solução: 757
Temp div: 20
MCL: 500
PTL: 400
Elapsed time was: 199070
Maquina 1 : 151 125 95 87 22 31 14 20 175 69 56 79 126 131 77 9 80 7 112 6 83 144 98 103 
Maquina 2 : 149 24 185 36 34 74 5 41 150 101 96 189 120 51 72 180 21 127 100 40 42 139 116 
Maquina 3 : 109 186 182 102 123 129 137 179 153 161 163 183 176 174 166 2 8 12 
Maquina 4 : 154 164 184 187 193 198 107 91 93 75 117 138 135 124 97 39 35 10 190 181 141 94 82 
Maquina 5 : 68 62 46 33 25 27 37 45 61 63 85 142 110 121 128 148 152 162 140 105 
Maquina 6 : 92 55 70 53 169 167 16 26 145 173 38 28 194 171 64 60 32 19 1 
Maquina 7 : 191 4 197 192 52 133 18 29 44 48 90 147 73 59 58 57 54 43 170 65 47 89 106 
Maquina 8 : 158 155 15 67 71 3 196 199 17 113 84 99 156 81 108 172 159 165 11 136 122 134 146 104 160 177 
Maquina 9 : 86 88 119 132 157 78 195 114 115 118 143 130 66 50 49 30 23 111 76 0 188 178 168 13 
Formato de validacao do resultado: 
0 151 0 125 0 95 0 87 0 22 0 31 0 14 0 20 0 175 0 69 0 56 0 79 0 126 0 131 0 77 0 9 0 80 0 7 0 112 0 6 0 83 0 144 0 98 0 103 
1 149 1 24 1 185 1 36 1 34 1 74 1 5 1 41 1 150 1 101 1 96 1 189 1 120 1 51 1 72 1 180 1 21 1 127 1 100 1 40 1 42 1 139 1 116 
2 109 2 186 2 182 2 102 2 123 2 129 2 137 2 179 2 153 2 161 2 163 2 183 2 176 2 174 2 166 2 2 2 8 2 12 
3 154 3 164 3 184 3 187 3 193 3 198 3 107 3 91 3 93 3 75 3 117 3 138 3 135 3 124 3 97 3 39 3 35 3 10 3 190 3 181 3 141 3 94 3 82 
4 68 4 62 4 46 4 33 4 25 4 27 4 37 4 45 4 61 4 63 4 85 4 142 4 110 4 121 4 128 4 148 4 152 4 162 4 140 4 105 
5 92 5 55 5 70 5 53 5 169 5 167 5 16 5 26 5 145 5 173 5 38 5 28 5 194 5 171 5 64 5 60 5 32 5 19 5 1 
6 191 6 4 6 197 6 192 6 52 6 133 6 18 6 29 6 44 6 48 6 90 6 147 6 73 6 59 6 58 6 57 6 54 6 43 6 170 6 65 6 47 6 89 6 106 
7 158 7 155 7 15 7 67 7 71 7 3 7 196 7 199 7 17 7 113 7 84 7 99 7 156 7 81 7 108 7 172 7 159 7 165 7 11 7 136 7 122 7 134 7 146 7 104 7 160 7 177 
8 86 8 88 8 119 8 132 8 157 8 78 8 195 8 114 8 115 8 118 8 143 8 130 8 66 8 50 8 49 8 30 8 23 8 111 8 76 8 0 8 188 8 178 8 168 8 13 
