Instance filename: ./instances/RCPMSII/RCPMS_Instance_66_m=5_n=100_t=7
Min temperature: 0.1
Max temperature: 0.5
Melhor Solução: 622
Temp div: 20
MCL: 500
PTL: 400
Elapsed time was: 52851
Maquina 1 : 40 15 84 73 17 88 6 19 32 82 34 77 74 35 41 1 80 68 55 
Maquina 2 : 65 38 31 76 2 44 83 20 69 79 5 61 52 64 60 12 75 91 63 
Maquina 3 : 29 18 87 47 53 14 58 11 39 37 25 78 66 81 92 93 42 67 36 50 
Maquina 4 : 45 95 7 97 98 49 21 0 46 48 23 22 59 62 90 26 8 70 27 71 85 
Maquina 5 : 54 94 24 4 10 96 28 56 99 33 86 51 30 9 89 43 3 57 13 72 16 
Formato de validacao do resultado: 
0 40 0 15 0 84 0 73 0 17 0 88 0 6 0 19 0 32 0 82 0 34 0 77 0 74 0 35 0 41 0 1 0 80 0 68 0 55 
1 65 1 38 1 31 1 76 1 2 1 44 1 83 1 20 1 69 1 79 1 5 1 61 1 52 1 64 1 60 1 12 1 75 1 91 1 63 
2 29 2 18 2 87 2 47 2 53 2 14 2 58 2 11 2 39 2 37 2 25 2 78 2 66 2 81 2 92 2 93 2 42 2 67 2 36 2 50 
3 45 3 95 3 7 3 97 3 98 3 49 3 21 3 0 3 46 3 48 3 23 3 22 3 59 3 62 3 90 3 26 3 8 3 70 3 27 3 71 3 85 
4 54 4 94 4 24 4 4 4 10 4 96 4 28 4 56 4 99 4 33 4 86 4 51 4 30 4 9 4 89 4 43 4 3 4 57 4 13 4 72 4 16 
