Instance filename: ./instances/RCPMSII/RCPMS_Instance_140_m=8_n=200_t=9
Min temperature: 0.1
Max temperature: 0.5
Melhor Solução: 809
Temp div: 20
MCL: 500
PTL: 400
Elapsed time was: 449254
Maquina 1 : 10 62 144 70 64 17 128 125 155 137 104 107 19 196 146 95 167 41 51 135 44 176 177 124 26 
Maquina 2 : 53 141 147 134 114 18 36 35 198 157 93 22 172 68 65 56 12 49 187 148 78 79 2 58 0 48 
Maquina 3 : 121 154 130 171 46 191 83 166 156 111 105 84 54 197 108 81 24 138 69 60 30 143 90 153 149 92 
Maquina 4 : 161 175 168 86 180 185 76 80 20 194 32 39 31 6 14 139 110 103 91 82 173 4 145 55 52 179 151 159 
Maquina 5 : 67 129 169 174 199 182 186 66 28 122 57 127 142 21 9 8 87 102 190 181 115 123 73 85 195 5 
Maquina 6 : 72 131 120 98 96 126 59 47 193 133 112 75 165 50 99 178 119 183 
Maquina 7 : 3 16 163 158 160 189 188 27 118 116 34 97 100 29 140 132 89 74 170 15 23 152 11 
Maquina 8 : 162 150 109 33 1 25 106 37 38 45 43 88 77 13 101 94 7 71 136 117 113 40 61 63 42 164 184 192 
Formato de validacao do resultado: 
0 10 0 62 0 144 0 70 0 64 0 17 0 128 0 125 0 155 0 137 0 104 0 107 0 19 0 196 0 146 0 95 0 167 0 41 0 51 0 135 0 44 0 176 0 177 0 124 0 26 
1 53 1 141 1 147 1 134 1 114 1 18 1 36 1 35 1 198 1 157 1 93 1 22 1 172 1 68 1 65 1 56 1 12 1 49 1 187 1 148 1 78 1 79 1 2 1 58 1 0 1 48 
2 121 2 154 2 130 2 171 2 46 2 191 2 83 2 166 2 156 2 111 2 105 2 84 2 54 2 197 2 108 2 81 2 24 2 138 2 69 2 60 2 30 2 143 2 90 2 153 2 149 2 92 
3 161 3 175 3 168 3 86 3 180 3 185 3 76 3 80 3 20 3 194 3 32 3 39 3 31 3 6 3 14 3 139 3 110 3 103 3 91 3 82 3 173 3 4 3 145 3 55 3 52 3 179 3 151 3 159 
4 67 4 129 4 169 4 174 4 199 4 182 4 186 4 66 4 28 4 122 4 57 4 127 4 142 4 21 4 9 4 8 4 87 4 102 4 190 4 181 4 115 4 123 4 73 4 85 4 195 4 5 
5 72 5 131 5 120 5 98 5 96 5 126 5 59 5 47 5 193 5 133 5 112 5 75 5 165 5 50 5 99 5 178 5 119 5 183 
6 3 6 16 6 163 6 158 6 160 6 189 6 188 6 27 6 118 6 116 6 34 6 97 6 100 6 29 6 140 6 132 6 89 6 74 6 170 6 15 6 23 6 152 6 11 
7 162 7 150 7 109 7 33 7 1 7 25 7 106 7 37 7 38 7 45 7 43 7 88 7 77 7 13 7 101 7 94 7 7 7 71 7 136 7 117 7 113 7 40 7 61 7 63 7 42 7 164 7 184 7 192 
