Instance filename: ./instances/RCPMSII/RCPMS_Instance_110_m=7_n=100_t=8
Min temperature: 0.1
Max temperature: 0.5
Melhor Solução: 496
Temp div: 20
MCL: 500
PTL: 400
Elapsed time was: 106369
Maquina 1 : 8 41 47 61 62 64 72 81 84 86 93 99 20 25 35 48 54 70 
Maquina 2 : 71 85 91 10 13 24 27 30 33 38 40 45 69 75 79 
Maquina 3 : 88 0 2 5 17 23 29 42 65 67 83 94 
Maquina 4 : 3 4 6 9 12 14 18 31 44 50 52 53 58 60 78 
Maquina 5 : 7 11 15 16 26 37 46 49 51 55 63 66 68 76 
Maquina 6 : 1 28 34 36 39 57 59 73 74 80 82 92 96 98 
Maquina 7 : 19 21 22 32 43 56 77 87 89 90 95 97 
Formato de validacao do resultado: 
0 8 0 41 0 47 0 61 0 62 0 64 0 72 0 81 0 84 0 86 0 93 0 99 0 20 0 25 0 35 0 48 0 54 0 70 
1 71 1 85 1 91 1 10 1 13 1 24 1 27 1 30 1 33 1 38 1 40 1 45 1 69 1 75 1 79 
2 88 2 0 2 2 2 5 2 17 2 23 2 29 2 42 2 65 2 67 2 83 2 94 
3 3 3 4 3 6 3 9 3 12 3 14 3 18 3 31 3 44 3 50 3 52 3 53 3 58 3 60 3 78 
4 7 4 11 4 15 4 16 4 26 4 37 4 46 4 49 4 51 4 55 4 63 4 66 4 68 4 76 
5 1 5 28 5 34 5 36 5 39 5 57 5 59 5 73 5 74 5 80 5 82 5 92 5 96 5 98 
6 19 6 21 6 22 6 32 6 43 6 56 6 77 6 87 6 89 6 90 6 95 6 97 
