Instance filename: ./instances/RCPMSII/RCPMS_Instance_108_m=7_n=100_t=8
Min temperature: 0.1
Max temperature: 0.5
Melhor Solução: 442
Temp div: 20
MCL: 500
PTL: 400
Elapsed time was: 116864
Maquina 1 : 59 24 52 8 14 78 11 96 37 16 36 
Maquina 2 : 64 63 31 58 1 42 3 97 50 98 61 23 66 89 12 81 55 47 
Maquina 3 : 32 27 53 7 95 82 86 99 40 84 48 41 
Maquina 4 : 44 77 28 60 18 4 22 88 5 75 57 43 71 62 
Maquina 5 : 13 26 2 65 20 15 79 10 76 0 91 83 9 35 
Maquina 6 : 87 21 94 30 49 56 38 72 39 45 69 51 73 25 17 
Maquina 7 : 80 54 74 70 33 68 93 90 19 46 67 85 29 34 92 6 
Formato de validacao do resultado: 
0 59 0 24 0 52 0 8 0 14 0 78 0 11 0 96 0 37 0 16 0 36 
1 64 1 63 1 31 1 58 1 1 1 42 1 3 1 97 1 50 1 98 1 61 1 23 1 66 1 89 1 12 1 81 1 55 1 47 
2 32 2 27 2 53 2 7 2 95 2 82 2 86 2 99 2 40 2 84 2 48 2 41 
3 44 3 77 3 28 3 60 3 18 3 4 3 22 3 88 3 5 3 75 3 57 3 43 3 71 3 62 
4 13 4 26 4 2 4 65 4 20 4 15 4 79 4 10 4 76 4 0 4 91 4 83 4 9 4 35 
5 87 5 21 5 94 5 30 5 49 5 56 5 38 5 72 5 39 5 45 5 69 5 51 5 73 5 25 5 17 
6 80 6 54 6 74 6 70 6 33 6 68 6 93 6 90 6 19 6 46 6 67 6 85 6 29 6 34 6 92 6 6 
