Instance filename: ./instances/RCPMSII/RCPMS_Instance_120_m=7_n=100_t=13
Min temperature: 0.1
Max temperature: 0.5
Melhor Solução: 521
Temp div: 20
MCL: 500
PTL: 400
Elapsed time was: 75707
Maquina 1 : 12 23 91 87 68 22 10 28 18 11 0 27 90 
Maquina 2 : 58 51 20 70 48 33 39 45 42 60 82 52 40 34 
Maquina 3 : 44 81 97 53 66 8 62 47 35 13 25 50 95 86 3 85 61 98 
Maquina 4 : 37 89 88 6 84 1 92 96 64 93 41 19 43 49 
Maquina 5 : 77 9 15 55 31 72 99 69 83 46 7 80 24 
Maquina 6 : 30 14 2 94 29 32 5 17 57 16 36 73 78 63 
Maquina 7 : 38 26 21 67 76 56 71 75 4 54 59 79 65 74 
Formato de validacao do resultado: 
0 12 0 23 0 91 0 87 0 68 0 22 0 10 0 28 0 18 0 11 0 0 0 27 0 90 
1 58 1 51 1 20 1 70 1 48 1 33 1 39 1 45 1 42 1 60 1 82 1 52 1 40 1 34 
2 44 2 81 2 97 2 53 2 66 2 8 2 62 2 47 2 35 2 13 2 25 2 50 2 95 2 86 2 3 2 85 2 61 2 98 
3 37 3 89 3 88 3 6 3 84 3 1 3 92 3 96 3 64 3 93 3 41 3 19 3 43 3 49 
4 77 4 9 4 15 4 55 4 31 4 72 4 99 4 69 4 83 4 46 4 7 4 80 4 24 
5 30 5 14 5 2 5 94 5 29 5 32 5 5 5 17 5 57 5 16 5 36 5 73 5 78 5 63 
6 38 6 26 6 21 6 67 6 76 6 56 6 71 6 75 6 4 6 54 6 59 6 79 6 65 6 74 
