Instance filename: ./instances/RCPMSII/RCPMS_Instance_134_m=7_n=200_t=13
Min temperature: 0.1
Max temperature: 0.5
Melhor Solução: 943
Temp div: 20
MCL: 500
PTL: 400
Elapsed time was: 264367
Maquina 1 : 20 6 32 97 102 8 128 94 130 81 12 117 3 36 175 57 16 121 184 4 88 142 7 53 70 198 29 55 
Maquina 2 : 177 153 22 19 54 113 133 107 178 101 95 141 39 28 34 80 163 189 85 72 179 35 111 87 2 166 96 
Maquina 3 : 21 118 173 174 50 59 30 199 112 149 115 116 176 62 106 77 192 122 13 168 89 23 46 136 138 180 150 119 58 75 147 114 
Maquina 4 : 79 42 170 67 126 10 33 83 98 78 26 181 5 127 76 40 44 129 52 144 132 91 18 11 183 154 143 66 61 139 196 
Maquina 5 : 24 172 49 169 125 100 165 48 161 148 17 190 155 135 134 90 82 1 63 185 167 69 145 
Maquina 6 : 186 162 157 193 160 158 60 56 110 15 191 31 65 99 38 152 84 123 151 194 108 188 195 73 109 187 197 164 103 146 
Maquina 7 : 104 9 159 140 51 105 47 182 131 93 0 71 171 45 68 74 124 37 120 41 137 64 14 86 25 156 43 92 27 
Formato de validacao do resultado: 
0 20 0 6 0 32 0 97 0 102 0 8 0 128 0 94 0 130 0 81 0 12 0 117 0 3 0 36 0 175 0 57 0 16 0 121 0 184 0 4 0 88 0 142 0 7 0 53 0 70 0 198 0 29 0 55 
1 177 1 153 1 22 1 19 1 54 1 113 1 133 1 107 1 178 1 101 1 95 1 141 1 39 1 28 1 34 1 80 1 163 1 189 1 85 1 72 1 179 1 35 1 111 1 87 1 2 1 166 1 96 
2 21 2 118 2 173 2 174 2 50 2 59 2 30 2 199 2 112 2 149 2 115 2 116 2 176 2 62 2 106 2 77 2 192 2 122 2 13 2 168 2 89 2 23 2 46 2 136 2 138 2 180 2 150 2 119 2 58 2 75 2 147 2 114 
3 79 3 42 3 170 3 67 3 126 3 10 3 33 3 83 3 98 3 78 3 26 3 181 3 5 3 127 3 76 3 40 3 44 3 129 3 52 3 144 3 132 3 91 3 18 3 11 3 183 3 154 3 143 3 66 3 61 3 139 3 196 
4 24 4 172 4 49 4 169 4 125 4 100 4 165 4 48 4 161 4 148 4 17 4 190 4 155 4 135 4 134 4 90 4 82 4 1 4 63 4 185 4 167 4 69 4 145 
5 186 5 162 5 157 5 193 5 160 5 158 5 60 5 56 5 110 5 15 5 191 5 31 5 65 5 99 5 38 5 152 5 84 5 123 5 151 5 194 5 108 5 188 5 195 5 73 5 109 5 187 5 197 5 164 5 103 5 146 
6 104 6 9 6 159 6 140 6 51 6 105 6 47 6 182 6 131 6 93 6 0 6 71 6 171 6 45 6 68 6 74 6 124 6 37 6 120 6 41 6 137 6 64 6 14 6 86 6 25 6 156 6 43 6 92 6 27 
