Instance filename: ./instances/RCPMSII/RCPMS_Instance_159_m=9_n=200_t=11
Min temperature: 0.1
Max temperature: 0.5
Melhor Solução: 754
Temp div: 20
MCL: 500
PTL: 400
Elapsed time was: 243535
Maquina 1 : 9 10 33 145 166 37 46 141 133 194 189 187 16 30 86 75 70 110 59 103 129 
Maquina 2 : 106 96 95 124 77 85 91 131 128 8 47 29 182 154 6 0 188 121 160 142 35 161 190 
Maquina 3 : 66 67 53 51 13 7 2 1 197 119 65 60 108 158 132 144 152 62 43 55 78 174 
Maquina 4 : 20 44 117 113 175 167 134 168 61 72 112 111 21 41 192 199 69 64 94 50 99 109 125 153 151 15 
Maquina 5 : 57 63 83 89 92 101 115 54 5 195 138 87 123 88 127 24 23 25 178 102 3 
Maquina 6 : 22 56 143 149 146 98 90 191 184 39 45 155 147 120 162 172 180 31 26 193 183 179 
Maquina 7 : 150 136 116 122 135 100 81 159 163 58 68 165 18 38 40 156 170 4 14 34 
Maquina 8 : 28 32 36 27 84 48 104 12 114 139 148 157 173 181 198 11 17 19 76 79 
Maquina 9 : 82 80 74 73 71 169 164 176 171 107 97 105 93 130 126 140 185 186 52 49 42 118 137 177 196 
Formato de validacao do resultado: 
0 9 0 10 0 33 0 145 0 166 0 37 0 46 0 141 0 133 0 194 0 189 0 187 0 16 0 30 0 86 0 75 0 70 0 110 0 59 0 103 0 129 
1 106 1 96 1 95 1 124 1 77 1 85 1 91 1 131 1 128 1 8 1 47 1 29 1 182 1 154 1 6 1 0 1 188 1 121 1 160 1 142 1 35 1 161 1 190 
2 66 2 67 2 53 2 51 2 13 2 7 2 2 2 1 2 197 2 119 2 65 2 60 2 108 2 158 2 132 2 144 2 152 2 62 2 43 2 55 2 78 2 174 
3 20 3 44 3 117 3 113 3 175 3 167 3 134 3 168 3 61 3 72 3 112 3 111 3 21 3 41 3 192 3 199 3 69 3 64 3 94 3 50 3 99 3 109 3 125 3 153 3 151 3 15 
4 57 4 63 4 83 4 89 4 92 4 101 4 115 4 54 4 5 4 195 4 138 4 87 4 123 4 88 4 127 4 24 4 23 4 25 4 178 4 102 4 3 
5 22 5 56 5 143 5 149 5 146 5 98 5 90 5 191 5 184 5 39 5 45 5 155 5 147 5 120 5 162 5 172 5 180 5 31 5 26 5 193 5 183 5 179 
6 150 6 136 6 116 6 122 6 135 6 100 6 81 6 159 6 163 6 58 6 68 6 165 6 18 6 38 6 40 6 156 6 170 6 4 6 14 6 34 
7 28 7 32 7 36 7 27 7 84 7 48 7 104 7 12 7 114 7 139 7 148 7 157 7 173 7 181 7 198 7 11 7 17 7 19 7 76 7 79 
8 82 8 80 8 74 8 73 8 71 8 169 8 164 8 176 8 171 8 107 8 97 8 105 8 93 8 130 8 126 8 140 8 185 8 186 8 52 8 49 8 42 8 118 8 137 8 177 8 196 
