Instance filename: ./instances/RCPMSII/RCPMS_Instance_65_m=5_n=100_t=6
Min temperature: 0.1
Max temperature: 0.5
Melhor Solução: 605
Temp div: 20
MCL: 500
PTL: 400
Elapsed time was: 51290
Maquina 1 : 55 43 37 88 25 70 56 89 54 12 73 95 52 51 97 86 39 40 21 3 
Maquina 2 : 18 10 31 94 13 2 14 33 99 80 93 76 5 84 53 42 44 85 83 72 0 
Maquina 3 : 45 27 68 15 59 26 79 41 82 96 47 77 87 50 38 90 58 7 66 29 
Maquina 4 : 62 1 36 9 34 46 32 23 91 71 35 6 28 48 30 49 74 
Maquina 5 : 67 63 65 69 57 81 92 61 22 64 98 20 60 11 19 8 4 78 16 24 75 17 
Formato de validacao do resultado: 
0 55 0 43 0 37 0 88 0 25 0 70 0 56 0 89 0 54 0 12 0 73 0 95 0 52 0 51 0 97 0 86 0 39 0 40 0 21 0 3 
1 18 1 10 1 31 1 94 1 13 1 2 1 14 1 33 1 99 1 80 1 93 1 76 1 5 1 84 1 53 1 42 1 44 1 85 1 83 1 72 1 0 
2 45 2 27 2 68 2 15 2 59 2 26 2 79 2 41 2 82 2 96 2 47 2 77 2 87 2 50 2 38 2 90 2 58 2 7 2 66 2 29 
3 62 3 1 3 36 3 9 3 34 3 46 3 32 3 23 3 91 3 71 3 35 3 6 3 28 3 48 3 30 3 49 3 74 
4 67 4 63 4 65 4 69 4 57 4 81 4 92 4 61 4 22 4 64 4 98 4 20 4 60 4 11 4 19 4 8 4 4 4 78 4 16 4 24 4 75 4 17 
