Instance filename: ./instances/RCPMSII/RCPMS_Instance_166_m=10_n=200_t=11
Min temperature: 0.1
Max temperature: 0.5
Melhor Solução: 741
Temp div: 20
MCL: 500
PTL: 400
Elapsed time was: 464454
Maquina 1 : 7 95 76 13 37 52 53 55 58 163 151 127 3 1 174 4 14 187 172 139 149 135 123 104 
Maquina 2 : 19 130 166 176 6 28 195 30 33 87 198 148 158 39 5 186 165 63 0 36 92 94 
Maquina 3 : 47 50 103 46 59 85 9 185 93 89 72 108 109 178 
Maquina 4 : 60 66 86 90 125 54 51 17 62 8 16 65 169 24 152 153 184 196 175 177 180 181 
Maquina 5 : 12 26 32 74 78 79 113 168 99 161 112 22 56 25 35 150 70 77 126 136 105 45 20 
Maquina 6 : 142 143 147 11 157 197 121 182 179 171 146 155 192 183 190 120 119 193 162 
Maquina 7 : 111 106 48 57 116 10 83 118 140 133 44 98 84 128 61 31 15 115 
Maquina 8 : 173 27 18 75 2 34 38 91 137 114 141 138 167 100 134 102 88 124 68 64 
Maquina 9 : 188 23 97 122 49 67 21 110 82 42 129 73 40 41 159 189 101 132 69 71 107 156 191 
Maquina 10 : 164 96 194 131 145 154 144 117 170 29 43 160 80 199 81 
Formato de validacao do resultado: 
0 7 0 95 0 76 0 13 0 37 0 52 0 53 0 55 0 58 0 163 0 151 0 127 0 3 0 1 0 174 0 4 0 14 0 187 0 172 0 139 0 149 0 135 0 123 0 104 
1 19 1 130 1 166 1 176 1 6 1 28 1 195 1 30 1 33 1 87 1 198 1 148 1 158 1 39 1 5 1 186 1 165 1 63 1 0 1 36 1 92 1 94 
2 47 2 50 2 103 2 46 2 59 2 85 2 9 2 185 2 93 2 89 2 72 2 108 2 109 2 178 
3 60 3 66 3 86 3 90 3 125 3 54 3 51 3 17 3 62 3 8 3 16 3 65 3 169 3 24 3 152 3 153 3 184 3 196 3 175 3 177 3 180 3 181 
4 12 4 26 4 32 4 74 4 78 4 79 4 113 4 168 4 99 4 161 4 112 4 22 4 56 4 25 4 35 4 150 4 70 4 77 4 126 4 136 4 105 4 45 4 20 
5 142 5 143 5 147 5 11 5 157 5 197 5 121 5 182 5 179 5 171 5 146 5 155 5 192 5 183 5 190 5 120 5 119 5 193 5 162 
6 111 6 106 6 48 6 57 6 116 6 10 6 83 6 118 6 140 6 133 6 44 6 98 6 84 6 128 6 61 6 31 6 15 6 115 
7 173 7 27 7 18 7 75 7 2 7 34 7 38 7 91 7 137 7 114 7 141 7 138 7 167 7 100 7 134 7 102 7 88 7 124 7 68 7 64 
8 188 8 23 8 97 8 122 8 49 8 67 8 21 8 110 8 82 8 42 8 129 8 73 8 40 8 41 8 159 8 189 8 101 8 132 8 69 8 71 8 107 8 156 8 191 
9 164 9 96 9 194 9 131 9 145 9 154 9 144 9 117 9 170 9 29 9 43 9 160 9 80 9 199 9 81 
