Instance filename: ./instances/RCPMSII/RCPMS_Instance_180_m=10_n=200_t=17
Min temperature: 0.1
Max temperature: 0.5
Melhor Solução: 603
Temp div: 20
MCL: 500
PTL: 400
Elapsed time was: 199307
Maquina 1 : 158 193 83 92 190 153 14 24 191 168 135 110 149 109 100 116 28 
Maquina 2 : 134 167 130 1 157 26 16 42 170 139 7 121 143 32 138 12 95 166 145 119 30 
Maquina 3 : 55 89 87 120 171 115 185 177 21 175 195 45 76 62 58 173 59 81 
Maquina 4 : 51 79 111 163 154 174 151 108 156 54 37 155 107 29 20 44 60 78 106 188 
Maquina 5 : 15 142 144 53 122 52 113 41 3 48 84 2 80 63 34 5 82 176 
Maquina 6 : 88 103 102 178 97 123 73 74 19 35 128 137 64 50 165 17 33 136 172 96 
Maquina 7 : 132 93 146 198 197 117 179 129 18 101 36 160 164 70 47 77 94 114 43 65 40 31 67 112 194 140 
Maquina 8 : 57 118 38 91 150 68 152 133 182 125 75 148 56 6 0 90 
Maquina 9 : 104 186 189 72 126 187 71 66 199 124 162 183 192 169 141 69 85 86 161 27 49 131 159 
Maquina 10 : 61 22 11 184 8 98 10 181 127 105 25 46 196 147 39 13 99 9 23 4 180 
Formato de validacao do resultado: 
0 158 0 193 0 83 0 92 0 190 0 153 0 14 0 24 0 191 0 168 0 135 0 110 0 149 0 109 0 100 0 116 0 28 
1 134 1 167 1 130 1 1 1 157 1 26 1 16 1 42 1 170 1 139 1 7 1 121 1 143 1 32 1 138 1 12 1 95 1 166 1 145 1 119 1 30 
2 55 2 89 2 87 2 120 2 171 2 115 2 185 2 177 2 21 2 175 2 195 2 45 2 76 2 62 2 58 2 173 2 59 2 81 
3 51 3 79 3 111 3 163 3 154 3 174 3 151 3 108 3 156 3 54 3 37 3 155 3 107 3 29 3 20 3 44 3 60 3 78 3 106 3 188 
4 15 4 142 4 144 4 53 4 122 4 52 4 113 4 41 4 3 4 48 4 84 4 2 4 80 4 63 4 34 4 5 4 82 4 176 
5 88 5 103 5 102 5 178 5 97 5 123 5 73 5 74 5 19 5 35 5 128 5 137 5 64 5 50 5 165 5 17 5 33 5 136 5 172 5 96 
6 132 6 93 6 146 6 198 6 197 6 117 6 179 6 129 6 18 6 101 6 36 6 160 6 164 6 70 6 47 6 77 6 94 6 114 6 43 6 65 6 40 6 31 6 67 6 112 6 194 6 140 
7 57 7 118 7 38 7 91 7 150 7 68 7 152 7 133 7 182 7 125 7 75 7 148 7 56 7 6 7 0 7 90 
8 104 8 186 8 189 8 72 8 126 8 187 8 71 8 66 8 199 8 124 8 162 8 183 8 192 8 169 8 141 8 69 8 85 8 86 8 161 8 27 8 49 8 131 8 159 
9 61 9 22 9 11 9 184 9 8 9 98 9 10 9 181 9 127 9 105 9 25 9 46 9 196 9 147 9 39 9 13 9 99 9 9 9 23 9 4 9 180 
