Instance filename: ./instances/RCPMSII/RCPMS_Instance_164_m=9_n=200_t=13
Min temperature: 0.1
Max temperature: 0.5
Melhor Solução: 733
Temp div: 20
MCL: 500
PTL: 400
Elapsed time was: 597301
Maquina 1 : 20 132 80 120 129 91 55 9 50 159 95 65 40 93 89 64 52 75 7 60 148 199 87 130 
Maquina 2 : 15 122 146 32 36 171 69 19 173 104 175 73 4 111 106 138 16 99 152 187 82 67 
Maquina 3 : 110 72 197 105 144 140 21 174 26 31 38 125 165 77 151 196 76 3 
Maquina 4 : 181 198 23 57 112 88 195 34 121 37 184 56 169 107 128 131 46 150 137 66 
Maquina 5 : 78 172 96 168 22 160 113 49 70 62 13 12 1 161 134 101 153 30 33 35 155 11 27 167 
Maquina 6 : 191 5 14 18 28 170 53 194 143 51 8 29 179 158 141 117 178 119 123 
Maquina 7 : 102 182 47 193 154 139 109 92 103 189 43 25 145 86 59 42 24 135 149 63 0 71 83 61 
Maquina 8 : 166 54 124 183 163 186 164 85 10 41 97 6 147 127 192 108 190 115 44 116 156 58 81 17 94 
Maquina 9 : 126 162 188 68 74 100 79 48 90 177 84 157 45 176 118 185 136 114 133 180 2 142 39 98 
Formato de validacao do resultado: 
0 20 0 132 0 80 0 120 0 129 0 91 0 55 0 9 0 50 0 159 0 95 0 65 0 40 0 93 0 89 0 64 0 52 0 75 0 7 0 60 0 148 0 199 0 87 0 130 
1 15 1 122 1 146 1 32 1 36 1 171 1 69 1 19 1 173 1 104 1 175 1 73 1 4 1 111 1 106 1 138 1 16 1 99 1 152 1 187 1 82 1 67 
2 110 2 72 2 197 2 105 2 144 2 140 2 21 2 174 2 26 2 31 2 38 2 125 2 165 2 77 2 151 2 196 2 76 2 3 
3 181 3 198 3 23 3 57 3 112 3 88 3 195 3 34 3 121 3 37 3 184 3 56 3 169 3 107 3 128 3 131 3 46 3 150 3 137 3 66 
4 78 4 172 4 96 4 168 4 22 4 160 4 113 4 49 4 70 4 62 4 13 4 12 4 1 4 161 4 134 4 101 4 153 4 30 4 33 4 35 4 155 4 11 4 27 4 167 
5 191 5 5 5 14 5 18 5 28 5 170 5 53 5 194 5 143 5 51 5 8 5 29 5 179 5 158 5 141 5 117 5 178 5 119 5 123 
6 102 6 182 6 47 6 193 6 154 6 139 6 109 6 92 6 103 6 189 6 43 6 25 6 145 6 86 6 59 6 42 6 24 6 135 6 149 6 63 6 0 6 71 6 83 6 61 
7 166 7 54 7 124 7 183 7 163 7 186 7 164 7 85 7 10 7 41 7 97 7 6 7 147 7 127 7 192 7 108 7 190 7 115 7 44 7 116 7 156 7 58 7 81 7 17 7 94 
8 126 8 162 8 188 8 68 8 74 8 100 8 79 8 48 8 90 8 177 8 84 8 157 8 45 8 176 8 118 8 185 8 136 8 114 8 133 8 180 8 2 8 142 8 39 8 98 
