Instance filename: ./instances/RCPMSII/RCPMS_Instance_157_m=9_n=200_t=11
Min temperature: 0.1
Max temperature: 0.5
Melhor Solução: 812
Temp div: 20
MCL: 500
PTL: 400
Elapsed time was: 207052
Maquina 1 : 23 39 56 105 110 115 117 138 141 174 184 188 195 197 48 57 58 60 78 83 103 104 
Maquina 2 : 106 124 65 64 29 15 5 1 140 139 131 70 73 76 77 82 89 92 99 152 170 171 173 
Maquina 3 : 11 28 31 41 45 71 85 90 97 101 114 126 134 142 145 146 161 163 169 172 175 177 180 191 
Maquina 4 : 40 20 12 7 2 178 168 167 158 155 157 198 10 38 42 47 61 86 93 100 120 122 135 
Maquina 5 : 159 179 181 183 186 192 193 196 199 3 16 26 27 44 59 63 109 121 123 133 136 137 149 151 153 156 128 
Maquina 6 : 108 98 95 74 72 53 30 24 18 8 6 189 166 154 148 147 129 116 102 88 75 69 
Maquina 7 : 68 67 55 51 49 43 25 22 14 13 194 190 187 132 127 94 107 111 112 113 118 130 
Maquina 8 : 144 160 162 165 176 0 17 19 32 34 35 36 37 79 91 96 80 66 
Maquina 9 : 54 46 33 21 9 4 50 52 62 81 84 87 119 125 143 150 164 182 185 
Formato de validacao do resultado: 
0 23 0 39 0 56 0 105 0 110 0 115 0 117 0 138 0 141 0 174 0 184 0 188 0 195 0 197 0 48 0 57 0 58 0 60 0 78 0 83 0 103 0 104 
1 106 1 124 1 65 1 64 1 29 1 15 1 5 1 1 1 140 1 139 1 131 1 70 1 73 1 76 1 77 1 82 1 89 1 92 1 99 1 152 1 170 1 171 1 173 
2 11 2 28 2 31 2 41 2 45 2 71 2 85 2 90 2 97 2 101 2 114 2 126 2 134 2 142 2 145 2 146 2 161 2 163 2 169 2 172 2 175 2 177 2 180 2 191 
3 40 3 20 3 12 3 7 3 2 3 178 3 168 3 167 3 158 3 155 3 157 3 198 3 10 3 38 3 42 3 47 3 61 3 86 3 93 3 100 3 120 3 122 3 135 
4 159 4 179 4 181 4 183 4 186 4 192 4 193 4 196 4 199 4 3 4 16 4 26 4 27 4 44 4 59 4 63 4 109 4 121 4 123 4 133 4 136 4 137 4 149 4 151 4 153 4 156 4 128 
5 108 5 98 5 95 5 74 5 72 5 53 5 30 5 24 5 18 5 8 5 6 5 189 5 166 5 154 5 148 5 147 5 129 5 116 5 102 5 88 5 75 5 69 
6 68 6 67 6 55 6 51 6 49 6 43 6 25 6 22 6 14 6 13 6 194 6 190 6 187 6 132 6 127 6 94 6 107 6 111 6 112 6 113 6 118 6 130 
7 144 7 160 7 162 7 165 7 176 7 0 7 17 7 19 7 32 7 34 7 35 7 36 7 37 7 79 7 91 7 96 7 80 7 66 
8 54 8 46 8 33 8 21 8 9 8 4 8 50 8 52 8 62 8 81 8 84 8 87 8 119 8 125 8 143 8 150 8 164 8 182 8 185 
