Instance filename: ./instances/RCPMSII/RCPMS_Instance_103_m=6_n=200_t=13
Min temperature: 0.1
Max temperature: 0.5
Melhor Solução: 1065
Temp div: 20
MCL: 500
PTL: 400
Elapsed time was: 173884
Maquina 1 : 158 166 63 109 105 181 87 164 12 118 141 199 83 152 169 65 154 91 128 79 93 102 94 88 174 30 177 107 41 25 9 139 196 138 62 33 106 57 
Maquina 2 : 22 172 173 111 143 110 2 148 86 10 116 45 66 81 19 171 115 29 162 11 112 127 23 28 123 58 190 
Maquina 3 : 77 146 61 183 24 69 18 96 149 108 52 53 76 38 51 195 95 113 191 159 114 140 142 68 192 131 187 136 198 82 43 
Maquina 4 : 20 126 163 175 194 189 26 180 151 48 8 35 74 59 137 73 0 129 21 64 1 167 101 80 150 36 119 98 37 179 124 13 42 78 47 
Maquina 5 : 84 182 54 31 97 156 186 184 7 121 161 4 6 15 75 133 55 85 145 71 5 99 130 60 134 144 70 46 193 160 120 89 14 
Maquina 6 : 39 3 188 104 103 125 16 92 153 157 90 50 176 34 155 132 117 56 122 165 135 147 67 72 185 168 178 32 44 197 17 40 49 170 100 27 
Formato de validacao do resultado: 
0 158 0 166 0 63 0 109 0 105 0 181 0 87 0 164 0 12 0 118 0 141 0 199 0 83 0 152 0 169 0 65 0 154 0 91 0 128 0 79 0 93 0 102 0 94 0 88 0 174 0 30 0 177 0 107 0 41 0 25 0 9 0 139 0 196 0 138 0 62 0 33 0 106 0 57 
1 22 1 172 1 173 1 111 1 143 1 110 1 2 1 148 1 86 1 10 1 116 1 45 1 66 1 81 1 19 1 171 1 115 1 29 1 162 1 11 1 112 1 127 1 23 1 28 1 123 1 58 1 190 
2 77 2 146 2 61 2 183 2 24 2 69 2 18 2 96 2 149 2 108 2 52 2 53 2 76 2 38 2 51 2 195 2 95 2 113 2 191 2 159 2 114 2 140 2 142 2 68 2 192 2 131 2 187 2 136 2 198 2 82 2 43 
3 20 3 126 3 163 3 175 3 194 3 189 3 26 3 180 3 151 3 48 3 8 3 35 3 74 3 59 3 137 3 73 3 0 3 129 3 21 3 64 3 1 3 167 3 101 3 80 3 150 3 36 3 119 3 98 3 37 3 179 3 124 3 13 3 42 3 78 3 47 
4 84 4 182 4 54 4 31 4 97 4 156 4 186 4 184 4 7 4 121 4 161 4 4 4 6 4 15 4 75 4 133 4 55 4 85 4 145 4 71 4 5 4 99 4 130 4 60 4 134 4 144 4 70 4 46 4 193 4 160 4 120 4 89 4 14 
5 39 5 3 5 188 5 104 5 103 5 125 5 16 5 92 5 153 5 157 5 90 5 50 5 176 5 34 5 155 5 132 5 117 5 56 5 122 5 165 5 135 5 147 5 67 5 72 5 185 5 168 5 178 5 32 5 44 5 197 5 17 5 40 5 49 5 170 5 100 5 27 
