Instance filename: ./instances/200jobs/instanceLarge1353_m=10_n=200_l=30_c=20_s=2.PMTC
Min temperature: 0.1
Max temperature: 0.5
Melhor Solução: 664
Temp div: 16
MCL: 400
PTL: 75000
Elapsed time was: 645332
Maquina 1 : 95 76 171 47 14 159 13 4 53 151 19 162 158 156 153 157 83 33 12 
Maquina 2 : 186 118 22 105 44 103 2 23 75 128 108 79 78 86 9 123 127 120 183 165 54 189 
Maquina 3 : 96 35 114 51 122 124 199 1 81 111 109 56 69 59 113 17 46 66 116 
Maquina 4 : 190 71 177 85 176 192 52 24 48 110 185 178 55 141 129 60 154 82 106 
Maquina 5 : 70 138 36 61 135 32 181 137 65 37 41 39 10 88 40 115 117 15 28 43 38 166 94 
Maquina 6 : 161 148 172 77 102 20 197 25 6 101 155 152 72 179 64 91 195 73 130 
Maquina 7 : 7 0 194 198 191 145 146 31 107 16 126 143 174 119 27 21 144 136 
Maquina 8 : 8 34 131 147 50 173 150 89 100 18 57 170 68 87 74 180 133 188 90 99 
Maquina 9 : 98 187 142 5 132 168 175 149 163 164 30 112 196 45 167 80 169 84 92 26 
Maquina 10 : 104 67 160 121 193 11 97 58 62 42 93 134 63 140 182 3 29 125 184 49 139 
