Instance filename: ./instances/200jobs/instanceLarge882_m=6_n=200_l=30_c=20_s=2.PMTC
Min temperature: 0.1
Max temperature: 0.5
Melhor Solução: 1082
Temp div: 16
MCL: 400
PTL: 75000
Elapsed time was: 1027427
Maquina 1 : 55 195 177 89 109 184 54 148 80 22 102 144 147 3 38 179 10 126 131 68 175 61 12 173 67 64 75 194 57 31 182 164 118 
Maquina 2 : 134 140 92 35 120 95 178 90 69 136 167 78 59 192 16 15 65 133 66 82 47 132 25 107 86 85 18 81 186 40 128 
Maquina 3 : 0 187 104 117 4 24 33 53 116 2 50 99 73 141 63 171 84 44 36 110 13 14 149 98 135 20 158 172 197 181 152 113 108 111 94 124 41 176 
Maquina 4 : 151 157 137 48 5 122 123 193 191 162 37 21 29 93 161 77 8 1 96 190 88 17 114 7 58 185 87 189 11 19 32 199 150 51 160 
Maquina 5 : 97 198 74 146 56 27 23 159 169 71 166 129 101 105 165 106 45 49 34 143 130 154 155 168 43 9 145 163 121 156 103 72 
Maquina 6 : 127 52 188 28 91 138 125 100 142 153 139 112 6 180 76 115 42 39 46 26 60 62 174 196 83 79 170 30 183 70 119 
