Instance filename: ./instances/200jobs/instanceLarge1391_m=10_n=200_l=40_c=20_s=1.PMTC
Min temperature: 0.1
Max temperature: 0.5
Melhor Solução: 2495
Temp div: 16
MCL: 400
PTL: 75000
Elapsed time was: 1098287
Maquina 1 : 18 198 5 122 0 8 103 178 120 112 40 166 116 171 169 61 17 175 86 
Maquina 2 : 23 196 43 29 84 177 182 98 42 115 183 135 124 168 155 77 146 28 1 24 58 
Maquina 3 : 47 184 161 63 109 34 154 153 127 150 48 193 26 195 107 189 35 125 111 
Maquina 4 : 15 102 134 20 132 55 117 174 95 91 50 38 70 59 81 9 93 3 72 
Maquina 5 : 145 156 133 16 164 41 149 82 64 114 121 110 68 6 173 136 30 105 
Maquina 6 : 12 14 159 57 170 162 165 101 119 199 22 142 19 141 92 143 172 158 108 90 13 7 
Maquina 7 : 163 79 27 67 104 126 73 94 85 138 113 11 185 56 191 147 78 4 151 65 152 
Maquina 8 : 31 100 75 39 186 69 160 80 144 194 192 10 118 106 2 66 181 44 96 71 129 83 
Maquina 9 : 167 33 49 88 54 139 89 62 60 130 45 137 188 187 128 87 176 74 99 157 197 
Maquina 10 : 46 179 53 190 123 37 131 76 97 21 51 148 36 25 52 140 32 180 
