Instance filename: ./instances/200jobs/instanceLarge1035_m=7_n=200_l=40_c=20_s=2.PMTC
Min temperature: 0.1
Max temperature: 0.5
Melhor Solução: 946
Temp div: 16
MCL: 400
PTL: 75000
Elapsed time was: 1073718
Maquina 1 : 113 167 58 110 68 46 69 44 160 27 163 18 4 54 67 21 130 123 15 9 136 34 155 151 33 61 74 
Maquina 2 : 41 154 2 47 52 31 129 156 55 30 148 97 181 45 84 25 191 53 175 161 143 197 176 108 177 145 95 169 3 
Maquina 3 : 152 83 133 66 139 60 96 111 162 105 104 12 89 109 14 6 22 184 172 165 59 56 37 180 146 137 94 43 93 199 
Maquina 4 : 131 170 82 120 79 166 144 38 99 173 100 65 71 28 198 50 98 116 19 13 75 51 16 48 187 142 91 57 157 76 
Maquina 5 : 174 23 117 150 40 134 90 159 42 7 5 62 49 138 158 126 101 122 119 182 73 70 8 35 87 178 190 140 114 186 125 
Maquina 6 : 192 183 132 128 135 39 179 195 10 78 92 124 0 141 103 107 86 194 171 121 81 26 24 106 115 196 85 
Maquina 7 : 72 88 189 77 185 11 36 112 153 1 188 29 17 149 102 63 127 147 80 193 168 64 32 20 164 118 
