Instance filename: ./instances/200jobs/instanceLarge1112_m=8_n=200_l=30_c=20_s=1.PMTC
Min temperature: 0.1
Max temperature: 0.5
Melhor Solução: 3316
Temp div: 16
MCL: 400
PTL: 75000
Elapsed time was: 925969
Maquina 1 : 0 56 84 178 80 180 109 196 198 91 30 72 112 4 8 65 46 92 104 147 192 164 78 
Maquina 2 : 150 186 38 165 49 63 141 151 96 15 130 28 185 19 161 88 106 134 159 187 7 183 51 24 2 135 45 
Maquina 3 : 55 40 23 18 149 153 87 170 3 95 193 32 142 43 115 144 176 175 199 128 168 83 122 139 59 57 
Maquina 4 : 52 174 103 69 131 146 110 90 26 94 27 120 102 99 101 169 125 163 136 167 172 173 97 20 31 
Maquina 5 : 191 50 29 68 133 60 105 160 12 119 138 25 118 85 181 42 71 17 162 36 64 182 16 79 117 
Maquina 6 : 10 116 93 107 98 54 21 156 53 47 6 62 127 114 74 171 154 70 140 5 129 113 33 77 89 148 
Maquina 7 : 86 121 158 22 166 137 100 11 177 1 190 58 195 35 124 189 39 194 76 111 143 9 75 145 197 34 67 
Maquina 8 : 152 157 41 48 132 188 126 61 81 66 82 73 184 108 37 179 14 155 44 13 123 
