Instance filename: ./instances/200jobs/instanceLarge1042_m=7_n=200_l=40_c=20_s=0.PMTC
Min temperature: 0.1
Max temperature: 0.5
Melhor Solução: 1869
Temp div: 16
MCL: 400
PTL: 75000
Elapsed time was: 835825
Maquina 1 : 10 107 92 78 126 5 122 178 182 74 34 116 61 33 155 151 180 144 20 118 64 185 11 101 53 181 
Maquina 2 : 119 25 145 125 75 121 3 56 38 98 48 82 157 57 91 142 51 16 19 199 171 193 81 26 106 150 100 113 
Maquina 3 : 22 7 85 42 90 59 173 76 174 117 50 167 89 190 140 87 114 102 186 192 67 21 0 147 130 15 94 136 123 
Maquina 4 : 162 111 105 104 80 143 161 191 175 187 108 169 197 170 133 131 93 137 146 95 196 128 17 88 189 77 165 141 55 
Maquina 5 : 127 63 103 195 115 84 31 152 30 129 124 194 69 159 96 18 44 160 27 45 4 120 166 99 72 29 79 
Maquina 6 : 188 1 153 36 71 32 112 54 65 49 62 158 8 97 110 68 46 177 198 148 176 179 132 39 135 43 66 24 164 
Maquina 7 : 168 58 149 40 134 138 73 47 35 70 52 9 41 14 6 2 154 109 83 12 172 184 23 86 28 183 13 156 60 139 37 163 
