Instance filename: ./instances/200jobs/instanceLarge1328_m=10_n=200_l=30_c=10_s=1.PMTC
Min temperature: 0.1
Max temperature: 0.5
Melhor Solução: 1967
Temp div: 16
MCL: 400
PTL: 75000
Elapsed time was: 651668
Maquina 1 : 132 74 92 182 16 195 174 134 18 60 42 67 193 149 80 30 110 96 91 114 175 
Maquina 2 : 187 77 108 180 177 51 188 107 89 75 198 98 44 138 13 150 70 48 72 12 118 
Maquina 3 : 90 152 186 14 81 8 126 87 127 139 0 125 141 19 54 166 9 161 
Maquina 4 : 63 196 123 100 11 97 66 22 122 57 94 31 76 85 113 116 173 136 145 
Maquina 5 : 29 120 131 104 115 6 112 199 52 69 43 56 5 17 106 86 21 170 109 
Maquina 6 : 158 154 10 163 35 24 164 25 93 71 102 88 64 172 157 20 3 95 41 130 171 46 
Maquina 7 : 135 84 140 39 34 121 185 45 191 159 47 28 168 58 33 26 165 49 83 
Maquina 8 : 4 101 32 169 144 181 148 153 50 183 53 151 62 133 38 37 128 79 
Maquina 9 : 189 55 194 7 59 124 73 155 40 82 147 143 23 197 190 176 117 103 146 167 61 99 27 15 105 
Maquina 10 : 184 137 111 162 78 36 2 65 119 1 178 129 179 142 156 192 68 160 
