Instance filename: ./instances/200jobs/instanceLarge1323_m=10_n=200_l=30_c=10_s=2.PMTC
Min temperature: 0.1
Max temperature: 0.5
Melhor Solução: 610
Temp div: 16
MCL: 400
PTL: 75000
Elapsed time was: 536995
Maquina 1 : 39 135 139 0 142 2 175 65 136 125 193 108 96 6 114 162 78 137 33 
Maquina 2 : 184 105 64 52 192 30 165 172 185 58 117 69 176 146 167 190 197 88 25 164 24 151 
Maquina 3 : 168 124 4 140 160 101 42 68 181 93 98 47 99 26 61 27 71 11 15 129 110 
Maquina 4 : 43 166 36 119 156 1 178 67 179 111 103 122 66 188 170 107 130 157 
Maquina 5 : 76 85 177 121 180 28 191 77 55 21 19 131 158 154 10 9 34 161 62 35 84 
Maquina 6 : 141 126 49 187 32 75 196 91 63 100 3 46 145 113 31 173 116 
Maquina 7 : 115 56 112 45 199 54 5 97 22 81 109 149 17 18 86 128 163 106 120 123 147 20 143 23 40 
Maquina 8 : 13 152 90 51 198 118 186 8 72 70 87 14 48 12 16 144 44 94 138 
Maquina 9 : 57 169 83 148 153 150 134 50 60 183 133 89 79 38 37 159 80 189 104 
Maquina 10 : 194 53 59 102 73 82 7 155 174 195 92 182 74 132 171 95 41 29 127 
