Instance filename: ./instances/200jobs/instanceLarge1309_m=9_n=200_l=40_c=30_s=0.PMTC
Min temperature: 0.1
Max temperature: 0.5
Melhor Solução: 1729
Temp div: 16
MCL: 400
PTL: 75000
Elapsed time was: 1040722
Maquina 1 : 153 134 151 66 107 62 24 65 69 44 61 87 110 128 4 157 154 182 73 129 31 108 163 46 
Maquina 2 : 101 199 93 186 67 191 136 63 143 96 198 139 125 70 114 120 56 10 3 9 27 
Maquina 3 : 81 52 37 106 30 138 147 17 88 109 175 149 74 29 180 148 39 135 116 16 161 
Maquina 4 : 23 166 122 12 54 76 144 19 121 41 85 59 91 90 158 97 132 146 170 189 160 113 13 84 
Maquina 5 : 80 83 50 127 32 60 111 140 5 103 1 45 167 86 98 99 181 119 169 68 100 58 
Maquina 6 : 123 133 176 162 71 130 177 112 18 164 115 8 194 104 64 145 53 79 35 118 
Maquina 7 : 102 159 22 14 196 179 137 21 183 77 48 6 187 172 131 2 89 173 142 117 57 190 168 15 26 
Maquina 8 : 75 42 36 34 193 94 155 55 11 33 28 92 25 82 192 156 47 38 195 141 
Maquina 9 : 124 0 95 51 49 20 126 72 178 185 7 174 165 40 152 197 188 105 43 184 78 150 171 
