Instance filename: ./instances/200jobs/instanceLarge1361_m=10_n=200_l=30_c=20_s=1.PMTC
Min temperature: 0.1
Max temperature: 0.5
Melhor Solução: 2549
Temp div: 16
MCL: 400
PTL: 75000
Elapsed time was: 585741
Maquina 1 : 176 89 164 110 48 185 177 82 187 144 174 39 42 21 106 154 12 99 102 172 77 136 
Maquina 2 : 112 196 30 41 88 40 115 139 20 197 169 26 134 80 92 84 85 31 19 104 153 
Maquina 3 : 76 157 83 3 33 183 54 165 34 122 51 35 189 96 50 142 188 133 98 
Maquina 4 : 61 36 138 70 52 57 159 18 180 100 72 170 68 141 74 90 175 168 59 43 28 
Maquina 5 : 17 10 132 5 67 27 121 124 160 193 161 94 171 69 95 140 47 14 
Maquina 6 : 13 192 93 158 135 22 118 186 44 103 2 75 23 128 184 4 119 
Maquina 7 : 58 105 163 149 198 15 6 182 150 178 45 125 29 63 101 25 117 126 71 143 
Maquina 8 : 155 173 152 87 16 107 120 97 9 24 86 78 62 127 123 156 167 131 147 8 162 
Maquina 9 : 53 151 166 1 81 199 38 46 55 129 111 60 114 64 179 65 194 37 137 32 108 11 181 
Maquina 10 : 148 91 195 73 130 7 0 79 113 190 56 116 66 145 146 191 49 109 
