Instance filename: ./instances/200jobs/instanceLarge1030_m=7_n=200_l=40_c=20_s=0.PMTC
Min temperature: 0.1
Max temperature: 0.5
Melhor Solução: 3150
Temp div: 16
MCL: 400
PTL: 75000
Elapsed time was: 907714
Maquina 1 : 115 24 196 106 128 56 43 146 137 93 133 131 170 72 4 166 120 99 29 79 1 17 188 87 153 112 11 77 185 165 189 88 
Maquina 2 : 36 172 184 59 71 14 65 6 37 130 41 9 94 155 180 151 136 198 111 162 159 7 42 100 145 150 
Maquina 3 : 51 163 75 16 19 90 2 154 116 74 61 84 132 30 31 127 103 49 102 156 63 55 178 199 20 8 97 148 191 160 44 
Maquina 4 : 92 107 141 0 124 129 152 194 86 140 57 91 48 76 174 119 157 104 105 53 10 23 138 149 73 5 47 182 122 70 
Maquina 5 : 101 35 126 167 46 68 110 113 58 195 34 69 171 22 85 83 179 134 26 40 81 121 193 32 15 168 164 181 80 33 183 
Maquina 6 : 45 64 143 118 158 144 173 38 96 117 161 169 108 187 95 177 176 175 62 135 109 12 13 28 
Maquina 7 : 50 60 39 139 25 98 82 66 3 197 21 123 192 125 54 186 67 89 142 78 18 147 27 52 190 114 
