Instance filename: ./instances/200jobs/instanceLarge1336_m=10_n=200_l=30_c=10_s=0.PMTC
Min temperature: 0.1
Max temperature: 0.5
Melhor Solução: 1355
Temp div: 16
MCL: 400
PTL: 75000
Elapsed time was: 609926
Maquina 1 : 122 188 66 103 111 65 36 119 143 184 151 134 94 144 89 108 183 159 
Maquina 2 : 38 79 37 133 5 189 63 55 186 23 147 59 7 124 73 82 155 102 105 40 11 61 71 146 99 27 
Maquina 3 : 47 26 176 194 167 15 81 20 197 172 64 185 88 28 77 21 25 168 24 164 195 140 
Maquina 4 : 14 154 163 165 158 106 33 117 190 69 58 152 51 169 90 118 198 72 150 
Maquina 5 : 70 87 13 50 107 138 44 12 57 93 98 181 160 68 153 53 60 42 48 16 148 4 
Maquina 6 : 101 116 126 0 115 196 123 100 3 46 113 166 145 43 139 67 
Maquina 7 : 110 192 178 1 129 8 156 149 17 56 86 128 18 54 125 19 
Maquina 8 : 193 121 39 136 95 171 29 41 127 130 132 31 182 109 92 74 142 174 191 9 34 
Maquina 9 : 10 161 35 84 62 180 135 141 49 187 32 179 75 177 85 157 76 170 104 
Maquina 10 : 120 97 22 52 45 83 112 199 30 80 173 162 6 2 78 137 91 131 96 175 114 
