Instance filename: ./instances/200jobs/instanceLarge1349_m=10_n=200_l=30_c=10_s=1.PMTC
Min temperature: 0.1
Max temperature: 0.5
Melhor Solução: 1951
Temp div: 16
MCL: 400
PTL: 75000
Elapsed time was: 795790
Maquina 1 : 180 177 108 51 107 89 188 198 13 138 98 169 44 148 144 153 181 151 53 184 
Maquina 2 : 50 183 189 38 79 37 63 75 9 161 29 152 127 126 8 35 109 141 62 
Maquina 3 : 84 135 0 139 140 39 95 41 171 130 20 43 18 17 106 86 163 40 52 
Maquina 4 : 23 147 102 120 143 6 104 157 137 78 162 2 114 131 175 96 136 66 116 115 56 
Maquina 5 : 57 31 76 94 173 85 128 16 179 156 160 68 192 178 1 119 36 65 111 
Maquina 6 : 129 110 15 11 61 105 27 33 93 26 71 99 47 58 12 167 197 176 69 117 103 190 14 
Maquina 7 : 55 45 159 168 164 24 146 88 25 64 34 19 172 81 165 158 154 10 142 187 49 
Maquina 8 : 123 54 91 100 46 3 196 113 145 77 166 32 193 125 101 4 30 
Maquina 9 : 112 199 83 5 133 97 170 22 149 80 122 67 185 60 48 42 121 191 28 
Maquina 10 : 174 92 74 195 132 182 194 118 90 72 70 87 150 186 59 21 155 82 134 124 73 7 
