Instance filename: ./instances/200jobs/instanceLarge1330_m=10_n=200_l=30_c=10_s=0.PMTC
Min temperature: 0.1
Max temperature: 0.5
Melhor Solução: 1607
Temp div: 16
MCL: 400
PTL: 75000
Elapsed time was: 598957
Maquina 1 : 117 190 103 167 69 81 176 12 146 58 197 45 156 47 26 99 61 71 15 168 191 11 
Maquina 2 : 91 9 123 187 55 175 96 131 114 137 2 162 78 6 108 180 79 133 37 159 
Maquina 3 : 38 22 5 52 97 128 185 173 64 122 57 68 66 170 48 85 149 80 67 110 
Maquina 4 : 160 178 192 129 111 93 151 54 1 18 174 134 16 65 36 184 33 
Maquina 5 : 119 82 165 83 40 27 142 49 100 199 115 46 43 145 196 166 3 32 76 113 63 
Maquina 6 : 87 186 150 126 70 72 14 8 152 90 118 75 188 89 198 13 44 98 138 157 107 94 
Maquina 7 : 179 31 148 51 144 62 161 141 84 35 135 0 139 39 121 177 
Maquina 8 : 171 182 130 132 74 92 195 41 95 127 29 116 136 193 125 101 4 112 30 140 17 
Maquina 9 : 56 120 86 106 147 23 20 143 104 194 102 105 73 155 124 7 59 189 53 181 42 153 
Maquina 10 : 50 183 60 169 77 28 164 24 25 88 172 19 34 158 163 10 109 154 21 
