Instance filename: ./instances/200jobs/instanceLarge1241_m=9_n=200_l=30_c=20_s=1.PMTC
Min temperature: 0.1
Max temperature: 0.5
Melhor Solução: 2800
Temp div: 16
MCL: 400
PTL: 75000
Elapsed time was: 945818
Maquina 1 : 45 176 112 57 54 191 34 196 166 113 189 25 195 99 187 188 28 181 93 
Maquina 2 : 133 192 172 92 124 75 78 21 174 14 55 119 72 182 18 121 84 179 169 185 40 67 35 198 122 
Maquina 3 : 150 123 115 118 27 161 29 87 39 49 71 19 136 145 30 90 175 154 102 155 110 137 41 101 20 
Maquina 4 : 184 23 132 80 100 12 79 151 134 60 135 5 46 117 50 107 130 159 186 143 17 66 
Maquina 5 : 129 4 140 52 22 7 44 149 86 177 56 77 106 152 167 194 116 153 51 178 128 11 193 
Maquina 6 : 13 42 163 197 170 180 6 2 47 36 120 144 63 105 0 76 199 183 24 82 190 
Maquina 7 : 146 173 37 83 141 160 15 114 8 88 91 103 32 95 96 165 156 26 138 69 81 16 73 68 111 
Maquina 8 : 147 108 43 65 64 109 158 157 98 104 53 3 61 10 31 59 148 89 38 162 1 97 33 
Maquina 9 : 139 58 127 164 74 70 9 168 142 62 85 171 125 131 94 126 48 
