Instance filename: ./instances/200jobs/instanceLarge1422_m=10_n=200_l=40_c=30_s=2.PMTC
Min temperature: 0.1
Max temperature: 0.5
Melhor Solução: 667
Temp div: 16
MCL: 400
PTL: 75000
Elapsed time was: 1204470
Maquina 1 : 154 41 118 174 173 124 72 147 143 58 134 38 93 179 33 75 168 9 172 83 90 
Maquina 2 : 13 66 194 87 89 10 28 140 59 54 15 159 29 73 191 32 107 34 71 149 
Maquina 3 : 116 7 199 84 52 189 76 176 122 171 37 50 155 95 162 97 108 16 187 139 153 1 46 115 
Maquina 4 : 117 44 169 188 180 125 192 43 79 49 5 30 23 195 0 137 
Maquina 5 : 11 4 156 128 98 181 138 82 91 26 104 47 40 121 94 17 103 86 163 185 198 
Maquina 6 : 131 123 69 141 164 68 101 127 25 88 183 3 114 150 57 45 24 135 177 
Maquina 7 : 106 42 56 165 158 6 48 126 67 170 2 62 64 109 80 53 36 111 161 
Maquina 8 : 61 12 157 31 146 85 21 19 113 196 27 136 120 8 78 148 55 166 81 152 
Maquina 9 : 22 110 193 39 151 14 197 18 178 160 63 99 77 132 167 20 100 35 65 182 175 51 129 
Maquina 10 : 74 92 186 102 145 112 96 133 130 190 60 119 144 105 184 70 142 
