Instance filename: ./instances/200jobs/instanceLarge900_m=6_n=200_l=30_c=20_s=2.PMTC
Min temperature: 0.1
Max temperature: 0.5
Melhor Solução: 1069
Temp div: 16
MCL: 400
PTL: 75000
Elapsed time was: 648358
Maquina 1 : 108 94 124 111 163 63 9 17 88 139 112 6 76 187 77 85 18 59 192 15 177 48 5 122 199 123 129 169 71 166 159 117 119 51 
Maquina 2 : 141 57 162 193 138 67 0 61 144 102 22 80 147 3 38 182 131 179 126 175 68 185 105 98 181 172 115 186 101 158 91 40 24 53 99 2 156 
Maquina 3 : 116 34 49 154 50 143 132 81 125 73 106 20 45 23 12 118 10 33 110 157 104 173 184 146 74 56 198 97 167 160 92 140 134 
Maquina 4 : 164 55 195 31 150 75 194 64 30 183 170 137 27 100 188 174 196 83 72 103 127 95 171 13 151 41 176 19 32 
Maquina 5 : 7 87 11 113 197 152 52 130 78 165 189 149 29 93 86 25 161 191 128 1 8 96 70 114 107 58 39 35 178 21 153 142 190 26 42 135 
Maquina 6 : 46 4 180 79 60 62 69 28 136 90 54 121 43 168 16 89 109 155 148 36 44 84 14 145 82 66 133 37 65 47 120 
