Instance filename: ./instances/200jobs/instanceLarge1313_m=9_n=200_l=40_c=30_s=1.PMTC
Min temperature: 0.1
Max temperature: 0.5
Melhor Solução: 3754
Temp div: 16
MCL: 400
PTL: 75000
Elapsed time was: 732618
Maquina 1 : 164 91 38 47 145 64 104 194 8 122 189 59 85 111 27 93 117 15 168 
Maquina 2 : 32 166 23 161 116 16 187 131 2 100 68 181 119 61 81 52 63 173 96 198 127 195 20 126 72 
Maquina 3 : 178 185 7 6 48 0 124 141 125 70 114 120 170 132 97 95 143 1 69 17 65 24 62 107 
Maquina 4 : 66 151 134 153 130 146 18 177 112 174 152 197 105 188 53 77 90 99 86 36 193 34 
Maquina 5 : 55 14 196 179 21 137 4 157 154 182 73 74 58 87 129 163 31 108 46 199 3 
Maquina 6 : 13 113 160 71 43 184 50 84 83 80 106 37 67 121 89 144 142 51 19 147 5 88 109 
Maquina 7 : 175 149 139 169 172 115 128 57 10 156 183 42 26 56 75 155 11 33 28 92 25 192 82 
Maquina 8 : 171 150 41 49 176 133 123 162 158 136 44 110 40 101 165 9 159 102 22 118 35 79 94 
Maquina 9 : 191 190 186 135 39 148 29 45 30 180 167 98 138 60 140 103 78 12 54 76 
