Instance filename: ./instances/200jobs/instanceLarge1413_m=10_n=200_l=40_c=30_s=2.PMTC
Min temperature: 0.1
Max temperature: 0.5
Melhor Solução: 640
Temp div: 16
MCL: 400
PTL: 75000
Elapsed time was: 481934
Maquina 1 : 189 52 199 84 7 63 29 73 191 32 71 25 101 116 77 132 167 3 88 114 135 57 45 115 
Maquina 2 : 37 46 1 153 139 149 14 151 53 160 18 178 31 170 148 197 22 48 
Maquina 3 : 126 67 6 158 165 56 51 42 106 177 175 182 168 75 179 33 93 163 79 196 43 62 
Maquina 4 : 2 184 143 98 150 128 180 100 35 136 120 157 12 92 129 74 186 40 121 
Maquina 5 : 47 104 26 152 81 166 55 91 161 36 188 194 66 13 90 172 99 89 10 28 140 59 54 127 76 
Maquina 6 : 9 65 164 141 123 69 122 27 111 5 112 102 110 155 87 
Maquina 7 : 159 15 154 83 124 78 131 8 169 198 38 145 86 96 103 134 113 
Maquina 8 : 181 138 82 171 176 162 97 108 16 187 24 61 30 94 185 17 146 85 21 
Maquina 9 : 19 41 133 130 190 58 183 117 142 70 20 105 144 119 60 118 173 174 95 50 80 
Maquina 10 : 109 49 64 192 125 23 11 0 137 156 4 34 195 107 68 72 147 44 39 193 
