Instance filename: ./instances/200jobs/instanceLarge1139_m=8_n=200_l=30_c=20_s=1.PMTC
Min temperature: 0.1
Max temperature: 0.5
Melhor Solução: 3322
Temp div: 16
MCL: 400
PTL: 75000
Elapsed time was: 466833
Maquina 1 : 141 126 61 96 188 106 5 63 134 159 51 183 7 187 58 185 28 130 172 167 118 85 105 
Maquina 2 : 181 132 151 142 173 97 117 186 49 38 50 191 20 31 103 154 29 87 170 68 133 77 135 24 67 73 95 
Maquina 3 : 120 3 26 27 94 102 193 99 163 101 136 114 127 25 12 160 108 195 4 90 110 146 131 69 174 52 
Maquina 4 : 57 121 93 116 86 22 182 178 176 1 80 190 180 109 196 198 91 150 78 168 92 147 164 192 15 81 139 
Maquina 5 : 89 148 33 113 129 2 44 155 79 112 37 184 59 8 65 104 46 70 30 144 115 
Maquina 6 : 43 138 55 158 177 100 11 137 84 166 40 23 60 41 18 149 153 157 152 48 34 197 145 19 9 75 143 
Maquina 7 : 111 76 39 194 189 124 35 122 47 74 140 171 161 175 17 199 128 83 45 13 123 125 165 
Maquina 8 : 179 14 62 6 53 156 54 98 107 88 10 21 72 32 42 71 162 119 66 82 16 64 56 36 169 0 
