Instance filename: ./instances/200jobs/instanceLarge842_m=6_n=200_l=30_c=10_s=1.PMTC
Min temperature: 0.1
Max temperature: 0.5
Melhor Solução: 3405
Temp div: 16
MCL: 400
PTL: 75000
Elapsed time was: 828720
Maquina 1 : 109 165 55 4 17 84 69 149 81 44 145 124 21 128 98 51 42 22 160 169 41 185 23 40 15 1 24 107 110 141 
Maquina 2 : 94 0 78 74 104 187 167 12 37 68 135 163 188 184 86 88 132 33 54 32 131 172 174 139 196 193 183 125 175 70 153 133 198 181 
Maquina 3 : 194 106 147 53 9 170 63 117 46 30 85 192 64 73 8 179 126 143 129 154 3 121 156 11 173 162 199 2 29 39 136 65 111 119 105 25 
Maquina 4 : 164 150 138 59 6 180 140 89 10 100 118 28 144 66 27 57 114 120 127 90 113 50 16 103 83 102 116 148 58 142 
Maquina 5 : 176 43 96 155 60 197 48 123 152 93 5 182 157 177 159 20 31 18 122 151 56 186 75 82 130 101 108 146 35 72 190 14 195 
Maquina 6 : 168 191 171 7 61 97 62 189 91 13 52 76 77 36 99 161 87 115 134 67 80 166 34 178 45 38 95 79 26 112 158 137 92 49 47 71 19 
