Instance filename: ./instances/200jobs/instanceLarge1177_m=8_n=200_l=40_c=30_s=0.PMTC
Min temperature: 0.1
Max temperature: 0.5
Melhor Solução: 1020
Temp div: 16
MCL: 400
PTL: 75000
Elapsed time was: 892956
Maquina 1 : 55 153 116 31 189 107 159 15 186 16 87 139 102 28 110 38 197 97 50 199 114 33 103 75 113 78 195 
Maquina 2 : 26 64 182 178 140 135 132 152 43 36 34 40 0 131 183 118 162 79 133 166 44 96 127 9 184 59 
Maquina 3 : 144 179 180 130 142 4 169 115 67 11 53 120 93 22 2 48 134 191 71 5 68 119 20 173 165 163 136 
Maquina 4 : 57 101 99 146 89 167 10 117 3 148 13 176 105 171 88 49 138 170 157 145 150 185 82 8 39 
Maquina 5 : 6 193 106 121 81 58 111 46 112 47 21 137 65 158 60 24 32 42 30 172 72 56 19 155 51 
Maquina 6 : 45 37 70 177 143 74 149 100 17 126 108 12 160 91 27 181 164 83 141 92 63 80 168 73 61 
Maquina 7 : 175 23 194 85 90 156 84 35 62 98 1 41 128 123 14 66 198 122 161 77 187 192 154 
Maquina 8 : 129 25 125 76 95 52 196 151 188 104 190 18 174 124 94 7 69 54 147 109 29 86 
