Instance filename: ./instances/200jobs/instanceLarge1212_m=9_n=200_l=30_c=10_s=2.PMTC
Min temperature: 0.1
Max temperature: 0.5
Melhor Solução: 738
Temp div: 16
MCL: 400
PTL: 75000
Elapsed time was: 753632
Maquina 1 : 122 29 156 129 9 144 167 21 178 102 189 146 187 28 82 74 27 198 65 109 
Maquina 2 : 4 63 61 53 155 183 137 132 118 142 134 60 10 94 34 131 16 175 182 33 39 
Maquina 3 : 5 1 114 87 184 68 42 50 88 90 49 151 58 158 177 112 186 126 89 55 143 
Maquina 4 : 103 7 100 38 19 85 76 107 125 57 62 192 93 130 121 157 136 116 3 11 23 147 43 191 12 
Maquina 5 : 160 127 120 95 47 174 41 135 73 96 44 169 154 152 64 170 119 80 171 46 70 117 
Maquina 6 : 128 110 113 51 86 24 162 108 17 67 140 56 145 20 8 163 188 141 180 22 
Maquina 7 : 40 98 179 199 37 195 196 176 84 31 190 83 168 104 48 2 181 72 18 172 71 
Maquina 8 : 197 139 193 0 138 45 78 32 69 173 149 36 25 13 101 164 124 54 97 133 26 30 148 75 161 
Maquina 9 : 15 6 106 185 77 115 194 14 92 165 153 123 166 105 150 91 111 35 79 159 99 81 59 52 66 
