Instance filename: ./instances/200jobs/instanceLarge1360_m=10_n=200_l=30_c=20_s=0.PMTC
Min temperature: 0.1
Max temperature: 0.5
Melhor Solução: 1807
Temp div: 16
MCL: 400
PTL: 75000
Elapsed time was: 691071
Maquina 1 : 107 78 2 103 23 128 75 184 139 49 145 125 29 102 77 172 148 9 62 112 
Maquina 2 : 123 120 161 85 31 122 51 35 96 189 54 165 183 1 157 83 33 179 140 
Maquina 3 : 152 72 64 69 46 45 167 156 67 160 121 193 97 86 94 192 22 186 118 16 44 
Maquina 4 : 191 127 28 109 198 110 138 70 36 61 135 32 37 65 137 108 11 34 19 151 162 
Maquina 5 : 53 4 13 14 47 171 95 197 5 132 10 50 17 43 63 38 3 
Maquina 6 : 199 124 181 176 114 60 146 55 129 111 166 104 81 153 84 92 134 169 26 80 133 
Maquina 7 : 57 98 99 188 90 142 12 154 187 144 185 48 177 71 190 56 113 76 59 66 79 116 
Maquina 8 : 155 20 7 130 73 195 0 194 196 105 15 6 182 117 163 149 175 168 74 
Maquina 9 : 170 68 141 87 100 18 180 52 89 150 173 24 178 147 131 8 136 27 21 91 58 82 
Maquina 10 : 159 93 42 174 106 30 41 158 39 88 40 115 164 25 101 119 143 126 
