Instance filename: ./instances/200jobs/instanceLarge1427_m=10_n=200_l=40_c=30_s=1.PMTC
Min temperature: 0.1
Max temperature: 0.5
Melhor Solução: 3246
Temp div: 16
MCL: 400
PTL: 75000
Elapsed time was: 723024
Maquina 1 : 193 110 22 152 81 47 166 91 55 161 36 124 83 7 199 84 52 189 76 176 122 171 
Maquina 2 : 138 102 65 35 100 150 128 184 98 181 38 145 134 93 179 79 43 62 196 108 97 
Maquina 3 : 16 187 24 113 73 191 29 136 78 8 169 33 198 185 163 86 103 94 61 17 23 
Maquina 4 : 12 92 129 74 186 48 126 67 170 123 69 164 39 40 44 151 195 68 14 
Maquina 5 : 197 18 131 178 160 192 125 157 146 21 85 41 19 6 158 165 56 42 106 177 
Maquina 6 : 175 51 58 141 162 155 87 159 15 54 59 140 28 10 142 70 20 127 88 
Maquina 7 : 183 25 30 27 111 5 112 75 168 120 9 172 64 49 105 144 119 60 118 173 50 174 
Maquina 8 : 95 80 82 0 137 11 4 156 2 31 143 121 104 26 63 190 130 133 96 
Maquina 9 : 109 139 153 1 46 37 115 117 57 45 182 148 53 34 149 71 107 32 89 90 
Maquina 10 : 13 66 194 135 188 180 147 72 114 3 167 132 77 99 116 101 154 
