Instance filename: ./instances/200jobs/instanceLarge973_m=7_n=200_l=30_c=10_s=0.PMTC
Min temperature: 0.1
Max temperature: 0.5
Melhor Solução: 1064
Temp div: 16
MCL: 400
PTL: 75000
Elapsed time was: 589078
Maquina 1 : 176 61 168 99 191 189 18 165 67 134 159 57 120 115 93 192 3 2 126 30 179 102 169 103 13 
Maquina 2 : 193 31 84 9 122 180 124 186 106 0 6 1 77 161 190 138 90 130 125 194 69 133 87 123 36 58 96 181 53 
Maquina 3 : 144 131 172 140 127 73 177 94 44 182 48 188 41 95 16 166 35 111 170 92 81 196 197 184 82 88 116 187 60 98 135 
Maquina 4 : 147 63 64 40 28 91 109 137 112 178 154 38 119 37 50 10 45 22 163 143 56 66 160 150 129 7 12 27 51 32 145 151 
Maquina 5 : 42 14 11 146 173 113 104 24 5 75 83 142 185 21 72 118 156 47 199 74 33 59 65 62 20 86 15 148 49 55 
Maquina 6 : 100 155 157 8 89 114 70 158 107 162 101 4 128 183 76 79 174 39 149 97 164 175 152 85 139 
Maquina 7 : 46 198 195 108 68 136 78 167 17 80 71 52 105 110 34 26 54 23 43 29 121 117 153 132 25 171 19 141 
