Instance filename: ./instances/200jobs/instanceLarge1078_m=7_n=200_l=40_c=30_s=0.PMTC
Min temperature: 0.1
Max temperature: 0.5
Melhor Solução: 4327
Temp div: 16
MCL: 400
PTL: 75000
Elapsed time was: 613826
Maquina 1 : 47 75 140 168 176 14 41 195 58 127 0 143 179 198 154 97 146 63 59 171 106 81 152 52 82 69 130 89 
Maquina 2 : 135 136 87 46 100 123 182 116 86 126 173 36 169 27 34 96 11 49 78 110 107 48 128 122 3 150 186 184 60 
Maquina 3 : 28 74 83 165 189 44 155 162 159 108 104 121 124 37 98 54 5 18 178 73 148 84 105 134 133 153 174 115 145 
Maquina 4 : 43 15 19 118 120 112 23 191 137 88 22 158 7 103 38 114 26 170 93 55 147 95 64 31 172 141 4 109 156 
Maquina 5 : 66 85 17 71 91 9 29 117 132 102 30 68 129 199 197 53 40 157 61 8 193 183 161 160 187 10 45 21 185 
Maquina 6 : 76 131 57 80 77 70 101 42 149 113 51 167 24 99 111 12 177 79 119 151 139 72 164 13 1 62 181 142 
Maquina 7 : 163 94 33 50 67 2 196 92 32 20 65 175 188 56 90 39 180 35 16 166 192 6 144 25 125 194 138 190 
