Instance filename: ./instances/200jobs/instanceLarge1053_m=7_n=200_l=40_c=30_s=2.PMTC
Min temperature: 0.1
Max temperature: 0.5
Melhor Solução: 939
Temp div: 16
MCL: 400
PTL: 75000
Elapsed time was: 687051
Maquina 1 : 40 197 174 44 155 133 32 153 175 20 112 66 128 48 180 95 76 162 127 0 65 108 111 165 
Maquina 2 : 148 105 134 59 82 22 69 130 89 1 181 142 163 11 33 23 194 38 64 31 172 182 116 104 57 131 159 191 47 171 122 107 75 87 
Maquina 3 : 94 136 46 100 123 199 198 193 53 179 149 39 143 58 85 71 17 132 91 9 160 138 109 
Maquina 4 : 45 21 185 4 63 164 139 62 88 170 41 86 103 113 77 13 101 80 140 166 192 10 35 16 186 150 3 184 90 
Maquina 5 : 188 56 6 29 18 73 84 145 43 30 102 129 50 115 189 147 93 137 195 176 26 14 141 168 151 110 78 49 67 
Maquina 6 : 2 92 178 196 72 19 15 118 55 154 97 146 70 135 81 52 152 106 117 68 121 156 42 7 124 37 98 54 5 
Maquina 7 : 187 161 183 8 157 79 119 61 36 169 27 126 34 96 144 125 25 83 60 74 28 120 173 158 167 51 114 177 12 99 24 190 
