Instance filename: ./instances/200jobs/instanceLarge972_m=7_n=200_l=30_c=10_s=2.PMTC
Min temperature: 0.1
Max temperature: 0.5
Melhor Solução: 922
Temp div: 16
MCL: 400
PTL: 75000
Elapsed time was: 489915
Maquina 1 : 116 39 134 169 183 51 88 145 151 11 42 14 68 144 74 172 102 47 126 140 188 127 73 182 94 44 77 48 38 
Maquina 2 : 141 199 21 87 69 153 76 171 25 128 3 125 133 79 158 4 67 8 195 22 108 163 85 152 198 104 175 131 174 
Maquina 3 : 97 63 28 18 165 57 120 115 111 136 78 80 54 159 17 123 36 96 181 58 53 121 176 61 168 81 189 194 32 191 
Maquina 4 : 99 196 197 184 23 129 7 27 12 177 160 29 66 185 26 147 150 143 56 45 10 50 119 190 178 37 98 113 137 154 5 24 112 
Maquina 5 : 173 75 34 83 132 179 103 130 146 90 30 192 187 106 2 0 6 1 156 161 110 84 52 71 
Maquina 6 : 167 117 19 186 13 149 101 193 105 164 46 107 139 93 70 31 9 122 138 180 124 64 40 135 82 142 91 43 109 
Maquina 7 : 60 170 16 166 95 41 162 35 92 89 114 157 59 55 49 155 62 33 65 86 148 20 100 118 15 72 
