Instance filename: ./instances/200jobs/instanceLarge1281_m=9_n=200_l=40_c=20_s=2.PMTC
Min temperature: 0.1
Max temperature: 0.5
Melhor Solução: 737
Temp div: 16
MCL: 400
PTL: 75000
Elapsed time was: 1059026
Maquina 1 : 12 20 131 158 100 85 94 93 99 113 156 111 150 178 7 185 176 108 75 193 13 120 128 
Maquina 2 : 110 37 155 115 141 184 33 198 117 109 31 173 64 14 102 76 183 90 8 57 164 
Maquina 3 : 116 137 171 186 97 34 179 121 50 199 127 123 87 95 138 82 41 146 161 
Maquina 4 : 197 30 144 98 42 79 160 107 28 91 68 69 119 55 67 149 52 188 103 43 
Maquina 5 : 192 140 168 27 10 195 51 157 23 169 125 11 77 6 36 65 15 18 32 48 73 151 80 143 
Maquina 6 : 135 88 74 35 71 134 59 129 152 83 114 61 147 92 101 194 54 105 166 39 70 1 72 153 24 9 
Maquina 7 : 25 145 21 38 159 170 165 0 189 187 190 177 62 154 84 182 22 112 162 130 
Maquina 8 : 81 139 175 26 60 148 86 180 19 124 133 44 63 167 106 196 47 2 132 29 96 66 45 122 
Maquina 9 : 49 40 56 126 174 16 181 3 163 4 5 58 46 142 172 17 136 78 53 104 118 191 89 
