Instance filename: ./instances/200jobs/instanceLarge1429_m=10_n=200_l=40_c=30_s=0.PMTC
Min temperature: 0.1
Max temperature: 0.5
Melhor Solução: 1701
Temp div: 16
MCL: 400
PTL: 75000
Elapsed time was: 591806
Maquina 1 : 154 199 83 84 7 116 58 99 89 10 28 140 59 15 159 87 155 50 37 
Maquina 2 : 171 122 176 69 76 189 4 135 195 151 44 143 121 40 47 104 26 152 81 
Maquina 3 : 166 55 91 161 36 111 5 112 110 102 158 165 56 42 106 177 150 45 57 117 115 
Maquina 4 : 53 148 78 8 124 146 133 41 19 21 85 17 94 163 185 198 123 141 68 164 101 
Maquina 5 : 25 127 88 183 52 114 3 125 1 46 61 167 20 100 35 65 136 120 157 12 
Maquina 6 : 23 43 14 131 197 18 178 31 170 67 126 48 72 147 92 186 74 129 188 
Maquina 7 : 180 169 168 33 179 75 134 62 2 93 181 82 138 160 11 0 137 156 98 128 
Maquina 8 : 6 54 153 139 77 173 149 71 34 32 107 73 191 63 29 51 175 182 187 24 
Maquina 9 : 113 39 16 108 162 196 142 70 184 105 144 119 60 190 130 96 103 86 30 38 97 
Maquina 10 : 27 80 109 49 79 192 174 118 145 95 64 9 172 90 13 66 194 132 22 193 
