Instance filename: ./instances/200jobs/instanceLarge1195_m=8_n=200_l=40_c=30_s=0.PMTC
Min temperature: 0.1
Max temperature: 0.5
Melhor Solução: 2746
Temp div: 16
MCL: 400
PTL: 75000
Elapsed time was: 1004727
Maquina 1 : 105 26 7 198 14 123 128 189 60 65 42 96 54 69 124 174 190 104 4 28 110 38 197 97 
Maquina 2 : 178 44 49 88 39 22 34 29 81 86 137 121 106 193 6 170 142 87 180 32 111 130 160 48 2 93 31 1 15 
Maquina 3 : 41 141 92 63 80 119 116 153 143 55 158 132 167 140 3 117 10 188 30 172 72 
Maquina 4 : 19 155 138 89 45 70 37 177 74 126 149 17 50 108 95 100 91 27 181 164 83 162 79 166 194 85 90 156 21 94 147 
Maquina 5 : 113 78 195 146 47 66 9 127 109 133 182 8 150 185 82 114 196 67 134 191 71 5 68 18 
Maquina 6 : 40 51 173 98 35 84 20 129 154 192 187 77 161 122 131 183 118 12 165 163 57 136 101 99 75 
Maquina 7 : 103 144 157 179 59 52 151 33 76 25 125 145 169 139 102 171 58 112 46 186 16 175 23 
Maquina 8 : 61 184 159 107 0 24 120 11 53 64 115 73 168 56 135 152 62 43 36 176 13 148 199 
