Instance filename: ./instances/200jobs/instanceLarge1185_m=8_n=200_l=40_c=30_s=2.PMTC
Min temperature: 0.1
Max temperature: 0.5
Melhor Solução: 794
Temp div: 16
MCL: 400
PTL: 75000
Elapsed time was: 752564
Maquina 1 : 199 196 22 93 2 48 160 91 27 125 25 3 76 151 52 157 59 0 86 29 
Maquina 2 : 34 137 172 30 42 32 180 8 75 101 99 136 129 165 46 47 9 63 77 7 187 181 36 43 132 54 
Maquina 3 : 69 124 174 190 104 4 28 110 109 133 127 96 44 143 178 97 197 112 39 90 156 21 147 94 113 114 33 103 186 
Maquina 4 : 49 16 87 139 6 193 140 167 117 148 13 176 105 171 158 182 72 56 192 120 11 53 191 
Maquina 5 : 67 115 169 146 74 149 17 100 126 108 153 55 162 79 194 154 18 134 71 5 68 119 152 116 163 82 
Maquina 6 : 135 177 92 142 38 102 78 195 26 40 51 37 70 45 138 89 155 19 144 57 130 1 111 
Maquina 7 : 173 20 84 35 62 98 65 60 24 122 161 198 14 66 123 128 41 188 31 189 83 164 141 175 23 61 184 159 107 15 85 
Maquina 8 : 73 168 80 166 58 81 121 106 131 183 118 12 95 64 179 170 185 88 145 150 50 10 
