Instance filename: ./instances/200jobs/instanceLarge1310_m=9_n=200_l=40_c=30_s=1.PMTC
Min temperature: 0.1
Max temperature: 0.5
Melhor Solução: 3706
Temp div: 16
MCL: 400
PTL: 75000
Elapsed time was: 804010
Maquina 1 : 148 135 39 9 70 23 166 122 12 54 76 35 189 144 79 132 167 98 86 99 181 119 68 2 131 187 
Maquina 2 : 172 6 156 38 134 112 177 18 130 146 153 36 193 42 75 26 168 15 27 165 
Maquina 3 : 7 185 178 72 126 20 195 49 51 162 56 125 34 141 159 118 55 14 196 179 94 137 97 
Maquina 4 : 145 64 104 4 157 154 182 73 74 58 149 192 25 171 150 82 11 194 8 16 
Maquina 5 : 57 22 161 128 116 183 21 48 198 96 173 47 100 127 199 13 3 10 44 136 158 102 180 110 
Maquina 6 : 87 40 101 46 163 108 31 129 61 71 160 113 170 0 124 95 32 60 139 81 155 67 
Maquina 7 : 121 89 152 84 50 80 83 66 151 43 186 115 106 52 37 142 190 191 30 138 63 184 
Maquina 8 : 105 53 29 90 143 176 133 123 164 91 59 77 85 41 33 28 92 188 197 111 
Maquina 9 : 120 93 24 62 65 69 17 107 45 1 78 103 140 117 5 19 147 174 88 109 175 169 114 
