Instance filename: ./instances/200jobs/instanceLarge1100_m=8_n=200_l=30_c=10_s=1.PMTC
Min temperature: 0.1
Max temperature: 0.5
Melhor Solução: 2532
Temp div: 16
MCL: 400
PTL: 75000
Elapsed time was: 464799
Maquina 1 : 129 171 3 72 128 75 127 36 148 145 32 85 112 143 147 188 69 152 137 65 102 54 176 49 122 
Maquina 2 : 41 125 68 179 156 62 5 154 132 108 124 92 0 38 28 67 150 99 10 21 193 162 164 131 82 133 105 163 130 
Maquina 3 : 114 63 153 100 173 186 7 42 34 168 12 79 11 199 119 58 70 191 46 91 115 141 96 8 24 120 
Maquina 4 : 81 73 93 149 13 20 37 198 175 165 144 15 195 52 66 180 98 172 104 35 106 47 18 196 189 161 110 
Maquina 5 : 48 50 160 57 4 181 87 43 184 26 27 123 138 77 146 53 95 166 86 2 182 151 9 55 
Maquina 6 : 22 140 59 109 78 192 76 118 97 187 194 155 101 134 139 64 39 117 177 31 
Maquina 7 : 30 158 90 89 178 84 45 19 80 183 197 33 23 157 61 169 107 185 56 88 116 142 25 60 
Maquina 8 : 121 136 174 126 1 44 135 40 16 51 159 6 74 103 71 94 113 167 190 111 83 17 29 14 170 
