Instance filename: ./instances/200jobs/instanceLarge1356_m=10_n=200_l=30_c=20_s=2.PMTC
Min temperature: 0.1
Max temperature: 0.5
Melhor Solução: 632
Temp div: 16
MCL: 400
PTL: 75000
Elapsed time was: 815491
Maquina 1 : 163 149 15 105 182 150 45 140 124 111 129 60 114 72 89 176 110 185 177 
Maquina 2 : 187 144 55 142 98 99 188 133 87 68 170 113 162 152 155 6 101 112 25 126 
Maquina 3 : 143 173 52 159 57 18 100 79 20 28 7 130 73 195 66 
Maquina 4 : 0 194 64 184 139 49 125 29 145 191 146 38 43 120 123 24 
Maquina 5 : 86 62 9 148 172 77 141 190 71 1 169 31 134 26 85 92 84 80 178 196 175 74 168 5 
Maquina 6 : 132 131 121 11 116 27 39 91 58 119 14 63 179 35 96 50 54 165 183 161 97 33 83 
Maquina 7 : 157 153 81 47 164 19 127 107 78 103 2 75 23 128 44 16 186 22 192 118 94 
Maquina 8 : 166 181 158 193 151 171 95 197 122 34 67 199 156 3 46 167 147 8 136 
Maquina 9 : 21 160 12 154 106 48 42 93 135 30 174 51 137 37 65 41 10 88 117 115 180 
Maquina 10 : 76 59 69 56 109 82 198 90 138 70 36 61 32 17 102 108 189 104 40 53 4 13 
