Instance filename: ./instances/200jobs/instanceLarge1156_m=8_n=200_l=40_c=20_s=0.PMTC
Min temperature: 0.1
Max temperature: 0.5
Melhor Solução: 2687
Temp div: 16
MCL: 400
PTL: 75000
Elapsed time was: 492618
Maquina 1 : 101 75 186 154 9 15 174 136 59 81 138 103 128 108 160 52 148 161 142 14 189 121 124 69 58 
Maquina 2 : 147 159 84 90 60 93 29 195 194 80 30 168 193 35 102 120 71 24 28 68 144 141 
Maquina 3 : 116 185 43 127 199 85 62 26 72 191 55 166 153 34 179 36 152 63 175 70 150 99 74 53 157 12 162 
Maquina 4 : 181 83 173 188 132 96 23 65 125 187 107 0 57 164 45 112 46 2 156 119 33 177 4 31 18 134 100 
Maquina 5 : 110 151 114 32 1 21 123 47 22 89 10 155 98 196 40 27 5 88 183 163 167 20 50 56 
Maquina 6 : 118 49 51 109 6 104 7 126 158 113 8 190 140 146 13 61 178 11 137 92 131 38 143 170 145 
Maquina 7 : 95 198 169 129 3 77 165 41 111 115 44 76 180 66 17 105 172 37 64 86 94 139 176 171 135 
Maquina 8 : 97 82 16 87 19 122 42 182 79 130 117 25 133 197 67 192 48 184 39 91 149 78 73 106 54 
