Instance filename: ./instances/200jobs/instanceLarge959_m=6_n=200_l=40_c=30_s=1.PMTC
Min temperature: 0.1
Max temperature: 0.5
Melhor Solução: 5605
Temp div: 16
MCL: 400
PTL: 75000
Elapsed time was: 693417
Maquina 1 : 104 192 131 116 74 30 106 27 198 100 33 11 99 194 144 164 3 26 36 159 193 158 110 140 7 39 56 80 184 132 59 69 
Maquina 2 : 153 141 89 168 118 130 51 129 149 167 6 107 32 197 150 102 31 157 182 44 109 71 49 195 70 114 147 196 103 136 189 61 
Maquina 3 : 169 20 190 25 175 125 81 68 120 151 178 23 79 9 97 181 62 8 87 38 58 10 177 111 92 66 41 143 73 122 176 133 83 75 108 86 121 
Maquina 4 : 128 24 46 82 5 91 105 160 155 146 29 117 35 96 45 37 134 113 77 156 14 135 161 60 124 54 183 48 163 22 137 21 123 
Maquina 5 : 186 171 88 55 90 179 19 57 84 191 53 52 72 2 78 98 76 138 94 165 63 50 112 47 145 180 16 152 28 1 4 34 119 15 126 
Maquina 6 : 127 101 154 67 43 173 40 12 13 174 187 42 166 139 17 185 93 115 148 85 142 65 170 18 64 162 188 199 0 95 172 
