Instance filename: ./instances/200jobs/instanceLarge1400_m=10_n=200_l=40_c=20_s=1.PMTC
Min temperature: 0.1
Max temperature: 0.5
Melhor Solução: 2493
Temp div: 16
MCL: 400
PTL: 75000
Elapsed time was: 1025068
Maquina 1 : 97 37 131 46 100 179 53 190 135 120 88 191 3 155 64 77 83 16 94 90 138 
Maquina 2 : 198 173 30 136 68 177 70 6 175 45 2 23 125 27 111 99 98 86 196 
Maquina 3 : 141 48 127 150 47 33 104 128 133 105 93 114 63 34 109 161 154 112 
Maquina 4 : 178 184 0 24 49 186 21 36 32 140 52 8 40 14 166 170 31 102 56 
Maquina 5 : 73 85 41 126 172 67 122 81 113 62 199 11 7 87 25 9 59 103 139 
Maquina 6 : 160 145 72 61 17 156 118 185 164 44 149 92 171 82 121 65 5 
Maquina 7 : 18 4 66 152 181 116 80 75 39 15 134 188 54 187 153 20 55 132 174 117 95 91 38 51 
Maquina 8 : 148 129 96 110 28 76 1 42 168 147 43 183 115 12 143 182 84 29 169 22 69 142 
Maquina 9 : 162 101 57 165 130 159 137 89 123 19 167 144 119 192 163 146 180 58 79 124 151 106 
Maquina 10 : 13 158 60 108 10 194 176 157 74 71 197 195 107 35 189 78 26 50 193 
