Instance filename: ./instances/200jobs/instanceLarge1094_m=8_n=200_l=30_c=10_s=1.PMTC
Min temperature: 0.1
Max temperature: 0.5
Melhor Solução: 2526
Temp div: 16
MCL: 400
PTL: 75000
Elapsed time was: 425818
Maquina 1 : 107 168 7 57 162 161 196 174 73 15 149 148 13 120 81 135 51 170 87 14 43 184 25 181 
Maquina 2 : 60 56 88 182 155 118 101 97 160 187 194 32 145 142 197 35 63 114 130 105 163 133 
Maquina 3 : 76 164 38 153 34 79 12 58 11 119 110 139 49 5 179 68 41 156 125 26 134 188 122 176 53 111 83 85 190 
Maquina 4 : 137 167 112 74 113 126 40 16 44 177 33 71 132 84 78 19 2 42 80 109 59 157 61 
Maquina 5 : 154 29 50 23 94 48 1 159 6 9 140 22 55 143 62 8 96 191 115 70 103 17 185 91 173 4 46 
Maquina 6 : 100 93 128 178 89 183 90 158 31 45 47 192 36 144 37 20 198 175 165 195 52 186 129 
Maquina 7 : 24 66 141 116 199 67 150 193 99 21 10 28 131 189 172 3 108 123 92 121 124 75 18 72 171 127 
Maquina 8 : 86 98 166 136 104 39 117 106 30 169 27 180 64 0 65 77 95 102 146 138 69 151 82 152 147 54 
