Instance filename: ./instances/200jobs/instanceLarge1327_m=10_n=200_l=30_c=10_s=0.PMTC
Min temperature: 0.1
Max temperature: 0.5
Melhor Solução: 853
Temp div: 16
MCL: 400
PTL: 75000
Elapsed time was: 820064
Maquina 1 : 78 180 2 162 114 96 136 29 131 175 127 187 109 161 166 141 35 84 
Maquina 2 : 135 140 62 49 83 26 93 111 99 137 27 184 8 54 105 91 165 
Maquina 3 : 192 112 30 4 22 55 106 5 17 18 86 6 173 56 115 57 116 169 
Maquina 4 : 94 16 144 51 32 101 124 53 77 181 108 113 65 24 164 25 64 88 172 
Maquina 5 : 146 33 20 15 167 69 81 143 23 40 147 197 190 117 176 103 130 71 61 11 139 43 
Maquina 6 : 0 126 156 160 38 31 178 1 119 151 134 36 155 7 59 82 102 73 194 104 189 199 37 79 
Maquina 7 : 120 52 68 97 66 170 122 188 157 76 107 85 177 193 121 149 80 
Maquina 8 : 67 110 145 128 179 132 142 196 129 3 100 123 46 41 171 95 39 125 133 21 
Maquina 9 : 158 154 10 19 34 58 45 9 168 191 47 159 195 28 163 174 89 185 60 50 183 
Maquina 10 : 150 148 98 138 44 13 198 42 14 63 153 75 87 186 74 182 48 70 72 12 92 118 90 152 
