Instance filename: ./instances/200jobs/instanceLarge849_m=6_n=200_l=30_c=10_s=2.PMTC
Min temperature: 0.1
Max temperature: 0.5
Melhor Solução: 1014
Temp div: 16
MCL: 400
PTL: 75000
Elapsed time was: 815843
Maquina 1 : 108 35 101 28 165 15 199 3 111 39 65 29 89 178 72 90 113 134 168 7 171 191 149 177 153 124 175 70 125 102 118 68 25 
Maquina 2 : 45 135 95 115 92 26 188 71 104 11 94 0 181 78 43 176 142 148 116 197 60 56 48 170 96 30 23 6 50 16 1 103 73 136 
Maquina 3 : 182 18 166 34 80 67 105 31 161 52 91 77 36 87 97 112 76 189 13 99 62 61 127 55 58 120 57 114 27 66 131 144 163 159 109 
Maquina 4 : 17 174 172 139 196 193 157 158 83 12 167 40 184 32 106 88 132 33 54 86 37 63 117 160 162 143 64 85 8 46 69 93 192 123 79 44 
Maquina 5 : 152 145 155 10 180 59 140 98 81 84 4 151 130 122 9 179 133 20 53 183 147 194 187 49 198 19 74 21 141 137 110 
Maquina 6 : 107 24 5 164 154 121 126 75 119 156 2 173 47 129 195 190 14 186 38 146 82 100 150 51 42 138 169 185 22 41 128 
