Instance filename: ./instances/200jobs/instanceLarge1253_m=9_n=200_l=30_c=20_s=1.PMTC
Min temperature: 0.1
Max temperature: 0.5
Melhor Solução: 2814
Temp div: 16
MCL: 400
PTL: 75000
Elapsed time was: 357952
Maquina 1 : 76 144 24 189 191 113 21 78 34 13 11 73 108 138 65 128 67 64 98 175 
Maquina 2 : 37 163 180 197 170 47 162 55 86 44 7 149 93 75 92 124 192 50 172 101 158 89 38 184 
Maquina 3 : 91 59 31 152 61 199 129 53 3 146 4 17 1 2 114 8 90 103 32 140 176 51 141 83 173 
Maquina 4 : 135 133 196 165 66 41 43 110 96 95 125 87 126 48 185 16 177 46 5 166 183 40 42 
Maquina 5 : 169 77 57 14 56 174 106 194 104 153 116 102 111 0 190 105 22 154 36 118 68 117 10 25 188 
Maquina 6 : 28 195 99 81 85 35 159 130 107 155 160 82 198 143 69 179 84 123 121 181 18 182 186 
Maquina 7 : 62 171 131 94 112 148 26 72 120 63 6 167 122 54 115 187 33 97 139 
Maquina 8 : 58 193 127 164 70 142 168 145 30 136 71 161 27 29 49 15 178 9 74 80 
Maquina 9 : 100 12 79 151 134 60 20 88 137 23 156 19 52 39 109 157 150 132 147 119 45 
