Instance filename: ./instances/200jobs/instanceLarge1141_m=8_n=200_l=40_c=20_s=0.PMTC
Min temperature: 0.1
Max temperature: 0.5
Melhor Solução: 1769
Temp div: 16
MCL: 400
PTL: 75000
Elapsed time was: 722281
Maquina 1 : 161 128 124 127 99 63 29 75 157 188 23 111 152 115 174 110 18 31 4 177 170 94 72 
Maquina 2 : 14 137 11 143 77 45 96 92 38 196 160 123 0 9 171 108 22 164 52 101 15 138 125 90 
Maquina 3 : 47 28 180 65 107 76 154 173 129 35 67 48 83 12 91 78 6 53 26 122 55 85 186 59 95 198 185 
Maquina 4 : 116 81 176 13 36 61 145 43 197 191 179 169 153 34 24 168 166 89 51 50 62 10 98 56 155 40 46 
Maquina 5 : 68 178 144 84 119 190 156 187 33 2 16 158 117 69 25 112 199 189 58 135 139 126 
Maquina 6 : 37 103 17 19 44 163 175 105 5 141 130 93 60 195 30 80 146 27 148 21 193 131 70 140 88 183 
Maquina 7 : 118 109 136 20 167 104 8 113 7 133 150 114 102 74 172 120 71 192 54 106 66 73 149 39 142 1 
Maquina 8 : 184 134 42 41 100 182 151 132 97 82 87 147 49 64 32 181 86 121 162 159 194 79 3 57 165 
