Instance filename: ./instances/200jobs/instanceLarge1181_m=8_n=200_l=40_c=30_s=1.PMTC
Min temperature: 0.1
Max temperature: 0.5
Melhor Solução: 4253
Temp div: 16
MCL: 400
PTL: 75000
Elapsed time was: 641403
Maquina 1 : 199 45 70 37 163 99 101 155 116 177 82 111 65 108 119 74 126 149 153 190 174 124 69 94 7 9 63 77 
Maquina 2 : 187 192 154 56 120 93 22 2 48 160 19 138 89 51 12 131 183 118 152 95 144 59 179 157 39 170 88 49 
Maquina 3 : 171 143 102 78 195 182 113 15 107 159 150 17 185 46 72 172 60 40 114 189 103 33 186 
Maquina 4 : 16 87 139 169 145 125 91 100 27 181 164 83 162 79 133 127 96 44 178 97 197 112 52 
Maquina 5 : 196 151 188 104 76 136 146 47 57 14 66 123 128 1 41 98 62 35 84 156 90 161 198 122 
Maquina 6 : 106 121 81 58 34 193 6 110 28 4 38 21 142 25 8 165 130 134 75 3 117 10 50 176 13 
Maquina 7 : 148 141 92 167 140 135 43 36 31 30 137 32 42 24 191 67 53 11 115 180 64 73 168 80 
Maquina 8 : 132 158 55 184 61 175 23 194 85 0 68 5 71 18 86 29 166 109 54 147 26 105 173 129 20 
