Instance filename: ./instances/200jobs/instanceLarge968_m=7_n=200_l=30_c=10_s=1.PMTC
Min temperature: 0.1
Max temperature: 0.5
Melhor Solução: 2905
Temp div: 16
MCL: 400
PTL: 75000
Elapsed time was: 367456
Maquina 1 : 157 92 114 89 162 70 68 171 12 132 14 51 151 183 154 134 11 91 128 76 101 163 79 30 3 169 126 102 2 179 
Maquina 2 : 192 106 52 110 144 6 40 0 121 78 80 17 111 165 57 159 67 115 120 136 195 9 105 198 108 8 145 177 22 150 
Maquina 3 : 56 143 50 45 10 63 135 28 160 25 153 123 26 87 69 133 194 125 90 130 146 103 83 34 127 
Maquina 4 : 82 16 166 155 170 41 158 95 122 60 85 18 107 164 175 152 139 46 42 186 71 86 148 20 49 55 100 185 59 
Maquina 5 : 167 62 138 21 37 33 161 35 1 124 98 180 31 193 65 13 88 174 39 149 47 197 116 187 156 109 196 184 
Maquina 6 : 23 27 7 64 84 129 118 29 72 104 142 75 173 137 113 5 112 24 178 190 32 38 119 15 58 96 176 61 99 168 
Maquina 7 : 191 81 189 181 4 53 54 93 66 43 117 141 19 97 199 147 131 172 74 140 73 77 182 36 188 44 94 48 
