Instance filename: ./instances/200jobs/instanceLarge1202_m=9_n=200_l=30_c=10_s=1.PMTC
Min temperature: 0.1
Max temperature: 0.5
Melhor Solução: 2338
Temp div: 16
MCL: 400
PTL: 75000
Elapsed time was: 518832
Maquina 1 : 122 29 139 173 69 48 55 143 89 87 112 158 103 7 38 100 76 19 98 181 86 11 182 25 
Maquina 2 : 126 99 28 42 121 95 33 39 1 184 12 114 68 110 5 41 185 80 177 186 151 88 
Maquina 3 : 90 49 45 62 130 192 13 147 104 83 31 108 67 52 85 17 82 35 74 193 
Maquina 4 : 50 167 91 81 66 59 150 111 43 36 4 3 156 116 137 53 93 155 125 157 175 15 
Maquina 5 : 195 196 176 37 0 2 16 197 145 71 101 190 14 79 166 102 168 21 159 136 106 115 
Maquina 6 : 189 199 194 153 165 77 6 191 23 92 40 179 46 180 117 70 22 58 170 131 65 
Maquina 7 : 63 120 61 109 119 198 132 134 64 154 152 169 44 54 149 105 124 128 133 164 26 51 129 
Maquina 8 : 140 96 188 141 56 162 113 30 20 8 163 148 187 75 127 107 9 178 144 60 97 
Maquina 9 : 18 172 138 118 34 142 94 10 78 32 72 171 24 183 73 161 135 47 174 146 27 160 57 84 123 
