Instance filename: ./instances/200jobs/instanceLarge977_m=7_n=200_l=30_c=10_s=1.PMTC
Min temperature: 0.1
Max temperature: 0.5
Melhor Solução: 2949
Temp div: 16
MCL: 400
PTL: 75000
Elapsed time was: 929105
Maquina 1 : 148 49 86 65 20 155 59 156 161 55 62 1 33 66 98 29 71 36 105 52 34 103 110 179 83 130 146 90 125 
Maquina 2 : 30 194 192 138 124 3 102 180 21 31 193 13 147 64 135 40 28 109 60 82 142 133 76 128 69 87 58 96 123 131 
Maquina 3 : 177 120 57 159 165 111 67 78 80 17 144 2 106 0 6 186 126 189 68 81 61 176 168 32 53 191 181 95 99 
Maquina 4 : 91 10 50 154 37 38 178 5 119 84 190 122 9 113 75 112 173 24 115 137 104 100 15 72 118 185 198 157 92 4 8 
Maquina 5 : 114 89 35 48 44 188 94 77 182 73 127 54 140 172 74 18 63 167 14 42 11 151 199 51 145 12 27 169 
Maquina 6 : 134 183 88 116 187 149 39 47 196 197 184 101 26 43 79 56 163 108 150 195 143 22 45 166 16 41 162 170 171 
Maquina 7 : 23 129 7 25 160 153 132 141 19 117 93 121 70 158 136 46 107 85 164 139 152 175 97 174 
