Instance filename: ./instances/200jobs/instanceLarge1138_m=8_n=200_l=30_c=20_s=0.PMTC
Min temperature: 0.1
Max temperature: 0.5
Melhor Solução: 1152
Temp div: 16
MCL: 400
PTL: 75000
Elapsed time was: 910252
Maquina 1 : 98 54 52 184 37 108 183 35 124 189 194 39 103 1 152 96 157 126 19 97 20 31 191 149 
Maquina 2 : 3 170 87 29 68 133 105 160 12 81 41 67 34 197 145 9 75 121 21 156 93 84 6 62 
Maquina 3 : 114 186 101 25 136 193 163 99 102 94 26 120 82 73 131 146 110 90 4 69 32 127 42 159 71 44 155 
Maquina 4 : 70 129 113 33 77 11 86 100 178 40 59 57 139 18 161 48 185 16 119 162 64 36 56 0 27 177 137 
Maquina 5 : 166 22 158 55 138 43 182 142 144 2 135 24 51 7 58 187 167 172 28 190 132 173 89 
Maquina 6 : 176 111 107 143 175 17 199 128 78 83 45 13 76 123 125 168 179 14 134 106 50 188 61 195 
Maquina 7 : 181 85 118 5 130 15 141 151 79 63 117 116 10 165 38 49 150 148 154 164 140 171 66 74 
Maquina 8 : 47 53 60 174 122 23 80 115 153 95 169 88 180 109 196 198 91 30 72 112 8 65 92 46 104 147 192 
