Instance filename: ./instances/200jobs/instanceLarge1364_m=10_n=200_l=30_c=20_s=1.PMTC
Min temperature: 0.1
Max temperature: 0.5
Melhor Solução: 2648
Temp div: 16
MCL: 400
PTL: 75000
Elapsed time was: 643161
Maquina 1 : 148 62 196 30 41 65 37 137 181 46 199 111 158 124 129 55 121 67 160 40 34 
Maquina 2 : 88 117 115 1 183 165 54 189 90 96 35 114 20 116 79 113 56 76 66 
Maquina 3 : 190 109 49 170 59 16 191 146 38 43 48 28 15 150 182 198 149 112 164 45 167 64 
Maquina 4 : 194 0 7 104 130 73 195 155 184 162 4 53 108 11 32 135 172 102 77 
Maquina 5 : 29 139 145 125 85 31 84 92 169 26 80 133 98 142 188 99 17 166 152 6 173 
Maquina 6 : 119 71 143 126 107 78 103 75 128 2 44 105 22 186 12 118 86 94 
Maquina 7 : 69 193 151 171 60 95 197 39 122 161 134 24 120 127 123 97 9 163 23 175 136 
Maquina 8 : 8 131 147 19 81 47 153 157 83 33 179 140 3 63 156 93 174 21 144 177 
Maquina 9 : 178 185 110 52 192 176 159 89 57 68 141 87 74 187 5 10 132 168 61 36 138 
Maquina 10 : 70 25 101 13 50 14 51 58 27 91 42 106 82 154 18 72 180 100 
