Instance filename: ./instances/200jobs/instanceLarge1091_m=8_n=200_l=30_c=10_s=1.PMTC
Min temperature: 0.1
Max temperature: 0.5
Melhor Solução: 2497
Temp div: 16
MCL: 400
PTL: 75000
Elapsed time was: 1089691
Maquina 1 : 66 129 141 24 32 145 131 70 148 13 120 14 73 149 103 20 81 124 108 132 0 92 153 199 28 38 36 3 
Maquina 2 : 49 172 123 11 64 138 139 101 187 155 194 97 160 76 78 95 109 192 59 42 107 157 50 23 
Maquina 3 : 79 33 12 128 197 118 104 180 52 195 35 144 165 15 175 198 48 80 121 94 116 61 
Maquina 4 : 2 142 174 126 44 135 40 16 51 6 9 159 22 140 5 29 143 37 177 86 
Maquina 5 : 98 166 146 117 39 113 53 182 25 60 56 88 184 43 181 57 4 189 110 162 1 161 196 136 47 164 71 150 
Maquina 6 : 10 21 193 99 67 82 169 106 18 30 90 45 84 178 158 89 163 183 127 31 186 171 100 111 173 168 34 
Maquina 7 : 19 7 151 133 130 105 63 114 170 188 96 115 93 176 167 190 75 85 185 17 72 191 91 46 58 
Maquina 8 : 119 41 154 26 134 68 156 122 125 87 27 179 55 74 83 112 77 62 8 65 137 102 147 69 152 54 
