Instance filename: ./instances/200jobs/instanceLarge1438_m=10_n=200_l=40_c=30_s=0.PMTC
Min temperature: 0.1
Max temperature: 0.5
Melhor Solução: 2052
Temp div: 16
MCL: 400
PTL: 75000
Elapsed time was: 697278
Maquina 1 : 60 119 144 105 83 154 41 118 145 174 43 192 93 58 179 33 79 75 168 49 9 64 172 90 
Maquina 2 : 13 66 194 54 135 151 195 107 52 183 88 127 20 46 142 196 98 181 134 184 113 191 
Maquina 3 : 73 34 32 71 101 99 31 170 197 67 126 48 100 35 65 136 120 157 
Maquina 4 : 12 108 16 162 187 97 24 103 30 86 146 85 21 19 178 18 131 14 173 77 149 
Maquina 5 : 116 7 84 70 132 189 76 176 171 182 114 167 3 125 82 138 160 152 
Maquina 6 : 26 104 47 40 121 143 2 62 139 153 1 37 115 117 45 57 11 0 137 
Maquina 7 : 4 156 148 8 124 78 198 185 163 53 61 25 94 68 17 122 193 22 141 51 
Maquina 8 : 175 29 159 15 59 140 28 10 89 87 81 188 169 44 165 177 106 42 
Maquina 9 : 56 6 158 102 110 112 5 111 27 109 80 95 50 155 186 92 74 23 129 150 180 128 
Maquina 10 : 123 69 164 199 39 38 72 147 36 161 55 91 166 63 190 130 133 96 
