Instance filename: ./instances/200jobs/instanceLarge1134_m=8_n=200_l=30_c=20_s=2.PMTC
Min temperature: 0.1
Max temperature: 0.5
Melhor Solução: 800
Temp div: 16
MCL: 400
PTL: 75000
Elapsed time was: 628532
Maquina 1 : 62 6 156 53 21 98 107 10 117 116 20 31 191 52 50 97 151 173 132 190 28 
Maquina 2 : 172 167 130 141 138 15 164 192 161 88 147 46 92 104 198 30 91 196 109 180 174 49 150 186 38 168 121 81 
Maquina 3 : 89 148 125 86 33 113 129 140 70 175 199 128 13 123 108 195 188 61 45 118 72 85 181 105 1 
Maquina 4 : 75 9 143 111 176 76 39 194 189 114 127 25 55 12 119 160 60 67 133 77 73 163 99 27 193 115 169 
Maquina 5 : 136 153 120 95 3 154 19 29 87 170 68 131 165 110 146 102 26 44 159 155 14 179 37 8 65 90 
Maquina 6 : 112 78 145 34 48 152 126 96 157 149 94 79 82 16 185 106 5 63 134 184 7 51 54 58 124 35 122 83 
Maquina 7 : 103 69 197 32 42 71 17 162 64 182 36 56 0 177 84 100 137 11 166 93 22 158 43 142 
Maquina 8 : 144 2 135 24 183 41 23 40 18 4 139 57 59 187 178 80 101 47 74 66 171 
