Instance filename: ./instances/200jobs/instanceLarge1355_m=10_n=200_l=30_c=20_s=1.PMTC
Min temperature: 0.1
Max temperature: 0.5
Melhor Solução: 2531
Temp div: 16
MCL: 400
PTL: 75000
Elapsed time was: 542677
Maquina 1 : 153 157 83 33 161 75 128 23 103 44 186 22 97 69 86 78 107 
Maquina 2 : 49 126 143 71 155 173 89 100 79 9 165 62 123 120 183 54 51 122 
Maquina 3 : 167 140 3 63 35 20 114 110 82 109 24 60 106 129 59 5 43 17 38 189 
Maquina 4 : 135 32 37 137 19 108 88 40 115 34 160 67 121 132 168 61 36 138 
Maquina 5 : 70 25 101 16 13 14 18 166 152 72 179 64 195 91 184 162 4 53 
Maquina 6 : 42 158 151 193 94 171 95 10 76 111 81 46 1 124 199 134 178 80 169 92 84 
Maquina 7 : 85 65 31 191 194 127 146 0 7 73 130 2 26 50 96 90 142 188 133 98 57 
Maquina 8 : 74 87 68 141 170 180 113 66 190 56 28 104 139 15 6 105 182 163 198 149 175 196 
Maquina 9 : 112 164 41 30 47 58 116 11 119 181 148 172 77 102 99 12 154 187 55 185 48 
Maquina 10 : 118 177 176 52 192 117 197 131 147 8 136 21 27 39 144 174 159 93 156 150 45 29 125 145 
