Instance filename: ./instances/200jobs/instanceLarge1207_m=9_n=200_l=30_c=10_s=0.PMTC
Min temperature: 0.1
Max temperature: 0.5
Melhor Solução: 647
Temp div: 16
MCL: 400
PTL: 75000
Elapsed time was: 894987
Maquina 1 : 140 117 70 146 51 110 128 133 26 129 145 30 56 20 8 113 162 141 31 178 53 188 131 41 170 171 101 
Maquina 2 : 120 65 63 4 61 14 152 43 81 59 66 52 67 150 108 24 88 76 85 100 19 
Maquina 3 : 91 167 74 92 40 127 111 35 45 49 68 32 78 138 149 60 94 34 142 134 36 164 
Maquina 4 : 118 137 157 155 116 192 180 114 22 130 16 177 186 62 42 28 121 
Maquina 5 : 151 98 179 95 102 104 83 176 194 115 77 90 50 93 21 190 193 136 105 106 107 57 82 160 123 166 39 
Maquina 6 : 33 182 3 13 125 97 17 86 25 10 7 2 18 0 71 168 189 199 165 153 147 191 
Maquina 7 : 23 5 109 12 27 184 1 46 6 144 75 175 15 195 196 37 72 197 
Maquina 8 : 181 84 79 48 9 156 122 29 173 172 69 80 139 119 55 159 126 11 87 38 89 143 158 112 
Maquina 9 : 103 198 99 163 148 187 132 96 64 44 169 154 54 124 174 58 185 183 161 73 47 135 
