Instance filename: ./instances/200jobs/instanceLarge1128_m=8_n=200_l=30_c=20_s=2.PMTC
Min temperature: 0.1
Max temperature: 0.5
Melhor Solução: 761
Temp div: 16
MCL: 400
PTL: 75000
Elapsed time was: 661919
Maquina 1 : 71 42 32 43 115 142 144 30 70 175 17 199 128 83 121 75 9 127 145 197 
Maquina 2 : 34 48 152 157 96 19 173 151 28 172 167 130 15 141 5 63 106 125 163 36 169 99 27 102 26 155 44 
Maquina 3 : 2 45 129 113 33 89 148 93 86 100 178 193 7 187 159 134 184 73 108 81 55 12 160 60 133 
Maquina 4 : 77 67 68 29 154 170 3 95 120 153 20 10 72 21 91 198 196 109 180 190 182 80 24 41 23 40 
Maquina 5 : 87 18 139 59 57 174 123 13 168 135 138 118 85 105 181 132 195 61 126 188 161 88 94 124 149 51 183 82 
Maquina 6 : 185 16 162 64 56 0 11 177 58 143 122 140 35 49 97 117 165 116 50 191 31 186 38 150 
Maquina 7 : 78 164 192 92 147 46 104 65 8 112 79 37 14 179 136 119 114 189 103 1 194 39 76 111 22 176 
Maquina 8 : 137 166 158 54 107 98 52 156 53 84 6 62 90 47 66 74 171 101 25 4 69 131 146 110 
