Instance filename: ./instances/200jobs/instanceLarge1379_m=10_n=200_l=30_c=20_s=1.PMTC
Min temperature: 0.1
Max temperature: 0.5
Melhor Solução: 2546
Temp div: 16
MCL: 400
PTL: 75000
Elapsed time was: 782544
Maquina 1 : 83 157 76 153 104 19 166 30 47 164 58 116 11 91 148 195 162 151 171 
Maquina 2 : 95 197 111 55 185 48 177 190 56 113 66 59 145 107 78 97 103 28 69 9 
Maquina 3 : 22 186 118 16 44 2 146 191 85 128 75 127 109 110 86 179 180 3 115 139 20 
Maquina 4 : 29 125 184 49 64 196 169 192 84 65 92 170 68 141 74 87 5 187 98 188 99 
Maquina 5 : 133 80 71 26 130 7 73 0 36 194 112 72 152 101 25 119 173 89 100 18 52 
Maquina 6 : 57 159 155 70 62 90 138 142 106 82 154 12 158 21 160 45 144 41 129 60 156 176 181 50 
Maquina 7 : 38 33 67 167 23 163 149 198 150 6 15 108 88 40 137 37 32 10 135 102 
Maquina 8 : 172 77 143 126 117 105 79 175 136 8 147 39 174 182 140 93 63 199 61 
Maquina 9 : 168 132 17 178 43 94 193 124 27 121 131 34 42 53 4 13 
Maquina 10 : 14 161 122 51 114 35 96 189 54 165 183 31 24 120 123 46 134 81 1 
