Instance filename: ./instances/200jobs/instanceLarge867_m=6_n=200_l=30_c=10_s=2.PMTC
Min temperature: 0.1
Max temperature: 0.5
Melhor Solução: 1040
Temp div: 16
MCL: 400
PTL: 75000
Elapsed time was: 529002
Maquina 1 : 92 104 11 115 95 26 45 163 135 12 68 37 162 187 0 74 90 116 93 148 123 149 81 145 79 112 69 59 98 
Maquina 2 : 140 51 21 52 50 77 154 121 129 85 46 143 179 64 47 2 192 136 72 73 134 113 16 1 103 31 5 61 157 70 7 97 13 195 191 171 168 33 
Maquina 3 : 106 132 54 32 188 94 36 99 62 142 76 141 110 137 107 49 126 198 19 9 147 194 53 133 177 35 18 102 56 125 183 
Maquina 4 : 173 20 184 139 83 158 193 172 131 71 199 101 28 108 63 91 100 10 180 6 30 23 170 48 175 153 155 138 124 128 185 41 
Maquina 5 : 164 25 150 160 42 40 44 22 156 167 15 24 87 161 169 34 80 67 166 186 178 58 152 14 146 55 8 190 38 118 82 174 159 17 
Maquina 6 : 109 144 122 151 4 196 111 119 165 75 3 130 66 57 27 114 120 127 86 96 181 84 43 176 78 189 117 88 197 60 182 105 65 39 89 29 
