Instance filename: ./instances/200jobs/instanceLarge1431_m=10_n=200_l=40_c=30_s=2.PMTC
Min temperature: 0.1
Max temperature: 0.5
Melhor Solução: 652
Temp div: 16
MCL: 400
PTL: 75000
Elapsed time was: 540381
Maquina 1 : 186 92 74 129 157 31 146 85 21 19 18 131 178 160 63 190 130 133 158 102 110 
Maquina 2 : 112 61 23 12 115 0 137 11 4 156 128 98 181 138 82 171 37 155 87 159 15 
Maquina 3 : 59 140 28 10 83 162 16 39 38 72 147 180 127 125 3 6 88 183 114 
Maquina 4 : 191 24 96 103 29 120 136 35 100 20 167 46 1 153 139 80 50 95 174 187 
Maquina 5 : 25 68 195 151 44 53 170 197 67 126 48 22 148 78 8 124 154 41 86 
Maquina 6 : 145 118 60 119 105 144 49 64 9 172 90 13 66 194 54 108 101 188 99 89 163 62 2 43 
Maquina 7 : 93 192 79 184 196 109 97 27 5 30 111 36 161 55 91 166 81 152 26 104 47 
Maquina 8 : 121 40 94 17 122 65 164 123 141 132 165 177 106 42 51 56 175 182 168 75 179 
Maquina 9 : 134 58 143 70 113 73 34 107 32 71 149 173 77 14 116 
Maquina 10 : 7 199 52 84 185 198 33 169 142 117 135 57 45 150 176 76 189 69 193 
