Instance filename: ./instances/200jobs/instanceLarge1339_m=10_n=200_l=30_c=10_s=0.PMTC
Min temperature: 0.1
Max temperature: 0.5
Melhor Solução: 1485
Temp div: 16
MCL: 400
PTL: 75000
Elapsed time was: 476091
Maquina 1 : 191 9 47 168 159 45 185 163 195 174 74 34 92 152 75 186 90 132 118 198 28 
Maquina 2 : 55 77 101 32 148 169 63 144 180 161 141 62 84 35 10 133 135 139 
Maquina 3 : 142 39 108 65 113 30 173 116 29 4 162 136 126 8 127 0 38 2 1 130 
Maquina 4 : 125 184 78 165 105 83 27 137 49 91 143 26 99 71 93 157 111 61 15 
Maquina 5 : 190 103 117 69 197 167 194 176 81 58 33 172 146 64 88 25 164 24 151 140 154 21 
Maquina 6 : 158 19 112 54 56 17 5 149 97 22 192 67 178 156 160 
Maquina 7 : 179 182 16 12 150 109 14 87 70 72 13 44 50 98 138 183 57 53 42 181 68 153 
Maquina 8 : 80 48 60 193 66 122 188 170 89 121 107 51 177 85 76 31 94 187 18 20 41 171 95 
Maquina 9 : 175 106 96 114 147 120 23 123 6 52 46 40 100 43 115 3 166 196 145 
Maquina 10 : 131 37 79 189 104 128 102 199 119 36 155 134 7 59 86 124 82 73 129 11 110 
