Instance filename: ./instances/200jobs/instanceLarge868_m=6_n=200_l=30_c=10_s=0.PMTC
Min temperature: 0.1
Max temperature: 0.5
Melhor Solução: 2210
Temp div: 16
MCL: 400
PTL: 75000
Elapsed time was: 778540
Maquina 1 : 116 78 0 90 196 84 165 139 155 193 153 124 177 175 25 70 125 68 102 118 150 22 164 160 41 185 128 145 44 192 21 
Maquina 2 : 81 59 98 51 140 4 17 109 122 151 82 146 35 186 152 14 190 163 8 38 79 26 76 93 29 58 199 61 143 179 85 64 73 123 46 69 159 71 77 
Maquina 3 : 115 104 92 11 95 135 48 96 170 23 30 6 180 10 33 100 89 174 172 131 37 101 176 66 144 27 57 114 120 28 86 181 
Maquina 4 : 127 43 148 62 189 13 55 195 97 7 191 171 168 113 178 65 72 108 60 111 119 138 130 91 129 47 75 3 126 2 56 173 156 121 162 
Maquina 5 : 187 158 5 154 167 40 12 184 32 117 106 53 183 20 147 133 9 194 63 19 198 74 49 110 24 107 141 142 137 94 83 
Maquina 6 : 112 36 99 188 52 42 50 54 132 16 88 149 39 87 105 136 103 182 1 18 134 166 67 34 45 169 80 197 161 31 15 157 
