Instance filename: ./instances/200jobs/instanceLarge1303_m=9_n=200_l=40_c=30_s=0.PMTC
Min temperature: 0.1
Max temperature: 0.5
Melhor Solução: 1028
Temp div: 16
MCL: 400
PTL: 75000
Elapsed time was: 781728
Maquina 1 : 171 150 41 184 78 105 103 1 45 99 69 107 17 147 5 88 109 175 96 151 43 186 
Maquina 2 : 115 81 52 61 130 71 160 113 13 84 83 80 50 180 32 60 47 0 124 95 125 141 
Maquina 3 : 51 142 173 117 140 189 79 35 118 22 159 102 9 170 190 191 187 131 2 100 58 
Maquina 4 : 123 133 176 143 90 91 59 85 111 27 93 132 162 158 152 89 121 67 37 106 30 134 25 
Maquina 5 : 136 164 53 63 198 119 94 138 128 10 172 112 177 18 146 153 36 34 68 29 4 
Maquina 6 : 156 169 38 127 192 149 46 129 108 199 3 55 135 82 11 193 49 195 20 126 72 178 
Maquina 7 : 185 7 19 144 76 54 12 122 166 23 161 116 16 39 148 183 6 77 48 21 66 24 62 137 179 
Maquina 8 : 196 14 163 87 8 194 104 64 145 97 31 181 98 110 44 157 154 182 73 74 197 174 188 
Maquina 9 : 40 15 168 101 165 70 114 120 42 26 56 75 57 155 65 92 28 33 139 86 167 
