Instance filename: ./instances/200jobs/instanceLarge1273_m=9_n=200_l=40_c=20_s=0.PMTC
Min temperature: 0.1
Max temperature: 0.5
Melhor Solução: 1195
Temp div: 16
MCL: 400
PTL: 75000
Elapsed time was: 1464125
Maquina 1 : 159 38 145 196 21 61 25 70 158 143 132 74 14 153 76 125 31 113 53 114 
Maquina 2 : 190 151 95 59 90 150 111 156 93 176 101 194 51 89 104 136 9 19 169 11 16 178 120 
Maquina 3 : 193 116 13 185 141 78 46 33 142 17 157 97 140 27 195 165 23 183 77 
Maquina 4 : 127 102 192 91 103 43 79 28 115 94 49 68 119 69 107 67 175 198 35 134 162 10 109 131 188 
Maquina 5 : 39 191 82 118 52 40 96 166 66 45 5 122 80 47 128 130 186 117 181 12 184 73 161 146 
Maquina 6 : 30 3 197 41 26 60 98 148 124 180 167 172 160 6 2 63 108 50 133 144 57 42 75 44 
Maquina 7 : 168 112 58 37 0 22 152 129 187 83 135 88 149 170 106 55 8 81 86 56 174 163 
Maquina 8 : 121 123 64 179 87 20 34 189 139 171 7 48 164 100 99 32 1 36 18 15 
Maquina 9 : 29 65 4 154 126 92 72 147 105 110 155 85 137 173 84 182 54 199 177 62 24 71 138 
