Instance filename: ./instances/200jobs/instanceLarge909_m=6_n=200_l=40_c=20_s=2.PMTC
Min temperature: 0.1
Max temperature: 0.5
Melhor Solução: 1056
Temp div: 16
MCL: 400
PTL: 75000
Elapsed time was: 668225
Maquina 1 : 69 38 3 110 124 170 41 80 43 21 181 189 161 102 22 78 56 37 164 62 139 7 25 113 57 144 145 154 176 133 42 81 127 
Maquina 2 : 114 174 125 61 186 100 33 92 95 142 131 52 48 120 88 85 29 26 11 71 191 96 90 148 177 93 46 150 10 111 14 
Maquina 3 : 54 73 45 152 40 141 151 12 101 123 187 47 23 2 109 53 97 132 147 83 17 182 118 44 183 27 171 79 162 169 185 50 
Maquina 4 : 192 122 135 34 196 87 184 167 156 86 28 179 82 51 119 112 199 137 9 157 91 116 99 143 67 31 30 128 77 32 173 149 136 103 35 59 129 55 180 70 
Maquina 5 : 194 1 63 105 72 5 166 163 65 107 89 39 108 160 94 117 175 168 134 115 15 106 140 0 58 198 193 104 197 146 4 24 195 
Maquina 6 : 13 49 6 8 190 36 138 18 76 178 74 159 165 158 68 60 121 153 84 16 155 75 188 19 98 172 130 64 66 126 20 
