Instance filename: ./instances/200jobs/instanceLarge887_m=6_n=200_l=30_c=20_s=1.PMTC
Min temperature: 0.1
Max temperature: 0.5
Melhor Solução: 4199
Temp div: 16
MCL: 400
PTL: 75000
Elapsed time was: 559153
Maquina 1 : 55 3 161 25 86 8 93 21 29 119 149 164 189 165 199 19 32 60 113 87 153 185 58 107 7 114 88 139 112 6 
Maquina 2 : 142 39 35 18 151 176 95 34 103 72 127 154 52 125 68 143 130 30 51 155 138 79 44 67 80 77 188 28 152 61 12 175 126 179 131 182 10 38 
Maquina 3 : 147 144 163 102 14 110 54 36 109 97 89 135 98 181 186 11 174 83 196 100 137 170 41 177 33 150 116 156 121 159 145 169 166 22 
Maquina 4 : 71 123 193 191 162 70 160 167 66 82 180 65 37 133 76 47 120 16 192 59 4 84 40 20 158 13 5 48 15 17 111 124 
Maquina 5 : 108 94 9 63 43 85 171 157 168 104 187 0 128 183 132 27 81 73 141 2 91 57 24 53 99 50 49 122 129 101 105 
Maquina 6 : 45 197 106 117 92 195 31 75 194 64 172 115 46 42 26 190 62 23 69 78 136 90 118 178 198 56 74 146 173 134 140 148 184 1 96 
