Instance filename: ./instances/200jobs/instanceLarge1372_m=10_n=200_l=30_c=20_s=0.PMTC
Min temperature: 0.1
Max temperature: 0.5
Melhor Solução: 2197
Temp div: 16
MCL: 400
PTL: 75000
Elapsed time was: 687605
Maquina 1 : 95 76 69 171 86 94 161 148 181 32 10 135 172 102 77 27 29 70 20 
Maquina 2 : 62 7 130 73 195 162 155 184 128 82 78 75 103 2 44 108 194 65 37 105 137 
Maquina 3 : 41 0 198 17 36 98 99 133 80 26 104 61 168 132 131 121 67 160 40 
Maquina 4 : 34 88 117 115 150 182 15 124 6 158 111 176 52 192 85 110 185 177 118 144 187 21 23 
Maquina 5 : 147 8 136 24 107 145 166 152 178 72 173 89 100 18 159 57 138 142 188 12 
Maquina 6 : 154 60 55 129 116 5 48 139 43 38 127 146 191 28 31 109 79 66 113 56 180 
Maquina 7 : 190 175 74 87 141 68 170 92 125 169 84 196 165 19 153 157 83 33 
Maquina 8 : 97 25 101 16 13 4 53 151 91 42 193 39 50 14 11 119 58 47 164 
Maquina 9 : 30 106 174 143 71 126 49 186 22 59 9 149 163 112 167 45 64 3 140 156 
Maquina 10 : 63 93 179 114 35 96 90 189 54 183 120 123 134 81 46 199 1 197 51 122 
