Instance filename: ./instances/200jobs/instanceLarge1247_m=9_n=200_l=30_c=20_s=1.PMTC
Min temperature: 0.1
Max temperature: 0.5
Melhor Solução: 2786
Temp div: 16
MCL: 400
PTL: 75000
Elapsed time was: 416237
Maquina 1 : 22 129 140 173 51 136 141 83 143 48 185 16 126 5 177 7 93 181 28 101 198 188 
Maquina 2 : 25 38 133 41 43 110 90 103 32 26 156 96 95 125 18 195 99 81 35 85 166 162 
Maquina 3 : 86 196 57 45 176 77 169 54 165 189 9 24 160 76 117 68 118 36 190 105 154 
Maquina 4 : 91 61 10 31 59 148 89 121 97 131 187 33 139 58 127 23 164 70 168 142 
Maquina 5 : 194 72 100 12 79 137 184 151 1 80 132 134 145 20 53 113 197 170 47 37 82 199 66 
Maquina 6 : 17 4 2 114 3 157 158 52 74 150 147 98 180 115 39 27 29 161 49 87 84 71 30 175 
Maquina 7 : 102 116 153 104 46 155 152 167 106 65 109 146 64 0 6 63 120 144 34 191 78 
Maquina 8 : 21 56 122 14 55 119 174 108 138 73 11 128 193 13 42 163 69 67 40 179 123 75 50 124 92 192 172 111 
Maquina 9 : 130 159 107 183 44 60 135 19 62 186 182 149 171 94 112 88 8 178 15 
