Instance filename: ./instances/200jobs/instanceLarge1154_m=8_n=200_l=40_c=20_s=1.PMTC
Min temperature: 0.1
Max temperature: 0.5
Melhor Solução: 3236
Temp div: 16
MCL: 400
PTL: 75000
Elapsed time was: 618548
Maquina 1 : 130 14 79 182 148 142 81 108 181 184 37 137 83 52 22 2 105 33 90 138 125 103 147 97 65 107 
Maquina 2 : 156 82 177 154 16 4 129 173 30 133 197 53 12 110 67 192 117 48 91 141 126 6 7 158 113 8 
Maquina 3 : 20 175 150 109 74 71 120 66 106 114 102 174 21 89 116 35 168 193 191 166 39 55 0 144 45 57 
Maquina 4 : 86 38 92 143 199 170 72 95 94 145 169 3 77 165 19 180 111 115 44 76 18 31 151 100 
Maquina 5 : 41 32 160 123 149 1 42 122 88 64 134 135 171 26 139 176 183 153 85 187 62 80 196 40 29 27 
Maquina 6 : 179 9 99 34 152 36 163 118 50 167 161 127 128 121 162 60 194 93 195 24 11 185 23 198 
Maquina 7 : 13 146 61 43 68 10 178 98 46 131 155 140 119 190 172 28 73 54 78 47 101 5 96 
Maquina 8 : 132 87 17 51 49 188 136 15 56 164 159 104 70 84 58 69 112 189 124 25 63 157 75 59 186 
