Instance filename: ./instances/200jobs/instanceLarge1172_m=8_n=200_l=40_c=30_s=1.PMTC
Min temperature: 0.1
Max temperature: 0.5
Melhor Solução: 4242
Temp div: 16
MCL: 400
PTL: 75000
Elapsed time was: 913106
Maquina 1 : 20 129 143 171 132 110 105 93 176 13 148 117 167 140 3 10 50 199 196 2 48 144 179 
Maquina 2 : 59 157 88 170 185 150 186 103 33 114 134 101 99 75 182 168 73 64 180 8 39 6 193 34 121 
Maquina 3 : 81 58 111 47 46 1 130 165 57 12 131 183 118 106 122 161 198 14 123 128 41 45 70 37 177 74 
Maquina 4 : 108 91 160 27 125 169 145 28 102 92 38 142 25 82 163 136 146 195 78 113 26 147 54 69 
Maquina 5 : 124 174 190 104 17 149 100 126 153 55 162 79 166 85 194 23 175 61 184 159 15 107 189 0 86 22 
Maquina 6 : 29 137 36 4 181 83 31 164 141 135 152 43 62 155 51 89 138 19 72 172 30 42 32 24 
Maquina 7 : 40 18 191 5 71 188 116 119 68 67 115 53 11 120 56 154 192 187 77 63 9 7 94 21 156 90 84 35 98 
Maquina 8 : 173 65 158 60 66 139 87 16 49 133 127 96 44 178 97 197 112 151 52 95 76 109 80 
