Instance filename: ./instances/200jobs/instanceLarge857_m=6_n=200_l=30_c=10_s=1.PMTC
Min temperature: 0.1
Max temperature: 0.5
Melhor Solução: 3500
Temp div: 16
MCL: 400
PTL: 75000
Elapsed time was: 549505
Maquina 1 : 42 152 52 14 134 36 86 55 127 181 176 28 57 58 120 114 27 155 74 84 139 71 193 172 199 144 66 101 3 108 35 111 15 157 18 
Maquina 2 : 105 161 31 87 67 115 34 80 166 178 186 92 146 95 137 47 89 102 190 130 98 49 189 169 99 43 148 142 116 90 11 78 0 48 
Maquina 3 : 96 60 13 77 197 113 50 16 103 1 182 188 179 132 54 143 32 88 82 109 174 170 160 17 51 59 140 4 123 81 69 149 
Maquina 4 : 5 62 61 97 7 191 171 168 195 72 165 73 65 119 39 2 173 29 162 126 93 110 24 107 141 83 94 104 12 125 45 187 158 68 
Maquina 5 : 37 163 79 135 26 76 8 198 19 63 9 194 133 106 53 184 147 183 30 46 117 64 136 122 151 20 159 177 70 56 175 153 124 
Maquina 6 : 138 196 185 128 41 164 25 150 23 118 75 6 180 100 33 10 131 91 154 121 129 85 22 44 156 40 167 21 192 38 112 145 
