Instance filename: ./instances/200jobs/instanceLarge1087_m=8_n=200_l=30_c=10_s=0.PMTC
Min temperature: 0.1
Max temperature: 0.5
Melhor Solução: 976
Temp div: 16
MCL: 400
PTL: 75000
Elapsed time was: 1003379
Maquina 1 : 188 59 103 93 73 14 13 148 70 32 145 146 112 64 138 151 82 197 170 6 114 186 100 63 34 95 
Maquina 2 : 182 78 192 76 163 105 133 11 194 134 155 101 180 104 118 187 154 109 128 143 29 94 99 160 87 1 162 84 
Maquina 3 : 150 71 21 193 131 164 57 161 111 47 166 117 39 106 75 98 36 28 27 3 172 49 123 189 136 
Maquina 4 : 89 196 48 178 80 183 31 158 30 18 90 45 50 33 97 177 10 127 37 20 198 
Maquina 5 : 175 35 15 165 195 144 52 51 22 159 140 55 9 67 124 108 0 132 38 81 92 141 5 24 119 
Maquina 6 : 153 129 173 171 4 72 17 185 7 168 130 19 107 42 12 79 157 139 23 169 120 16 44 135 66 
Maquina 7 : 126 149 174 142 61 116 121 53 88 2 56 25 60 176 54 69 147 152 102 137 65 77 86 190 85 
Maquina 8 : 167 83 113 40 74 122 125 156 68 43 26 181 184 62 179 41 110 46 91 199 58 191 115 96 8 
