Instance filename: ./instances/200jobs/instanceLarge1436_m=10_n=200_l=40_c=30_s=1.PMTC
Min temperature: 0.1
Max temperature: 0.5
Melhor Solução: 3295
Temp div: 16
MCL: 400
PTL: 75000
Elapsed time was: 561388
Maquina 1 : 193 39 44 147 72 74 186 92 112 110 102 158 165 56 42 106 177 182 175 
Maquina 2 : 51 141 22 173 48 126 67 125 89 64 62 2 93 58 79 43 192 174 118 
Maquina 3 : 149 53 86 163 185 198 38 33 179 134 75 47 104 143 184 98 196 181 82 138 171 
Maquina 4 : 176 150 69 123 170 178 160 63 131 99 77 132 167 20 100 35 142 70 105 
Maquina 5 : 76 199 65 164 68 16 122 40 17 94 121 103 129 190 130 133 96 24 114 135 57 45 
Maquina 6 : 117 115 37 46 1 153 139 145 80 95 50 155 87 159 15 59 140 28 10 
Maquina 7 : 83 116 7 84 52 189 108 194 66 13 90 166 55 81 152 26 73 34 107 
Maquina 8 : 32 71 101 25 127 88 183 3 9 168 172 49 144 119 60 128 180 169 188 36 
Maquina 9 : 111 161 91 124 157 146 85 19 21 162 187 97 113 61 12 31 29 191 120 136 
Maquina 10 : 78 8 148 156 4 137 0 11 23 195 18 197 14 151 109 6 54 27 5 30 41 154 
