Instance filename: ./instances/200jobs/instanceLarge918_m=6_n=200_l=40_c=20_s=2.PMTC
Min temperature: 0.1
Max temperature: 0.5
Melhor Solução: 1077
Temp div: 16
MCL: 400
PTL: 75000
Elapsed time was: 632388
Maquina 1 : 44 92 164 50 133 21 145 176 163 65 69 124 80 170 38 122 121 150 162 129 84 180 173 178 147 136 103 79 118 110 
Maquina 2 : 182 83 41 17 126 85 97 132 123 23 152 107 109 12 28 77 2 34 166 114 196 135 125 106 3 15 192 165 
Maquina 3 : 198 167 36 33 82 184 188 159 91 111 9 14 67 22 51 6 128 116 143 30 158 172 127 43 81 93 160 32 157 130 169 185 99 131 142 88 48 52 
Maquina 4 : 120 19 155 153 68 60 74 186 40 61 146 100 45 95 58 73 8 190 76 197 4 10 13 195 144 49 94 24 20 7 75 54 174 42 
Maquina 5 : 39 89 108 117 175 181 57 87 113 26 171 11 71 96 46 70 148 191 90 29 177 62 104 98 5 64 59 63 105 140 194 0 193 72 183 
Maquina 6 : 134 1 115 27 78 168 55 37 139 56 161 102 189 179 86 119 137 112 31 149 156 25 151 141 101 47 187 53 199 16 154 66 18 138 35 
