Instance filename: ./instances/200jobs/instanceLarge1003_m=7_n=200_l=30_c=20_s=0.PMTC
Min temperature: 0.1
Max temperature: 0.5
Melhor Solução: 1951
Temp div: 16
MCL: 400
PTL: 75000
Elapsed time was: 412537
Maquina 1 : 4 97 142 171 73 8 52 77 11 58 10 117 41 68 47 130 108 143 20 75 49 189 182 114 152 141 111 140 133 38 
Maquina 2 : 3 92 125 36 157 56 99 93 186 191 32 132 96 46 115 116 51 62 181 26 195 161 104 146 50 180 17 9 57 101 1 
Maquina 3 : 119 199 83 176 79 166 154 48 88 194 159 129 64 168 54 25 137 163 33 94 149 109 60 174 65 155 124 31 177 
Maquina 4 : 127 19 21 100 81 170 23 37 184 151 160 29 45 102 14 138 198 188 91 0 173 105 63 43 28 197 190 
Maquina 5 : 35 112 24 121 123 145 71 86 85 5 148 136 110 6 185 95 15 87 61 106 156 150 147 131 80 139 134 
Maquina 6 : 144 12 53 44 107 172 193 179 196 27 16 59 39 90 192 122 128 78 169 42 2 55 175 135 113 98 118 
Maquina 7 : 89 18 67 103 70 162 69 40 82 7 183 74 167 72 34 120 164 153 178 13 126 165 84 66 30 22 187 76 158 
