Instance filename: ./instances/200jobs/instanceLarge1028_m=7_n=200_l=40_c=20_s=1.PMTC
Min temperature: 0.1
Max temperature: 0.5
Melhor Solução: 3729
Temp div: 16
MCL: 400
PTL: 75000
Elapsed time was: 995209
Maquina 1 : 164 8 124 168 173 38 198 152 39 117 113 193 167 65 101 68 148 46 110 17 58 126 122 2 158 138 62 49 15 5 90 
Maquina 2 : 96 42 7 159 111 162 136 21 130 0 147 127 94 34 24 115 81 196 106 83 22 88 171 141 73 174 76 105 104 
Maquina 3 : 157 59 143 190 114 35 132 179 135 50 78 142 56 92 95 169 107 66 139 103 13 153 36 11 112 165 
Maquina 4 : 185 72 189 10 128 31 20 45 55 97 178 177 119 187 57 48 82 60 91 16 75 121 183 3 125 197 53 192 54 
Maquina 5 : 186 52 67 89 85 4 18 163 160 27 176 44 180 155 151 33 61 19 74 116 47 70 41 154 9 6 
Maquina 6 : 109 123 172 184 14 23 12 86 28 156 102 40 37 63 134 149 80 182 195 71 32 100 87 144 166 29 99 120 79 170 
Maquina 7 : 131 108 43 77 118 93 145 98 51 150 191 175 1 199 188 25 84 181 64 146 137 133 161 194 30 140 26 129 69 
