Instance filename: ./instances/200jobs/instanceLarge1393_m=10_n=200_l=40_c=20_s=0.PMTC
Min temperature: 0.1
Max temperature: 0.5
Melhor Solução: 1448
Temp div: 16
MCL: 400
PTL: 75000
Elapsed time was: 828969
Maquina 1 : 96 97 175 124 114 6 177 110 121 82 83 149 16 64 133 30 155 
Maquina 2 : 191 160 95 135 184 24 129 164 17 61 185 116 156 44 118 171 166 40 112 130 31 170 
Maquina 3 : 65 151 4 46 27 106 0 79 58 146 163 144 192 148 142 5 152 181 80 
Maquina 4 : 75 39 54 15 134 18 159 188 187 49 139 186 52 8 108 25 120 72 3 145 183 115 
Maquina 5 : 182 12 111 197 169 69 29 84 45 43 14 22 162 101 119 57 165 199 107 137 105 67 
Maquina 6 : 176 153 20 55 132 174 117 91 70 59 9 81 93 172 158 127 62 89 19 2 
Maquina 7 : 100 37 63 131 179 53 35 190 103 189 180 125 123 50 26 74 195 
Maquina 8 : 198 122 136 68 173 10 47 150 157 143 99 128 88 87 78 7 38 11 113 13 56 
Maquina 9 : 41 85 102 126 104 73 94 138 140 32 60 36 90 66 193 71 21 194 167 48 
Maquina 10 : 92 33 141 196 178 98 23 86 51 42 77 147 168 28 1 76 161 154 109 34 
