Instance filename: ./instances/200jobs/instanceLarge917_m=6_n=200_l=40_c=20_s=1.PMTC
Min temperature: 0.1
Max temperature: 0.5
Melhor Solução: 4092
Temp div: 16
MCL: 400
PTL: 75000
Elapsed time was: 935517
Maquina 1 : 159 188 111 125 135 55 173 77 184 72 36 157 9 198 156 136 137 119 65 112 163 86 179 22 29 148 12 46 90 191 177 104 126 98 
Maquina 2 : 107 31 132 23 82 193 1 97 117 94 175 174 39 103 165 158 81 185 50 197 93 32 122 21 100 131 99 88 169 48 52 142 5 62 133 145 
Maquina 3 : 108 143 53 164 139 161 113 176 124 8 73 190 96 168 183 162 79 149 44 118 147 116 182 17 83 41 170 171 80 38 110 69 27 3 78 
Maquina 4 : 181 56 42 57 196 87 25 130 76 129 85 151 187 47 101 141 71 54 14 6 49 195 24 13 10 150 4 11 144 114 120 109 
Maquina 5 : 123 7 26 19 75 155 20 180 64 59 63 70 105 194 0 89 189 134 166 115 91 106 15 127 167 58 172 140 152 28 34 2 102 
Maquina 6 : 43 160 128 30 67 51 35 138 18 178 66 154 199 84 37 16 153 60 74 121 68 61 40 186 45 146 95 92 33 192 
