Instance filename: ./instances/200jobs/instanceLarge1346_m=10_n=200_l=30_c=10_s=1.PMTC
Min temperature: 0.1
Max temperature: 0.5
Melhor Solução: 2031
Temp div: 16
MCL: 400
PTL: 75000
Elapsed time was: 974653
Maquina 1 : 168 83 15 26 47 99 51 28 191 121 193 60 103 188 66 80 160 68 149 30 196 48 
Maquina 2 : 113 145 173 136 116 115 56 57 138 17 112 128 5 32 118 
Maquina 3 : 90 143 152 117 58 69 12 167 176 81 194 146 197 190 64 88 25 172 34 19 142 109 158 
Maquina 4 : 10 154 156 21 170 123 97 133 86 106 163 52 40 6 93 23 120 147 20 114 102 
Maquina 5 : 96 131 175 59 134 7 155 130 174 74 195 92 16 132 29 127 171 41 95 39 
Maquina 6 : 0 139 135 84 62 35 126 141 151 18 185 67 72 8 87 70 164 24 14 77 
Maquina 7 : 124 4 140 101 53 148 181 144 153 150 42 169 50 44 98 198 13 179 182 94 
Maquina 8 : 31 76 85 107 177 157 104 137 78 2 162 36 65 111 11 71 61 166 82 43 
Maquina 9 : 110 73 199 119 54 91 33 45 165 105 184 122 1 192 178 100 3 129 
Maquina 10 : 27 49 46 187 108 180 89 22 125 183 38 37 159 79 55 189 63 9 75 186 161 
