Instance filename: ./instances/200jobs/instanceLarge1265_m=9_n=200_l=40_c=20_s=1.PMTC
Min temperature: 0.1
Max temperature: 0.5
Melhor Solução: 2948
Temp div: 16
MCL: 400
PTL: 75000
Elapsed time was: 460083
Maquina 1 : 60 26 148 69 139 188 86 134 82 54 29 71 182 84 32 100 198 166 117 
Maquina 2 : 31 153 94 119 79 183 102 77 127 17 142 155 103 162 2 173 157 52 
Maquina 3 : 67 149 163 4 30 146 18 65 15 174 125 80 122 63 133 11 6 195 109 27 
Maquina 4 : 59 114 10 156 111 95 121 150 178 185 116 164 7 171 48 196 39 41 118 154 72 64 1 126 131 
Maquina 5 : 40 104 92 105 98 68 43 115 140 192 194 85 93 73 130 168 33 184 12 181 3 161 135 16 
Maquina 6 : 45 96 5 66 191 47 186 78 137 141 58 46 13 199 193 120 128 110 62 143 147 49 158 37 21 
Maquina 7 : 70 19 36 55 169 25 61 159 145 24 38 136 160 91 172 101 57 90 42 144 8 75 99 124 197 180 
Maquina 8 : 167 81 97 108 50 175 44 132 87 34 179 189 0 165 187 151 190 177 9 20 176 51 89 
Maquina 9 : 113 53 23 76 14 28 74 56 106 107 152 170 83 129 22 112 123 138 88 35 
