Instance filename: ./instances/200jobs/instanceLarge1406_m=10_n=200_l=40_c=20_s=1.PMTC
Min temperature: 0.1
Max temperature: 0.5
Melhor Solução: 2462
Temp div: 16
MCL: 400
PTL: 75000
Elapsed time was: 1191002
Maquina 1 : 182 42 115 183 168 147 130 169 69 29 84 22 162 199 101 119 57 170 100 46 197 195 107 35 
Maquina 2 : 189 26 193 48 161 154 34 0 179 37 131 76 53 165 139 63 24 144 
Maquina 3 : 175 96 97 59 9 72 145 103 93 150 124 68 6 70 177 132 123 12 
Maquina 4 : 51 60 176 128 105 137 62 110 28 1 148 25 122 143 67 172 81 49 158 141 
Maquina 5 : 7 87 140 73 94 138 85 11 113 56 13 190 185 120 52 8 102 40 14 
Maquina 6 : 112 166 180 118 44 171 127 92 61 17 156 114 133 16 164 149 82 121 64 
Maquina 7 : 173 27 198 146 31 79 151 58 163 142 66 192 194 71 157 74 10 136 3 4 
Maquina 8 : 18 5 178 65 152 80 39 159 15 116 181 186 108 41 75 95 36 90 54 
Maquina 9 : 188 187 134 2 106 45 55 43 174 20 117 153 91 38 50 125 99 23 111 86 98 196 
Maquina 10 : 109 135 184 160 30 129 77 32 83 47 21 104 78 191 88 155 167 33 126 19 89 
