Instance filename: ./instances/200jobs/instanceLarge1098_m=8_n=200_l=30_c=10_s=2.PMTC
Min temperature: 0.1
Max temperature: 0.5
Melhor Solução: 775
Temp div: 16
MCL: 400
PTL: 75000
Elapsed time was: 487909
Maquina 1 : 132 67 108 60 103 124 149 89 18 176 73 122 80 33 47 50 178 45 30 90 84 158 31 127 183 
Maquina 2 : 192 48 1 110 161 196 189 121 104 172 106 99 3 39 27 117 49 136 123 98 171 85 187 138 139 101 134 155 
Maquina 3 : 194 97 118 109 128 59 154 29 190 75 72 185 17 147 15 143 173 4 93 46 91 115 141 191 96 8 
Maquina 4 : 24 32 70 148 145 35 13 100 175 111 198 37 144 36 160 94 61 159 6 9 55 140 62 88 184 156 
Maquina 5 : 182 95 78 34 105 131 133 20 38 163 76 164 10 21 193 71 12 42 79 162 58 11 68 119 
Maquina 6 : 153 151 129 199 0 92 180 120 28 52 186 195 165 51 63 114 57 7 168 130 19 
Maquina 7 : 107 157 23 169 82 150 197 16 177 44 135 126 174 81 66 116 181 142 146 166 2 53 86 
Maquina 8 : 25 56 54 188 69 65 102 152 137 22 83 77 167 113 64 112 14 170 74 40 43 87 26 41 125 5 179 
