Instance filename: ./instances/200jobs/instanceLarge1204_m=9_n=200_l=30_c=10_s=0.PMTC
Min temperature: 0.1
Max temperature: 0.5
Melhor Solução: 1266
Temp div: 16
MCL: 400
PTL: 75000
Elapsed time was: 593440
Maquina 1 : 18 8 190 145 25 149 188 178 97 155 13 125 183 16 56 137 93 162 31 141 30 83 53 104 180 
Maquina 2 : 117 58 114 130 113 121 95 99 11 159 123 166 153 49 111 40 92 108 35 127 59 52 79 
Maquina 3 : 45 66 151 39 70 182 22 33 63 61 198 109 119 132 134 64 154 169 54 44 185 
Maquina 4 : 164 115 124 156 6 77 194 152 23 191 29 172 122 138 118 142 34 24 129 94 51 
Maquina 5 : 80 32 146 65 171 120 101 170 41 174 75 27 131 47 1 160 184 12 82 179 74 98 167 105 
Maquina 6 : 19 100 85 88 67 150 128 81 90 50 110 42 133 68 195 175 158 62 177 5 186 165 
Maquina 7 : 103 112 143 89 38 55 87 126 139 69 173 189 102 14 168 71 2 72 176 7 0 196 
Maquina 8 : 197 78 37 181 48 199 144 9 20 26 193 106 84 107 136 57 91 147 192 116 4 43 
Maquina 9 : 3 36 28 21 76 60 157 135 73 46 10 96 86 17 140 15 187 148 161 163 
