Instance filename: ./instances/200jobs/instanceLarge881_m=6_n=200_l=30_c=20_s=1.PMTC
Min temperature: 0.1
Max temperature: 0.5
Melhor Solução: 4237
Temp div: 16
MCL: 400
PTL: 75000
Elapsed time was: 909878
Maquina 1 : 55 195 117 165 199 160 37 162 191 193 123 166 9 163 66 25 82 132 76 180 128 77 115 186 11 181 172 98 135 158 197 
Maquina 2 : 3 72 52 68 130 143 179 22 126 131 10 182 38 114 107 63 139 112 6 59 192 15 122 5 48 157 137 17 
Maquina 3 : 140 96 174 26 190 42 46 62 121 69 169 78 136 90 177 54 155 164 16 168 43 116 146 27 74 56 198 150 167 65 173 149 14 13 36 97 109 
Maquina 4 : 89 110 1 94 33 88 57 133 31 141 118 103 45 20 106 73 81 125 95 92 120 47 35 153 58 185 87 113 60 79 32 19 176 41 151 
Maquina 5 : 111 124 85 108 178 29 21 93 161 8 86 80 102 154 144 61 175 12 28 152 67 0 187 104 105 145 71 101 129 50 49 23 34 156 
Maquina 6 : 2 53 99 24 91 138 188 100 39 83 196 127 142 170 30 183 64 194 75 134 184 148 44 7 40 4 84 159 70 51 119 189 147 18 171 
