Instance filename: ./instances/200jobs/instanceLarge1272_m=9_n=200_l=40_c=20_s=2.PMTC
Min temperature: 0.1
Max temperature: 0.5
Melhor Solução: 724
Temp div: 16
MCL: 400
PTL: 75000
Elapsed time was: 549135
Maquina 1 : 26 60 197 148 95 69 39 170 101 169 8 90 183 102 57 100 97 175 171 
Maquina 2 : 163 99 42 161 164 32 193 116 7 185 141 147 46 120 16 13 176 199 75 121 174 179 186 87 123 
Maquina 3 : 122 139 43 134 77 107 49 28 74 64 68 98 52 67 149 66 47 5 17 142 4 126 
Maquina 4 : 56 40 86 144 3 160 41 80 30 146 82 73 188 55 119 19 79 35 135 83 91 94 
Maquina 5 : 117 181 33 12 187 27 106 45 132 137 50 2 44 108 63 167 124 103 110 140 115 
Maquina 6 : 58 168 192 155 105 48 194 70 92 72 1 81 29 0 162 112 130 198 128 184 109 31 173 125 
Maquina 7 : 76 23 53 113 196 89 104 178 51 78 191 9 136 11 172 195 10 114 59 131 111 
Maquina 8 : 156 150 20 93 133 157 36 15 65 18 6 71 152 129 180 165 190 151 189 118 34 
Maquina 9 : 154 88 62 143 177 37 24 159 145 38 21 61 25 158 14 153 166 85 96 182 84 127 54 22 138 
