Instance filename: ./instances/200jobs/instanceLarge965_m=7_n=200_l=30_c=10_s=1.PMTC
Min temperature: 0.1
Max temperature: 0.5
Melhor Solução: 2890
Temp div: 16
MCL: 400
PTL: 75000
Elapsed time was: 1022028
Maquina 1 : 151 14 199 51 145 42 74 33 59 100 49 55 62 92 157 171 8 4 114 89 136 158 70 93 192 3 141 19 
Maquina 2 : 25 111 153 29 117 78 121 40 6 84 0 144 106 2 57 126 115 165 120 163 67 159 47 175 164 85 46 152 
Maquina 3 : 139 104 198 108 195 56 150 143 22 45 50 11 10 190 170 166 16 95 41 162 35 66 60 43 91 109 137 178 119 
Maquina 4 : 77 112 161 44 1 127 194 82 113 173 75 9 37 122 180 138 31 13 186 193 167 98 105 71 54 52 26 34 110 185 142 83 
Maquina 5 : 72 118 155 20 124 148 160 86 156 65 76 79 128 133 107 15 189 81 53 5 32 181 154 99 168 61 68 176 172 
Maquina 6 : 140 36 134 73 191 177 48 94 188 182 38 102 24 30 103 179 146 90 125 130 58 21 96 69 123 87 
Maquina 7 : 101 80 17 147 131 135 63 97 28 18 174 149 187 116 39 88 183 169 12 27 132 7 64 129 23 184 196 197 
