Instance filename: ./instances/200jobs/instanceLarge1151_m=8_n=200_l=40_c=20_s=1.PMTC
Min temperature: 0.1
Max temperature: 0.5
Melhor Solução: 3256
Temp div: 16
MCL: 400
PTL: 75000
Elapsed time was: 802821
Maquina 1 : 137 14 11 182 79 130 146 189 13 171 112 25 46 45 131 199 92 38 143 72 86 93 195 
Maquina 2 : 53 140 190 122 48 126 6 91 117 34 74 88 7 165 60 42 87 132 151 41 100 184 32 110 1 149 
Maquina 3 : 22 142 0 39 12 83 67 192 35 107 186 168 30 31 4 154 173 177 33 197 28 119 156 82 2 16 
Maquina 4 : 185 51 43 198 95 77 29 157 63 62 23 78 73 127 188 44 164 96 18 129 57 111 101 75 180 47 
Maquina 5 : 15 3 169 194 69 159 121 181 49 162 183 94 118 58 135 103 97 125 84 144 104 178 50 98 155 
Maquina 6 : 52 123 108 136 9 81 59 138 128 167 124 161 152 141 68 147 64 54 76 115 134 
Maquina 7 : 61 158 66 109 113 172 150 8 133 114 102 145 170 106 85 21 10 176 36 153 179 160 27 80 196 40 
Maquina 8 : 187 175 65 163 105 20 17 37 139 90 56 5 19 26 70 120 71 166 24 55 148 99 193 116 174 191 89 
