Instance filename: ./instances/200jobs/instanceLarge1166_m=8_n=200_l=40_c=20_s=1.PMTC
Min temperature: 0.1
Max temperature: 0.5
Melhor Solução: 3302
Temp div: 16
MCL: 400
PTL: 75000
Elapsed time was: 688177
Maquina 1 : 137 11 182 164 14 142 79 148 130 1 32 123 3 145 94 169 198 95 38 59 81 136 108 9 125 167 55 
Maquina 2 : 124 128 127 99 161 36 152 157 75 188 181 101 96 194 15 159 104 196 110 56 163 19 40 26 5 51 90 17 
Maquina 3 : 139 37 87 97 122 147 84 144 155 98 178 10 68 20 25 189 61 13 146 41 117 107 
Maquina 4 : 165 158 111 77 0 57 119 45 92 23 143 131 170 134 60 199 43 102 116 191 21 174 193 24 
Maquina 5 : 89 62 85 88 27 179 153 197 160 175 52 135 105 112 171 70 58 86 64 183 118 162 22 
Maquina 6 : 83 121 49 42 180 176 47 65 28 187 80 149 39 73 106 54 78 72 91 192 129 185 114 168 166 138 
Maquina 7 : 63 29 195 93 53 12 35 67 48 33 190 46 140 141 7 6 8 113 109 150 71 133 69 74 
Maquina 8 : 126 34 50 120 44 66 115 76 172 18 151 100 103 184 132 4 30 173 154 31 186 177 16 156 82 2 
