Instance filename: ./instances/200jobs/instanceLarge991_m=7_n=200_l=30_c=20_s=0.PMTC
Min temperature: 0.1
Max temperature: 0.5
Melhor Solução: 965
Temp div: 16
MCL: 400
PTL: 75000
Elapsed time was: 728245
Maquina 1 : 8 30 171 165 64 4 170 25 159 21 100 85 158 187 76 113 11 141 111 133 138 191 35 197 28 
Maquina 2 : 169 43 198 63 0 180 80 147 150 156 106 87 15 136 110 185 95 172 177 6 81 131 174 163 33 190 17 149 109 
Maquina 3 : 60 31 37 155 65 124 59 16 36 27 196 179 193 107 44 84 122 128 78 192 90 39 41 56 98 101 1 119 199 176 123 
Maquina 4 : 145 99 86 157 186 105 54 181 168 40 188 173 143 19 127 108 93 182 121 91 132 142 164 139 146 134 144 152 89 68 140 118 125 
Maquina 5 : 92 3 38 148 5 24 112 69 23 97 82 29 102 45 160 14 151 184 137 62 73 154 166 79 83 48 52 12 
Maquina 6 : 53 130 47 116 189 49 20 75 26 161 104 195 183 74 167 72 120 34 94 51 114 115 46 96 32 66 
Maquina 7 : 153 178 18 88 129 126 194 22 77 50 9 57 117 10 58 2 13 42 55 61 175 135 71 7 162 70 103 67 
