Instance filename: ./instances/200jobs/instanceLarge1249_m=9_n=200_l=30_c=20_s=0.PMTC
Min temperature: 0.1
Max temperature: 0.5
Melhor Solução: 906
Temp div: 16
MCL: 400
PTL: 75000
Elapsed time was: 456480
Maquina 1 : 169 185 179 9 198 121 25 49 27 161 29 154 37 111 39 190 196 81 35 
Maquina 2 : 107 159 130 174 67 69 138 108 72 55 0 147 180 160 76 144 64 16 48 126 96 156 
Maquina 3 : 26 88 41 43 87 110 102 155 116 153 10 31 59 148 89 187 97 131 86 177 56 65 
Maquina 4 : 173 106 14 57 77 152 45 197 170 66 47 17 4 146 53 109 52 140 120 63 6 167 54 
Maquina 5 : 122 115 84 150 123 46 1 119 68 184 158 132 61 12 2 42 166 193 
Maquina 6 : 183 5 143 163 58 33 139 23 127 71 30 164 74 70 142 168 90 175 199 40 162 98 3 
Maquina 7 : 104 157 8 91 149 32 112 94 80 100 79 137 151 134 60 20 136 145 51 19 141 83 
Maquina 8 : 36 114 15 129 103 95 118 99 188 38 194 101 28 181 93 7 18 182 186 62 85 171 21 78 165 
Maquina 9 : 178 44 113 191 189 195 73 125 75 124 92 192 172 50 117 105 82 22 24 135 133 176 34 13 11 128 
