Instance filename: ./instances/200jobs/instanceLarge1291_m=9_n=200_l=40_c=30_s=0.PMTC
Min temperature: 0.1
Max temperature: 0.5
Melhor Solução: 2439
Temp div: 16
MCL: 400
PTL: 75000
Elapsed time was: 746416
Maquina 1 : 85 77 59 15 168 101 165 152 188 197 174 4 68 100 58 145 123 72 126 20 195 87 
Maquina 2 : 110 44 136 162 158 102 113 74 117 93 138 60 32 49 56 51 34 141 159 35 118 14 
Maquina 3 : 163 53 189 64 104 194 8 3 13 160 71 61 52 81 139 111 40 157 154 182 73 
Maquina 4 : 33 11 155 65 92 133 25 193 55 82 9 185 178 170 26 42 75 106 27 198 108 29 45 30 180 
Maquina 5 : 148 39 16 116 161 23 166 122 12 54 76 19 175 109 88 63 17 147 107 5 
Maquina 6 : 69 99 1 140 103 105 176 143 90 125 95 124 0 47 7 187 131 2 172 119 169 177 57 128 10 
Maquina 7 : 120 114 70 48 6 156 78 112 22 43 184 50 84 83 80 37 142 190 191 94 173 
Maquina 8 : 183 89 121 67 96 66 151 134 153 130 146 18 164 91 28 149 192 127 38 129 
Maquina 9 : 115 46 31 199 196 179 21 24 36 186 62 137 144 97 181 98 86 167 132 79 135 41 150 171 
