Instance filename: ./instances/200jobs/instanceLarge1001_m=7_n=200_l=30_c=20_s=1.PMTC
Min temperature: 0.1
Max temperature: 0.5
Melhor Solução: 3601
Temp div: 16
MCL: 400
PTL: 75000
Elapsed time was: 515037
Maquina 1 : 63 43 105 38 108 173 20 22 10 52 74 179 27 59 161 104 183 7 101 129 88 194 64 168 40 188 102 45 
Maquina 2 : 198 160 16 151 174 124 155 65 83 103 60 132 26 121 51 186 32 28 191 133 35 169 190 197 19 78 128 90 122 39 
Maquina 3 : 192 1 139 54 41 56 68 47 82 37 184 70 162 135 137 73 79 166 154 48 31 12 138 144 134 159 196 193 
Maquina 4 : 8 171 30 55 2 71 113 11 141 152 114 142 99 93 164 116 115 96 46 36 86 157 92 125 3 118 140 
Maquina 5 : 89 67 87 15 95 185 110 98 91 61 175 189 49 75 180 57 50 9 77 117 136 58 195 130 143 187 119 
Maquina 6 : 199 176 123 62 178 153 182 66 146 80 131 156 147 106 150 172 84 107 18 44 53 42 120 34 72 167 94 165 158 76 85 
Maquina 7 : 100 21 14 0 177 127 29 97 23 69 112 24 5 111 148 6 81 170 109 4 145 25 13 17 126 181 163 33 149 
