Instance filename: ./instances/200jobs/instanceLarge1286_m=9_n=200_l=40_c=20_s=1.PMTC
Min temperature: 0.1
Max temperature: 0.5
Melhor Solução: 2869
Temp div: 16
MCL: 400
PTL: 75000
Elapsed time was: 1214987
Maquina 1 : 95 106 123 75 185 147 128 120 37 184 13 47 5 4 45 49 66 162 23 17 122 94 169 96 166 
Maquina 2 : 157 1 126 0 40 97 12 181 131 150 111 73 156 125 133 29 139 87 179 165 189 34 
Maquina 3 : 190 177 80 62 143 158 74 70 61 25 151 196 21 38 180 159 170 107 83 152 35 187 129 135 
Maquina 4 : 173 71 146 18 65 15 77 36 6 145 11 195 27 10 59 114 188 101 194 176 172 
Maquina 5 : 89 178 51 118 113 199 93 102 183 8 90 14 174 81 121 39 86 56 28 88 16 3 161 136 104 
Maquina 6 : 9 153 24 72 92 105 78 85 115 109 31 110 117 33 141 198 155 186 137 132 50 2 160 
Maquina 7 : 108 63 44 167 98 19 148 60 26 197 69 41 55 67 149 52 134 191 82 68 84 
Maquina 8 : 54 163 193 32 175 7 116 164 171 99 100 48 154 112 138 182 127 22 76 
Maquina 9 : 124 130 30 168 144 57 42 79 91 43 192 103 140 64 119 53 46 58 20 142 
