Instance filename: ./instances/200jobs/instanceLarge844_m=6_n=200_l=30_c=10_s=0.PMTC
Min temperature: 0.1
Max temperature: 0.5
Melhor Solução: 2829
Temp div: 16
MCL: 400
PTL: 75000
Elapsed time was: 550859
Maquina 1 : 113 16 1 103 134 157 182 136 34 18 31 67 80 178 166 186 165 82 72 73 130 150 190 102 198 100 194 118 23 169 96 197 119 168 
Maquina 2 : 108 111 65 60 105 89 39 29 44 10 54 42 124 14 188 28 52 146 35 127 3 131 66 27 144 114 57 155 199 84 58 43 142 148 
Maquina 3 : 90 116 0 139 11 78 25 172 83 158 193 125 45 183 22 175 153 48 185 138 196 128 41 115 87 161 15 171 191 7 97 61 195 13 
Maquina 4 : 189 112 76 62 36 160 107 99 164 75 98 154 5 74 104 187 93 162 2 56 173 126 47 129 85 192 143 179 64 9 63 147 53 
Maquina 5 : 133 106 101 33 117 176 132 86 88 163 37 68 135 120 19 71 92 8 26 95 38 70 49 137 110 140 24 141 94 32 184 
Maquina 6 : 12 167 50 40 21 156 51 121 59 77 174 91 6 30 46 170 181 180 123 79 145 81 17 69 149 55 4 109 151 122 20 159 177 152 
