Instance filename: ./instances/200jobs/instanceLarge1388_m=10_n=200_l=40_c=20_s=1.PMTC
Min temperature: 0.1
Max temperature: 0.5
Melhor Solução: 2508
Temp div: 16
MCL: 400
PTL: 75000
Elapsed time was: 853630
Maquina 1 : 189 35 195 193 107 26 48 34 154 161 109 47 63 150 114 170 12 93 70 
Maquina 2 : 124 6 173 68 121 136 5 4 178 160 95 30 18 83 135 3 129 184 82 16 118 132 44 
Maquina 3 : 171 164 92 149 17 61 156 133 112 36 180 32 120 140 52 186 8 185 102 
Maquina 4 : 87 59 103 9 72 145 25 190 166 126 19 115 183 182 22 84 29 
Maquina 5 : 69 42 165 2 100 101 162 14 159 119 57 46 151 31 198 0 144 106 27 79 7 90 108 
Maquina 6 : 13 147 78 88 191 146 77 155 168 58 167 199 192 163 196 89 142 80 152 65 
Maquina 7 : 75 39 116 181 15 134 54 188 153 45 43 20 50 174 51 117 91 38 125 99 23 86 
Maquina 8 : 111 169 98 197 179 157 194 66 71 21 10 74 127 60 128 62 176 105 55 177 
Maquina 9 : 110 96 130 28 1 148 143 122 81 172 67 158 104 141 64 187 97 175 40 
Maquina 10 : 139 49 73 137 94 138 85 56 11 41 113 24 33 123 131 76 37 53 
