Instance filename: ./instances/200jobs/instanceLarge1374_m=10_n=200_l=30_c=20_s=2.PMTC
Min temperature: 0.1
Max temperature: 0.5
Melhor Solução: 646
Temp div: 16
MCL: 400
PTL: 75000
Elapsed time was: 416022
Maquina 1 : 88 117 115 3 20 197 48 62 25 16 79 146 59 69 66 113 56 190 28 
Maquina 2 : 116 43 38 176 33 83 157 153 104 19 84 92 169 26 80 133 87 68 
Maquina 3 : 170 74 90 99 188 98 187 5 17 132 168 36 61 63 101 40 189 135 32 37 
Maquina 4 : 137 65 105 194 64 114 29 145 139 125 184 86 109 111 81 1 124 199 67 156 167 
Maquina 5 : 45 60 158 129 55 178 185 177 118 195 72 152 173 119 82 57 180 159 18 
Maquina 6 : 100 108 89 179 52 192 165 70 138 142 154 12 155 102 77 91 110 73 46 
Maquina 7 : 130 7 71 143 126 49 172 41 141 186 22 44 2 191 85 128 75 103 78 
Maquina 8 : 107 97 120 127 123 24 161 31 183 54 51 122 35 96 50 93 174 134 164 106 140 182 10 15 
Maquina 9 : 6 150 149 198 163 23 175 136 8 34 131 147 21 160 27 144 121 181 162 11 
Maquina 10 : 151 53 4 13 14 58 47 30 196 112 166 0 9 148 42 94 193 39 171 76 95 
