Instance filename: ./instances/200jobs/instanceLarge1375_m=10_n=200_l=30_c=20_s=0.PMTC
Min temperature: 0.1
Max temperature: 0.5
Melhor Solução: 1879
Temp div: 16
MCL: 400
PTL: 75000
Elapsed time was: 690864
Maquina 1 : 148 98 190 71 104 15 182 117 105 163 149 175 196 30 47 164 58 48 82 
Maquina 2 : 93 174 144 187 91 177 178 185 55 111 110 81 1 199 124 156 129 46 176 181 197 
Maquina 3 : 132 5 10 168 74 170 68 141 57 18 100 89 173 119 25 155 112 152 72 64 
Maquina 4 : 45 167 2 23 147 8 136 34 131 27 21 150 115 180 179 139 20 63 101 40 189 11 108 3 
Maquina 5 : 153 157 83 33 183 165 54 50 96 35 114 73 7 130 195 0 52 
Maquina 6 : 166 188 90 142 106 12 154 192 70 62 138 9 36 61 121 67 160 88 39 41 51 194 
Maquina 7 : 65 37 137 32 135 102 172 77 143 126 17 49 69 29 125 145 116 146 191 60 158 38 
Maquina 8 : 43 94 118 86 193 42 151 53 4 162 184 159 13 14 140 122 161 
Maquina 9 : 24 97 120 127 123 28 109 56 59 76 113 66 79 198 103 78 16 107 87 99 133 
Maquina 10 : 80 26 169 134 92 85 84 31 19 128 75 44 22 186 171 6 95 
