Instance filename: ./instances/200jobs/instanceLarge1134_m=8_n=200_l=30_c=20_s=2.PMTC
Min temperature: 0.1
Max temperature: 0.5
Melhor Solução: 809
Temp div: 16
MCL: 400
PTL: 75000
Elapsed time was: 517559
Maquina 1 : 18 149 26 94 102 27 99 101 47 25 53 195 35 122 140 11 58 177 1 137 178 193 187 183 
Maquina 2 : 124 108 7 51 24 135 168 13 123 174 76 184 74 171 176 161 175 199 128 83 121 59 57 17 75 9 143 
Maquina 3 : 111 166 116 93 22 158 119 43 136 73 32 115 142 144 70 155 44 2 129 41 113 33 77 89 148 86 
Maquina 4 : 173 172 169 163 36 0 64 56 162 81 16 82 79 63 141 96 138 19 130 45 167 28 185 126 5 
Maquina 5 : 132 139 88 188 61 71 42 118 85 181 105 147 106 134 125 133 84 40 23 55 80 182 190 60 180 109 
Maquina 6 : 196 198 91 21 72 10 107 98 54 39 103 194 189 66 114 127 62 100 6 14 159 112 30 145 
Maquina 7 : 197 34 48 152 157 20 120 153 95 3 154 87 29 170 68 131 69 78 4 90 110 160 12 67 156 179 
Maquina 8 : 37 8 65 92 46 104 192 164 151 15 150 186 38 49 165 117 97 31 50 52 191 146 
