Instance filename: ./instances/200jobs/instanceLarge850_m=6_n=200_l=30_c=10_s=0.PMTC
Min temperature: 0.1
Max temperature: 0.5
Melhor Solução: 1256
Temp div: 16
MCL: 400
PTL: 75000
Elapsed time was: 524614
Maquina 1 : 25 48 102 148 58 142 176 43 110 116 187 37 68 45 12 135 11 104 0 115 92 94 141 21 19 49 198 77 13 47 121 
Maquina 2 : 129 56 119 2 173 126 156 154 164 75 5 107 98 167 24 180 59 140 44 149 81 69 145 79 112 123 26 93 61 163 64 85 192 143 199 
Maquina 3 : 162 117 160 89 29 31 105 182 39 65 60 111 197 96 185 23 41 22 128 84 124 155 153 138 196 70 83 175 158 139 71 193 172 125 184 40 
Maquina 4 : 32 106 54 132 88 78 169 10 33 42 131 118 8 38 51 82 150 100 174 17 170 91 183 109 194 20 151 4 130 73 9 179 159 
Maquina 5 : 147 53 133 122 177 136 1 74 191 137 95 7 97 171 157 161 15 87 134 67 166 18 80 34 178 14 152 72 190 195 168 108 35 
Maquina 6 : 165 101 63 186 28 146 188 36 99 76 62 55 189 57 114 66 144 27 3 120 127 86 113 50 90 16 103 181 52 46 30 6 
