Instance filename: ./instances/200jobs/instanceLarge1142_m=8_n=200_l=40_c=20_s=1.PMTC
Min temperature: 0.1
Max temperature: 0.5
Melhor Solução: 3255
Temp div: 16
MCL: 400
PTL: 75000
Elapsed time was: 943040
Maquina 1 : 195 60 93 53 83 91 181 78 12 67 192 48 146 190 140 109 113 20 51 8 150 158 117 126 34 
Maquina 2 : 141 74 133 71 68 76 44 120 114 172 106 54 119 95 198 35 30 156 187 16 4 2 177 173 186 
Maquina 3 : 129 154 31 50 168 96 45 0 107 65 77 38 176 92 3 165 7 88 183 139 19 180 64 147 122 87 
Maquina 4 : 49 132 82 42 105 151 184 32 1 10 155 123 22 56 6 9 21 75 157 29 63 47 175 169 28 179 
Maquina 5 : 27 191 196 40 149 80 39 73 111 152 115 134 61 13 41 100 18 46 171 25 112 
Maquina 6 : 189 58 94 135 160 79 130 148 14 142 69 137 182 23 11 143 170 145 102 116 199 185 57 72 86 
Maquina 7 : 144 84 97 26 178 174 43 70 85 193 62 89 24 167 36 131 153 99 197 127 124 161 33 59 128 103 138 
Maquina 8 : 5 163 17 37 90 162 121 55 118 66 166 110 98 104 136 194 159 125 15 188 164 52 101 81 108 
