Instance filename: ./instances/200jobs/instanceLarge1335_m=10_n=200_l=30_c=10_s=2.PMTC
Min temperature: 0.1
Max temperature: 0.5
Melhor Solução: 608
Temp div: 16
MCL: 400
PTL: 75000
Elapsed time was: 435337
Maquina 1 : 192 30 165 33 52 22 97 80 170 149 85 173 76 94 107 5 17 56 199 142 
Maquina 2 : 112 116 29 136 0 127 130 156 167 19 158 154 10 24 163 25 
Maquina 3 : 45 88 64 146 172 185 58 176 197 117 47 69 190 168 61 11 71 91 99 15 83 137 105 
Maquina 4 : 54 1 18 151 178 160 67 157 188 177 194 81 20 113 104 6 162 78 180 2 108 
Maquina 5 : 59 184 36 119 65 111 103 122 16 66 68 181 93 57 148 
Maquina 6 : 144 138 153 150 98 50 44 13 8 72 12 87 70 164 28 14 55 60 42 48 198 75 121 
Maquina 7 : 51 182 169 171 74 41 132 90 118 152 92 195 193 125 101 129 27 26 49 135 
Maquina 8 : 141 35 62 84 34 4 139 140 126 109 40 161 32 9 63 
Maquina 9 : 186 189 37 133 79 38 53 128 159 183 89 191 39 77 174 21 82 124 73 155 
Maquina 10 : 7 102 134 106 86 23 147 143 120 96 110 114 187 31 43 166 175 131 95 3 46 123 115 196 100 145 179 
