Instance filename: ./instances/200jobs/instanceLarge1052_m=7_n=200_l=40_c=30_s=1.PMTC
Min temperature: 0.1
Max temperature: 0.5
Melhor Solução: 4950
Temp div: 16
MCL: 400
PTL: 75000
Elapsed time was: 651424
Maquina 1 : 127 102 30 0 143 39 38 180 179 53 199 129 170 173 81 120 88 20 178 175 48 198 171 122 3 150 186 184 60 
Maquina 2 : 28 83 25 14 26 41 195 176 58 123 100 46 136 135 94 55 75 107 93 147 95 64 31 172 182 116 149 
Maquina 3 : 57 131 76 185 21 45 10 187 183 161 43 145 2 67 163 42 11 124 7 89 130 40 197 174 153 
Maquina 4 : 128 109 160 9 91 158 132 19 72 196 165 47 191 159 108 104 121 156 125 98 54 5 18 73 84 105 148 134 139 59 82 
Maquina 5 : 63 146 97 32 92 152 106 52 117 29 65 188 90 71 17 66 85 33 112 133 157 68 137 50 118 23 194 190 138 
Maquina 6 : 15 168 87 151 110 78 49 115 162 155 44 189 4 141 177 79 74 119 144 61 36 169 34 27 126 154 37 96 69 
Maquina 7 : 181 1 62 142 140 101 13 80 70 77 113 86 103 22 114 56 35 16 166 192 6 164 193 8 111 12 99 24 167 51 
