Instance filename: ./instances/200jobs/instanceLarge1373_m=10_n=200_l=30_c=20_s=1.PMTC
Min temperature: 0.1
Max temperature: 0.5
Melhor Solução: 2568
Temp div: 16
MCL: 400
PTL: 75000
Elapsed time was: 683047
Maquina 1 : 148 98 0 36 72 112 152 195 73 130 7 20 28 83 33 183 165 54 
Maquina 2 : 34 114 35 51 179 122 197 95 171 46 59 69 56 113 66 17 79 189 63 
Maquina 3 : 61 168 132 131 121 160 181 176 43 38 127 146 191 182 116 60 145 29 139 125 
Maquina 4 : 184 49 64 194 65 2 123 86 198 24 9 78 97 107 136 8 147 23 89 100 18 
Maquina 5 : 180 52 57 90 70 138 142 154 12 42 106 93 174 82 144 187 177 48 185 110 192 173 
Maquina 6 : 101 155 25 117 126 71 143 108 137 37 32 10 135 172 77 102 21 91 27 62 119 58 11 
Maquina 7 : 3 153 19 76 157 193 161 94 166 118 151 53 4 162 159 13 14 96 
Maquina 8 : 50 87 120 55 129 5 6 15 104 40 115 88 158 39 41 30 47 164 140 163 
Maquina 9 : 149 175 178 196 190 74 141 170 68 188 99 133 80 26 134 169 92 84 85 31 
Maquina 10 : 128 75 103 44 105 22 186 16 45 150 167 156 67 124 199 1 81 111 109 
