Instance filename: ./instances/200jobs/instanceLarge1307_m=9_n=200_l=40_c=30_s=1.PMTC
Min temperature: 0.1
Max temperature: 0.5
Melhor Solução: 3830
Temp div: 16
MCL: 400
PTL: 75000
Elapsed time was: 1031215
Maquina 1 : 171 150 41 145 64 104 58 100 33 139 105 197 188 152 40 165 174 15 5 88 149 
Maquina 2 : 109 175 96 19 151 66 65 24 99 86 98 167 132 95 79 189 1 69 17 107 147 47 7 187 
Maquina 3 : 131 2 172 119 169 61 31 157 154 182 73 133 155 74 192 82 25 92 28 183 148 180 
Maquina 4 : 30 29 45 108 186 62 21 48 77 6 156 78 112 18 134 68 153 146 130 36 193 34 4 177 
Maquina 5 : 57 128 10 168 3 55 135 13 113 160 71 138 60 140 111 117 173 142 144 89 16 116 161 
Maquina 6 : 23 70 9 81 52 198 75 39 11 53 194 8 103 164 115 166 122 12 54 76 87 141 
Maquina 7 : 35 159 118 22 14 196 179 94 137 97 181 110 44 136 102 158 162 123 176 184 43 63 80 83 84 
Maquina 8 : 106 37 67 191 190 170 50 126 32 49 51 121 56 143 127 195 20 72 178 185 38 
Maquina 9 : 129 163 46 101 199 27 93 120 26 42 125 114 0 124 90 91 59 85 
