Instance filename: ./instances/200jobs/instanceLarge1309_m=9_n=200_l=40_c=30_s=0.PMTC
Min temperature: 0.1
Max temperature: 0.5
Melhor Solução: 1740
Temp div: 16
MCL: 400
PTL: 75000
Elapsed time was: 777110
Maquina 1 : 164 18 130 146 153 7 147 174 19 91 185 178 6 156 48 83 50 80 180 170 152 158 144 90 99 
Maquina 2 : 53 105 188 139 197 111 85 59 199 3 8 194 104 64 145 47 38 134 112 172 
Maquina 3 : 10 30 184 162 116 165 22 125 114 120 128 66 151 43 186 115 81 52 63 37 
Maquina 4 : 27 106 198 75 56 26 42 36 193 34 55 94 183 4 155 11 33 28 92 192 82 
Maquina 5 : 171 150 41 78 103 140 189 1 132 167 86 98 71 160 113 13 84 16 161 57 169 119 137 97 
Maquina 6 : 31 68 181 25 136 72 126 20 195 61 23 166 122 12 54 76 141 79 35 177 51 142 173 
Maquina 7 : 89 121 67 96 175 109 5 88 70 143 0 95 124 60 32 138 49 176 133 123 149 45 
Maquina 8 : 29 127 21 179 196 14 118 159 102 9 135 39 148 190 191 187 131 2 100 58 
Maquina 9 : 87 129 108 163 46 101 168 15 77 107 69 17 62 65 24 93 74 117 110 44 40 157 154 182 73 
