Instance filename: ./instances/200jobs/instanceLarge1310_m=9_n=200_l=40_c=30_s=1.PMTC
Min temperature: 0.1
Max temperature: 0.5
Melhor Solução: 3697
Temp div: 16
MCL: 400
PTL: 75000
Elapsed time was: 539309
Maquina 1 : 151 96 33 139 105 197 188 152 15 168 190 117 57 142 173 121 186 67 37 106 27 52 81 
Maquina 2 : 63 198 75 26 42 36 193 34 94 183 135 39 148 29 45 74 149 58 41 127 4 21 
Maquina 3 : 137 179 196 14 22 118 159 102 189 160 113 13 84 83 50 80 180 32 60 124 95 0 47 
Maquina 4 : 48 64 145 31 97 181 98 86 167 132 79 35 177 141 51 38 156 169 56 120 114 70 165 101 
Maquina 5 : 110 87 195 20 126 72 178 185 170 9 55 3 199 46 163 108 129 99 8 194 53 104 11 
Maquina 6 : 155 40 157 154 73 182 144 125 90 49 176 133 89 111 92 25 192 28 91 
Maquina 7 : 164 103 140 1 69 107 7 187 131 2 100 119 68 153 146 18 112 6 172 61 
Maquina 8 : 130 71 43 184 78 10 134 115 82 150 171 174 88 17 5 109 175 19 76 54 12 122 
Maquina 9 : 166 23 161 116 16 128 123 158 162 136 44 143 191 30 147 138 93 24 62 65 66 77 59 85 
