Instance filename: ./instances/200jobs/instanceLarge857_m=6_n=200_l=30_c=10_s=1.PMTC
Min temperature: 0.1
Max temperature: 0.5
Melhor Solução: 3449
Temp div: 16
MCL: 400
PTL: 75000
Elapsed time was: 1186263
Maquina 1 : 2 93 173 126 187 162 77 156 121 59 98 44 21 140 180 11 123 81 145 112 69 79 5 152 151 4 122 170 109 17 174 82 51 14 146 8 190 
Maquina 2 : 38 186 166 80 67 34 178 18 9 63 64 179 30 129 85 46 143 192 29 43 61 58 189 148 102 125 55 13 97 195 
Maquina 3 : 191 7 171 168 31 111 60 65 72 130 56 119 3 108 35 101 199 66 197 96 23 118 75 150 164 91 76 198 47 19 131 74 28 
Maquina 4 : 10 89 33 100 167 154 40 12 184 32 106 117 161 53 20 183 147 133 194 144 159 177 153 175 158 139 193 25 172 0 155 
Maquina 5 : 196 165 78 90 84 116 48 128 138 185 169 160 41 22 99 124 188 42 52 36 62 94 49 142 70 141 137 107 110 24 15 115 1 
Maquina 6 : 157 103 182 134 136 39 105 6 73 149 88 87 181 16 50 132 176 54 71 92 104 95 26 163 45 68 135 37 83 113 127 86 120 114 27 57 
