Instance filename: ./instances/200jobs/instanceLarge1178_m=8_n=200_l=40_c=30_s=1.PMTC
Min temperature: 0.1
Max temperature: 0.5
Melhor Solução: 4220
Temp div: 16
MCL: 400
PTL: 75000
Elapsed time was: 842266
Maquina 1 : 61 175 23 147 186 194 79 162 198 122 66 14 123 128 41 188 189 31 83 4 181 193 7 94 11 145 
Maquina 2 : 150 185 82 114 88 49 16 87 139 169 115 53 67 146 74 149 17 126 108 95 160 48 2 93 22 
Maquina 3 : 196 199 50 197 97 178 44 89 138 45 70 37 177 143 171 25 92 38 142 170 6 0 39 112 153 12 183 131 
Maquina 4 : 118 64 120 56 154 192 187 77 129 20 166 34 58 81 121 137 29 86 163 136 99 101 75 103 
Maquina 5 : 144 157 179 59 52 33 76 151 80 168 73 85 107 15 159 184 55 63 54 96 26 195 78 113 
Maquina 6 : 90 156 84 35 62 98 173 65 158 60 24 40 68 5 71 134 18 69 124 174 190 104 105 176 13 148 8 180 
Maquina 7 : 191 32 42 30 172 72 19 119 155 116 111 102 28 110 109 133 127 9 47 46 1 130 57 
Maquina 8 : 165 21 51 36 43 152 135 132 140 182 3 117 10 161 106 167 141 164 100 91 27 125 
