Instance filename: ./instances/200jobs/instanceLarge940_m=6_n=200_l=40_c=30_s=0.PMTC
Min temperature: 0.1
Max temperature: 0.5
Melhor Solução: 2828
Temp div: 16
MCL: 400
PTL: 75000
Elapsed time was: 724446
Maquina 1 : 120 151 68 81 125 44 104 102 134 51 37 167 129 149 186 111 130 118 168 89 110 7 35 127 139 166 42 79 109 52 72 2 53 
Maquina 2 : 39 48 54 124 183 84 57 191 188 91 34 1 4 28 9 114 147 32 25 107 6 45 164 3 26 36 172 70 152 16 180 66 
Maquina 3 : 187 169 175 190 92 20 195 0 95 75 108 83 133 176 122 73 143 41 115 88 121 158 82 163 93 47 145 22 86 193 144 194 99 11 21 
Maquina 4 : 13 12 165 174 136 179 140 15 14 135 156 77 76 138 94 182 157 113 90 150 74 131 192 116 30 106 27 198 100 126 33 119 5 31 19 
Maquina 5 : 98 105 160 146 96 117 29 155 80 184 56 132 154 101 67 43 128 24 46 55 87 159 197 171 137 196 103 23 78 178 97 189 60 
Maquina 6 : 161 63 177 58 10 8 38 62 185 181 17 71 49 69 59 153 40 173 141 61 199 162 64 18 170 65 142 85 148 123 50 112 
