Instance filename: ./instances/200jobs/instanceLarge1284_m=9_n=200_l=40_c=20_s=2.PMTC
Min temperature: 0.1
Max temperature: 0.5
Melhor Solução: 670
Temp div: 16
MCL: 400
PTL: 75000
Elapsed time was: 910262
Maquina 1 : 158 151 20 12 108 119 79 97 131 117 91 28 35 94 39 49 68 104 74 
Maquina 2 : 43 42 98 172 136 40 144 133 24 124 197 63 44 167 81 99 71 29 82 146 41 161 66 30 168 
Maquina 3 : 128 45 196 137 155 78 198 110 31 173 125 76 14 84 85 182 103 1 187 96 157 
Maquina 4 : 4 163 100 15 65 36 18 134 19 135 47 143 88 62 129 21 177 190 189 34 176 138 160 
Maquina 5 : 139 130 184 93 194 115 192 140 27 10 195 11 145 6 159 38 199 57 180 8 90 102 183 165 23 169 
Maquina 6 : 86 56 25 61 152 55 107 83 22 112 0 58 147 126 154 80 178 72 70 166 92 105 
Maquina 7 : 48 54 118 89 51 64 153 113 53 59 9 114 101 109 188 156 95 73 111 150 121 185 171 175 
Maquina 8 : 164 7 32 141 191 116 193 120 37 181 13 16 3 33 5 46 142 17 77 
Maquina 9 : 149 67 52 2 50 132 127 122 87 179 174 186 75 123 162 106 170 69 26 60 148 
