Instance filename: ./instances/200jobs/instanceLarge968_m=7_n=200_l=30_c=10_s=1.PMTC
Min temperature: 0.1
Max temperature: 0.5
Melhor Solução: 2866
Temp div: 16
MCL: 400
PTL: 75000
Elapsed time was: 557178
Maquina 1 : 75 15 53 113 185 100 71 186 148 86 49 20 62 65 59 156 33 55 47 155 18 72 118 198 92 171 157 8 4 114 89 162 
Maquina 2 : 70 158 79 163 101 76 128 183 133 21 91 109 60 11 98 37 167 82 138 31 180 124 40 6 77 1 190 161 0 106 126 
Maquina 3 : 144 191 58 194 57 159 17 120 115 96 176 61 168 99 24 32 189 181 165 67 54 22 85 111 78 136 68 108 195 
Maquina 4 : 142 102 147 88 193 13 174 187 149 116 134 39 27 12 169 103 132 179 104 2 152 175 9 84 154 5 38 178 137 
Maquina 5 : 112 119 122 170 166 16 41 95 35 10 45 50 143 56 66 150 160 64 7 129 145 51 199 42 14 151 139 46 
Maquina 6 : 107 164 121 117 93 192 3 19 141 125 69 123 153 87 25 28 135 63 131 97 80 182 172 74 140 
Maquina 7 : 177 73 36 188 127 94 44 48 30 90 130 146 83 34 110 105 52 26 29 81 23 173 43 184 197 196 
