Instance filename: ./instances/200jobs/instanceLarge1027_m=7_n=200_l=40_c=20_s=0.PMTC
Min temperature: 0.1
Max temperature: 0.5
Melhor Solução: 3233
Temp div: 16
MCL: 400
PTL: 75000
Elapsed time was: 1123003
Maquina 1 : 6 109 3 14 41 132 28 12 23 184 22 90 7 51 159 16 75 27 69 150 19 1 188 153 116 13 172 
Maquina 2 : 107 147 92 177 42 50 145 176 187 190 59 186 174 98 76 48 142 82 91 57 157 94 104 15 105 162 123 111 21 
Maquina 3 : 38 136 0 173 180 144 185 118 108 95 169 93 170 131 79 29 120 4 88 179 83 85 86 196 81 40 106 24 
Maquina 4 : 26 134 193 17 47 149 5 122 182 35 70 138 73 2 163 154 74 61 33 155 99 140 141 87 199 89 114 67 125 52 
Maquina 5 : 9 62 192 49 158 32 65 37 71 100 183 139 60 96 18 151 44 160 72 10 11 56 165 36 166 112 54 101 
Maquina 6 : 46 126 195 8 97 110 58 68 113 167 148 171 198 115 121 117 39 66 135 119 197 143 45 175 161 53 191 25 
Maquina 7 : 181 84 77 146 43 64 133 137 128 189 31 156 103 127 130 102 63 20 55 80 178 34 78 164 168 124 30 152 129 194 
