Instance filename: ./instances/200jobs/instanceLarge955_m=6_n=200_l=40_c=30_s=0.PMTC
Min temperature: 0.1
Max temperature: 0.5
Melhor Solução: 3801
Temp div: 16
MCL: 400
PTL: 75000
Elapsed time was: 907931
Maquina 1 : 103 141 166 139 151 127 190 175 89 168 118 130 77 34 76 138 94 165 112 167 149 50 185 17 79 97 189 51 9 114 70 195 
Maquina 2 : 44 182 155 160 146 96 117 29 173 105 19 31 98 140 119 33 5 82 46 24 128 111 177 58 10 87 78 8 62 38 91 100 198 106 
Maquina 3 : 159 27 30 116 93 47 145 86 193 158 110 7 35 120 178 23 144 99 194 11 134 164 6 107 32 157 196 75 108 83 133 176 
Maquina 4 : 122 73 143 41 81 121 115 55 88 171 186 123 21 137 22 163 48 39 53 52 2 72 14 135 63 161 66 12 13 147 148 104 192 131 74 150 
Maquina 5 : 90 113 45 68 136 142 85 43 15 126 174 25 199 162 61 3 26 36 197 180 92 152 16 28 1 4 125 169 109 71 49 69 
Maquina 6 : 56 153 59 187 42 179 181 40 80 184 154 101 132 67 37 156 129 18 102 170 65 64 188 191 57 84 183 124 54 60 20 0 95 172 
