Instance filename: ./instances/200jobs/instanceLarge1190_m=8_n=200_l=40_c=30_s=1.PMTC
Min temperature: 0.1
Max temperature: 0.5
Melhor Solução: 4199
Temp div: 16
MCL: 400
PTL: 75000
Elapsed time was: 822965
Maquina 1 : 43 152 135 73 168 107 15 159 143 17 150 185 147 170 103 75 113 78 195 26 184 65 182 72 19 56 
Maquina 2 : 144 48 2 22 115 93 89 140 167 117 148 13 176 105 173 40 18 51 119 68 5 71 199 196 157 179 59 
Maquina 3 : 188 151 52 112 138 193 88 49 44 178 97 197 38 110 28 102 139 87 16 186 33 50 10 
Maquina 4 : 30 172 61 175 23 194 85 90 156 84 35 62 98 41 55 158 132 36 4 83 31 1 96 145 100 91 
Maquina 5 : 27 181 164 141 92 63 80 166 58 171 39 6 8 142 25 146 136 74 126 149 190 153 95 64 12 160 
Maquina 6 : 108 104 76 125 169 101 24 42 32 60 137 3 128 189 114 177 82 111 116 155 45 70 37 163 
Maquina 7 : 99 118 131 183 0 154 192 120 11 53 191 67 134 180 130 165 46 47 21 7 9 127 133 79 
Maquina 8 : 162 174 124 94 69 54 109 29 86 81 34 121 106 57 122 198 161 14 66 123 187 77 129 20 
