Instance filename: ./instances/200jobs/instanceLarge867_m=6_n=200_l=30_c=10_s=2.PMTC
Min temperature: 0.1
Max temperature: 0.5
Melhor Solução: 1045
Temp div: 16
MCL: 400
PTL: 75000
Elapsed time was: 939940
Maquina 1 : 88 103 1 31 159 105 134 87 161 67 80 34 166 39 15 3 111 75 56 130 89 108 190 6 30 129 85 46 64 179 143 47 2 162 126 
Maquina 2 : 11 173 156 77 121 49 164 91 198 71 19 76 8 26 74 163 37 68 45 135 95 92 115 104 127 86 181 120 58 114 57 27 144 199 66 32 154 50 
Maquina 3 : 62 61 195 13 97 7 171 191 119 168 113 90 65 72 73 165 18 60 182 157 151 136 152 5 93 123 69 4 149 55 160 117 63 29 178 
Maquina 4 : 52 16 36 33 54 132 188 99 28 101 106 9 133 194 20 53 147 102 35 122 79 177 70 175 183 125 158 187 25 193 196 139 
Maquina 5 : 172 174 109 100 131 118 82 150 38 186 146 14 51 155 59 98 124 21 112 145 42 140 17 81 12 167 180 137 107 24 
Maquina 6 : 110 141 94 142 116 78 148 83 0 48 44 153 184 10 40 22 192 41 128 138 185 23 170 84 96 176 43 169 189 197 
