Instance filename: ./instances/200jobs/instanceLarge1378_m=10_n=200_l=30_c=20_s=0.PMTC
Min temperature: 0.1
Max temperature: 0.5
Melhor Solução: 1329
Temp div: 16
MCL: 400
PTL: 75000
Elapsed time was: 541083
Maquina 1 : 163 149 198 15 105 182 6 150 45 178 140 63 3 29 114 138 70 166 99 12 154 
Maquina 2 : 60 141 55 129 124 199 81 46 86 122 51 14 13 4 36 7 130 73 195 
Maquina 3 : 190 80 196 175 90 74 68 170 72 18 100 79 104 116 40 189 101 155 25 
Maquina 4 : 119 173 152 179 64 113 145 66 59 180 127 194 191 146 65 31 125 84 92 26 
Maquina 5 : 54 165 183 1 34 88 117 115 139 20 35 96 50 142 188 133 98 61 
Maquina 6 : 168 132 5 67 121 160 131 193 158 161 118 94 38 43 85 56 134 103 28 78 97 107 
Maquina 7 : 16 87 17 126 71 143 77 172 102 135 10 32 37 137 111 95 76 171 41 
Maquina 8 : 30 47 164 58 62 42 106 93 174 187 177 48 185 197 169 192 24 52 176 89 57 159 82 147 
Maquina 9 : 91 21 27 39 144 136 8 162 53 151 19 11 108 181 148 9 0 112 123 120 167 
Maquina 10 : 156 23 153 157 83 69 33 186 22 44 2 128 75 184 110 49 109 
