Instance filename: ./instances/200jobs/instanceLarge1188_m=8_n=200_l=40_c=30_s=2.PMTC
Min temperature: 0.1
Max temperature: 0.5
Melhor Solução: 834
Temp div: 16
MCL: 400
PTL: 75000
Elapsed time was: 748869
Maquina 1 : 55 153 116 163 152 135 148 13 176 93 105 158 171 132 25 129 125 169 11 53 115 191 67 101 99 
Maquina 2 : 114 33 189 52 109 76 104 151 188 196 59 179 157 144 103 170 147 49 138 88 193 46 143 89 140 167 
Maquina 3 : 92 43 36 187 77 165 95 64 12 118 131 183 57 198 161 122 14 66 123 1 130 111 9 7 
Maquina 4 : 47 146 195 78 182 26 113 54 69 124 94 142 38 21 4 28 102 139 87 16 180 48 2 
Maquina 5 : 110 56 168 80 159 184 61 175 23 186 194 185 82 177 75 86 29 137 60 65 173 98 62 35 
Maquina 6 : 84 156 90 136 74 126 149 31 100 91 27 164 83 141 160 45 41 128 3 32 42 30 172 72 19 155 108 70 
Maquina 7 : 51 37 40 17 73 85 63 15 107 0 24 120 192 154 18 134 71 5 68 119 20 166 34 58 81 
Maquina 8 : 121 106 6 39 8 112 117 197 97 178 44 96 127 133 79 162 190 174 145 150 181 50 10 22 199 
