Instance filename: ./instances/200jobs/instanceLarge1387_m=10_n=200_l=40_c=20_s=0.PMTC
Min temperature: 0.1
Max temperature: 0.5
Melhor Solução: 1548
Temp div: 16
MCL: 400
PTL: 75000
Elapsed time was: 1496536
Maquina 1 : 154 161 109 34 63 178 139 184 24 104 186 100 58 163 135 192 131 53 125 189 26 
Maquina 2 : 107 195 193 35 197 84 29 69 168 169 182 183 115 43 42 147 132 22 165 45 14 119 199 101 162 
Maquina 3 : 57 4 159 187 8 170 102 112 166 65 151 152 80 75 39 15 18 54 134 
Maquina 4 : 188 82 3 149 64 16 133 94 90 83 51 95 20 50 91 174 23 37 97 
Maquina 5 : 116 141 127 86 98 111 175 114 196 27 0 179 46 126 79 13 56 67 
Maquina 6 : 41 85 108 73 1 28 198 122 5 121 6 138 173 136 160 68 30 10 47 150 
Maquina 7 : 157 99 48 153 143 60 128 176 105 62 130 110 55 177 142 96 89 49 137 123 
Maquina 8 : 19 167 77 194 87 7 78 11 113 117 38 81 59 9 70 93 103 145 120 
Maquina 9 : 190 12 72 25 52 140 180 76 32 36 172 158 155 40 88 191 74 2 33 21 144 66 71 
Maquina 10 : 106 146 124 31 118 44 181 148 156 17 61 92 171 129 185 164 
