Instance filename: ./instances/200jobs/instanceLarge1103_m=8_n=200_l=30_c=10_s=1.PMTC
Min temperature: 0.1
Max temperature: 0.5
Melhor Solução: 2526
Temp div: 16
MCL: 400
PTL: 75000
Elapsed time was: 332077
Maquina 1 : 80 176 149 73 138 139 134 155 101 187 194 97 160 87 26 41 1 68 125 156 179 84 50 122 
Maquina 2 : 45 30 90 158 31 183 60 18 178 128 72 171 173 100 91 4 46 185 17 199 103 43 57 130 114 105 186 63 
Maquina 3 : 133 151 7 164 20 34 11 168 119 107 79 42 33 157 23 169 120 61 66 181 142 174 126 44 
Maquina 4 : 81 135 40 16 51 6 170 9 143 22 140 55 159 5 154 29 19 192 75 118 197 52 195 165 131 
Maquina 5 : 198 175 37 111 153 13 70 148 35 24 145 38 15 129 116 180 32 150 162 104 189 110 161 121 196 
Maquina 6 : 48 94 190 83 113 167 74 14 112 64 144 85 77 0 65 137 69 152 147 54 188 2 182 56 53 95 
Maquina 7 : 184 88 62 8 96 141 191 115 102 58 163 12 76 109 78 93 59 132 92 67 124 108 47 193 
Maquina 8 : 10 71 21 99 82 49 27 36 28 3 106 117 39 136 166 25 146 123 86 172 89 127 98 177 
