Instance filename: ./instances/200jobs/instanceLarge1413_m=10_n=200_l=40_c=30_s=2.PMTC
Min temperature: 0.1
Max temperature: 0.5
Melhor Solução: 643
Temp div: 16
MCL: 400
PTL: 75000
Elapsed time was: 870099
Maquina 1 : 154 50 5 30 27 109 80 95 174 118 72 124 147 143 58 134 43 179 33 75 78 64 105 49 
Maquina 2 : 9 168 169 53 148 8 198 123 69 164 39 40 44 151 14 149 173 
Maquina 3 : 71 32 107 34 73 113 24 187 16 108 97 162 196 117 47 142 88 127 183 114 
Maquina 4 : 48 126 67 197 170 31 178 18 131 21 160 184 192 79 139 153 1 37 
Maquina 5 : 171 138 82 181 38 185 155 102 112 145 103 93 2 62 195 46 25 
Maquina 6 : 94 68 17 122 193 110 22 152 81 166 55 91 161 36 111 188 141 163 89 10 28 140 59 54 
Maquina 7 : 15 159 176 76 189 52 7 84 199 83 70 132 19 41 6 158 
Maquina 8 : 165 56 42 106 177 135 57 45 115 61 0 137 11 4 156 98 128 180 
Maquina 9 : 3 125 119 60 144 172 90 13 66 194 87 101 116 99 77 167 20 100 35 65 
Maquina 10 : 136 120 191 29 150 51 175 182 121 104 26 129 63 190 130 133 96 86 85 146 157 12 23 74 92 186 
