Instance filename: ./instances/200jobs/instanceLarge1318_m=9_n=200_l=40_c=30_s=0.PMTC
Min temperature: 0.1
Max temperature: 0.5
Melhor Solução: 2703
Temp div: 16
MCL: 400
PTL: 75000
Elapsed time was: 735349
Maquina 1 : 148 190 191 63 136 198 91 120 82 192 25 92 28 33 58 100 68 4 154 182 73 
Maquina 2 : 74 197 174 188 152 185 139 125 70 114 42 102 50 80 83 84 99 8 194 104 64 145 72 
Maquina 3 : 126 20 195 127 143 56 96 175 109 149 88 171 150 138 93 66 24 62 65 17 69 107 147 
Maquina 4 : 184 105 53 29 123 49 193 133 176 162 71 130 61 52 81 186 43 151 134 153 36 
Maquina 5 : 86 98 167 132 1 79 189 95 160 113 13 30 37 106 27 108 45 144 158 90 178 87 163 
Maquina 6 : 146 168 18 164 103 19 76 54 12 122 166 23 161 116 165 101 40 15 26 180 
Maquina 7 : 75 39 11 16 35 9 135 55 3 199 31 46 115 129 38 51 34 141 159 118 22 14 196 179 
Maquina 8 : 137 94 170 97 181 110 44 157 41 155 67 121 142 173 89 117 5 140 111 60 32 
Maquina 9 : 124 0 47 7 187 131 2 172 119 169 177 57 128 10 112 78 156 6 21 48 77 183 59 85 
