Instance filename: ./instances/200jobs/instanceLarge1222_m=9_n=200_l=30_c=10_s=0.PMTC
Min temperature: 0.1
Max temperature: 0.5
Melhor Solução: 776
Temp div: 16
MCL: 400
PTL: 75000
Elapsed time was: 666968
Maquina 1 : 122 172 29 48 156 9 20 181 103 7 38 100 19 85 91 168 57 107 136 
Maquina 2 : 84 99 166 102 3 192 33 39 147 191 0 194 165 153 199 189 115 77 90 158 185 148 
Maquina 3 : 161 24 75 51 6 96 127 187 129 30 159 143 55 150 112 89 193 197 173 69 88 
Maquina 4 : 126 35 79 11 81 182 151 52 66 45 59 111 49 40 179 92 180 23 116 155 137 106 144 175 15 
Maquina 5 : 140 17 123 176 195 37 196 121 47 125 130 183 13 93 62 186 58 42 50 117 27 120 184 1 5 
Maquina 6 : 110 114 12 46 22 82 160 68 73 135 98 95 169 44 154 152 64 34 118 142 94 65 146 32 78 149 138 
Maquina 7 : 60 97 86 25 10 134 139 18 132 198 109 171 80 119 71 16 170 131 177 
Maquina 8 : 41 70 163 56 67 8 108 26 72 2 190 31 178 113 162 141 188 104 53 83 
Maquina 9 : 145 167 74 14 128 133 164 105 124 101 54 4 174 87 63 61 43 36 76 157 28 21 
