Instance filename: ./instances/200jobs/instanceLarge1302_m=9_n=200_l=40_c=30_s=2.PMTC
Min temperature: 0.1
Max temperature: 0.5
Melhor Solução: 702
Temp div: 16
MCL: 400
PTL: 75000
Elapsed time was: 948678
Maquina 1 : 164 112 18 146 153 134 151 19 175 109 88 17 147 107 5 69 65 62 24 66 21 183 
Maquina 2 : 48 77 6 187 172 131 2 89 73 133 182 29 45 123 149 74 58 100 68 4 154 38 
Maquina 3 : 47 127 195 20 126 72 178 185 7 82 55 9 3 199 115 8 194 104 64 145 61 
Maquina 4 : 169 177 57 128 157 41 150 171 25 192 92 28 33 11 155 67 121 186 93 96 117 
Maquina 5 : 142 173 140 60 138 98 167 132 79 189 1 143 70 191 190 170 50 80 180 86 152 99 44 
Maquina 6 : 110 181 97 137 94 179 196 14 22 118 159 35 87 83 141 156 124 0 95 51 162 49 176 188 53 139 
Maquina 7 : 165 101 46 163 108 31 129 84 13 113 160 71 43 130 63 81 52 27 106 37 119 198 120 
Maquina 8 : 30 91 75 56 26 42 36 34 193 148 39 135 116 16 161 23 166 32 168 
Maquina 9 : 15 174 40 197 111 85 59 122 12 54 76 144 103 78 105 184 10 102 136 158 90 125 114 
