Instance filename: ./instances/200jobs/instanceLarge1180_m=8_n=200_l=40_c=30_s=0.PMTC
Min temperature: 0.1
Max temperature: 0.5
Melhor Solução: 1362
Temp div: 16
MCL: 400
PTL: 75000
Elapsed time was: 435586
Maquina 1 : 20 143 55 154 192 120 11 53 67 134 93 2 48 180 144 130 1 47 58 46 112 122 0 118 64 
Maquina 2 : 131 183 121 106 193 6 4 28 110 38 197 97 178 21 156 90 84 35 62 98 173 65 184 105 
Maquina 3 : 80 168 73 186 16 87 139 169 142 32 8 190 42 30 172 61 23 175 194 166 79 162 115 125 
Maquina 4 : 25 76 95 86 52 59 157 179 88 170 39 49 22 34 29 81 109 133 127 96 44 153 104 151 188 196 199 
Maquina 5 : 45 70 37 177 74 126 149 100 17 50 12 160 91 27 181 164 92 141 135 163 152 116 82 111 31 189 103 
Maquina 6 : 60 137 3 128 41 68 71 5 191 18 40 119 155 51 89 138 19 72 182 158 132 171 102 78 195 
Maquina 7 : 146 108 57 165 136 99 101 75 114 185 150 145 174 124 7 94 69 54 147 26 113 85 107 
Maquina 8 : 159 15 83 66 123 14 198 161 10 33 140 167 117 148 13 176 36 129 24 187 77 63 9 56 43 
