Instance filename: ./instances/200jobs/instanceLarge902_m=6_n=200_l=40_c=20_s=1.PMTC
Min temperature: 0.1
Max temperature: 0.5
Melhor Solução: 4120
Temp div: 16
MCL: 400
PTL: 75000
Elapsed time was: 508613
Maquina 1 : 66 136 51 35 67 151 28 102 2 157 34 143 124 15 116 137 179 199 112 44 119 86 31 163 160 65 89 128 94 117 39 175 
Maquina 2 : 134 115 122 193 1 82 20 130 97 154 177 90 12 46 71 191 96 26 11 120 109 144 123 114 187 197 53 47 132 48 159 188 
Maquina 3 : 111 125 121 135 14 16 9 18 178 138 74 141 140 0 8 58 190 4 107 33 186 45 104 95 92 61 100 32 73 21 142 99 
Maquina 4 : 131 152 185 36 165 76 133 158 87 167 196 5 77 72 198 156 184 146 40 101 54 88 60 150 174 182 50 108 10 183 166 103 91 55 192 155 106 
Maquina 5 : 69 147 149 129 180 42 81 43 127 13 172 148 6 24 23 93 49 195 7 30 64 173 59 194 70 105 63 126 164 62 168 145 176 56 
Maquina 6 : 57 113 25 139 189 98 22 161 162 78 169 29 75 85 84 37 153 52 19 181 68 27 79 118 17 83 171 80 170 38 110 3 41 
