Instance filename: ./instances/200jobs/instanceLarge1428_m=10_n=200_l=40_c=30_s=2.PMTC
Min temperature: 0.1
Max temperature: 0.5
Melhor Solução: 651
Temp div: 16
MCL: 400
PTL: 75000
Elapsed time was: 1047309
Maquina 1 : 12 64 115 117 57 45 160 138 181 184 85 41 19 21 178 
Maquina 2 : 131 18 197 14 195 151 135 54 194 66 13 90 172 99 89 10 28 59 15 159 87 155 
Maquina 3 : 50 95 173 174 145 139 153 1 37 171 122 176 69 76 189 44 165 177 106 42 56 
Maquina 4 : 51 175 182 168 75 79 112 5 27 111 30 36 161 55 91 166 81 152 22 110 
Maquina 5 : 193 39 61 187 24 97 162 16 9 65 93 33 179 134 58 38 113 143 70 
Maquina 6 : 107 73 34 32 71 101 116 77 132 167 150 114 3 183 88 127 20 46 142 35 100 
Maquina 7 : 48 126 67 170 2 62 196 49 43 192 125 157 146 124 154 83 108 7 199 
Maquina 8 : 52 84 25 164 68 141 123 198 185 163 86 103 17 94 121 40 47 104 26 129 
Maquina 9 : 63 190 130 133 158 23 102 92 186 74 72 147 180 188 169 53 148 8 78 136 120 191 
Maquina 10 : 29 31 6 128 98 156 4 11 137 0 82 80 109 140 144 105 119 60 118 149 96 
