Instance filename: ./instances/200jobs/instanceLarge1328_m=10_n=200_l=30_c=10_s=1.PMTC
Min temperature: 0.1
Max temperature: 0.5
Melhor Solução: 2004
Temp div: 16
MCL: 400
PTL: 75000
Elapsed time was: 578042
Maquina 1 : 145 139 43 113 116 4 150 179 16 182 26 18 46 49 135 141 62 35 
Maquina 2 : 84 161 10 34 9 45 168 191 47 58 185 195 75 121 51 89 188 177 108 67 60 
Maquina 3 : 193 149 80 110 30 136 96 175 114 199 112 131 189 37 19 74 174 159 109 28 
Maquina 4 : 42 48 198 118 92 90 152 12 14 72 13 87 70 50 153 98 148 144 128 163 
Maquina 5 : 181 138 173 57 133 52 97 170 85 66 130 76 132 31 32 3 63 100 
Maquina 6 : 196 129 156 160 122 192 68 178 1 184 65 38 119 111 162 8 126 78 125 
Maquina 7 : 127 29 142 0 140 187 2 95 41 171 39 21 79 154 186 59 155 7 134 36 
Maquina 8 : 151 164 24 190 103 117 69 176 81 167 20 197 172 88 64 25 158 146 123 11 
Maquina 9 : 54 166 91 165 83 137 33 99 105 27 71 61 44 183 55 82 73 157 15 107 94 22 5 
Maquina 10 : 17 56 40 106 86 143 120 23 147 93 6 194 104 115 180 102 53 124 101 169 77 
