Instance filename: ./instances/200jobs/instanceLarge901_m=6_n=200_l=40_c=20_s=0.PMTC
Min temperature: 0.1
Max temperature: 0.5
Melhor Solução: 1775
Temp div: 16
MCL: 400
PTL: 75000
Elapsed time was: 1409783
Maquina 1 : 175 117 89 39 134 115 184 126 128 168 31 28 32 122 57 76 73 8 129 25 151 154 113 187 22 101 47 141 40 14 111 188 159 41 131 99 
Maquina 2 : 153 87 181 46 169 177 9 12 62 48 84 88 52 192 120 19 155 142 75 92 21 95 100 13 61 45 186 146 104 4 58 0 140 190 
Maquina 3 : 193 78 198 91 33 36 165 158 68 121 74 178 18 199 66 138 16 94 54 195 1 24 49 6 82 182 107 17 97 132 172 83 85 
Maquina 4 : 80 170 38 160 124 110 130 116 148 56 69 86 189 112 179 137 156 157 119 167 15 162 149 173 180 136 147 103 79 118 127 44 183 27 
Maquina 5 : 106 166 174 125 114 3 135 196 2 152 34 50 197 185 191 60 71 109 123 11 26 20 23 90 171 98 108 29 7 10 150 144 
Maquina 6 : 42 133 81 43 102 65 53 37 176 163 143 145 164 161 139 64 59 55 5 63 70 194 105 96 72 77 35 93 67 51 30 
