Instance filename: ./instances/200jobs/instanceLarge1035_m=7_n=200_l=40_c=20_s=2.PMTC
Min temperature: 0.1
Max temperature: 0.5
Melhor Solução: 942
Temp div: 16
MCL: 400
PTL: 75000
Elapsed time was: 1301426
Maquina 1 : 160 27 54 52 49 18 44 96 163 7 21 15 136 162 32 111 159 132 74 116 31 47 156 121 24 
Maquina 2 : 115 106 196 179 81 40 86 94 102 147 199 63 127 153 17 112 82 11 165 185 36 88 189 77 172 80 184 
Maquina 3 : 43 6 14 9 2 154 109 90 75 13 117 19 171 141 134 85 22 137 146 83 55 37 149 174 56 142 29 57 51 91 16 187 
Maquina 4 : 48 157 3 140 105 23 104 123 10 192 5 62 138 158 101 122 126 35 46 148 68 110 113 58 167 89 65 193 114 
Maquina 5 : 67 186 125 41 197 176 53 145 108 98 93 133 95 169 170 131 4 166 120 79 99 144 87 38 173 100 183 71 198 152 168 119 
Maquina 6 : 164 118 150 64 178 8 190 59 73 70 72 42 180 151 155 33 182 34 61 129 143 161 191 45 175 181 84 188 
Maquina 7 : 25 1 194 30 26 76 0 69 97 139 66 130 28 60 50 195 177 39 103 124 107 92 78 128 20 12 135 
