Instance filename: ./instances/200jobs/instanceLarge1382_m=10_n=200_l=40_c=20_s=1.PMTC
Min temperature: 0.1
Max temperature: 0.5
Melhor Solução: 2573
Temp div: 16
MCL: 400
PTL: 75000
Elapsed time was: 589425
Maquina 1 : 115 12 147 42 183 182 29 168 69 84 22 45 199 101 162 14 57 46 4 124 65 152 80 
Maquina 2 : 159 39 181 15 187 134 43 132 169 55 20 117 153 174 91 37 154 103 34 109 161 193 
Maquina 3 : 93 119 142 127 141 11 113 81 102 138 158 172 73 104 10 51 60 66 48 
Maquina 4 : 92 194 176 128 78 87 67 178 188 196 35 125 180 195 107 26 74 150 50 189 
Maquina 5 : 59 75 192 100 144 170 120 186 47 184 0 58 108 135 53 63 165 131 139 24 190 
Maquina 6 : 145 72 9 3 146 95 191 155 88 54 89 167 33 19 137 123 143 97 96 
Maquina 7 : 175 6 70 177 23 86 98 111 197 99 179 157 21 71 105 62 90 110 
Maquina 8 : 151 106 56 31 1 28 130 148 198 136 5 122 64 68 160 173 30 121 114 82 149 
Maquina 9 : 18 38 16 41 156 185 133 61 17 129 44 164 118 171 116 166 112 40 2 8 25 
Maquina 10 : 52 77 49 36 32 140 76 126 13 94 83 27 7 85 79 163 
