Instance filename: ./instances/200jobs/instanceLarge1005_m=7_n=200_l=30_c=20_s=2.PMTC
Min temperature: 0.1
Max temperature: 0.5
Melhor Solução: 931
Temp div: 16
MCL: 400
PTL: 75000
Elapsed time was: 572993
Maquina 1 : 173 0 180 63 43 78 192 1 39 122 54 41 72 56 129 194 128 64 168 112 40 82 135 7 69 162 70 
Maquina 2 : 67 89 140 118 85 100 113 11 141 195 148 71 5 76 123 24 96 23 37 44 29 107 16 102 160 146 
Maquina 3 : 151 184 158 187 120 53 130 68 47 21 127 31 65 155 124 83 60 91 17 149 126 86 36 46 115 75 51 32 186 
Maquina 4 : 191 157 92 125 133 61 3 66 153 62 33 163 137 25 145 4 109 170 99 45 90 177 121 174 81 6 152 111 8 171 84 193 196 138 165 
Maquina 5 : 27 144 12 52 73 48 79 166 189 176 199 119 101 136 114 58 188 105 181 110 38 185 95 15 87 150 106 156 
Maquina 6 : 147 80 139 134 131 132 164 108 182 14 93 198 116 142 143 49 20 26 19 103 169 190 197 28 35 97 
Maquina 7 : 34 167 183 172 104 161 59 179 74 10 117 57 9 77 50 154 22 2 98 55 42 175 30 94 13 178 159 88 18 
