Instance filename: ./instances/200jobs/instanceLarge1085_m=8_n=200_l=30_c=10_s=1.PMTC
Min temperature: 0.1
Max temperature: 0.5
Melhor Solução: 2557
Temp div: 16
MCL: 400
PTL: 75000
Elapsed time was: 757953
Maquina 1 : 132 78 109 59 52 186 195 165 15 131 175 198 37 114 63 197 156 84 3 45 30 90 
Maquina 2 : 31 18 158 183 178 80 144 192 48 118 104 180 160 101 97 187 194 155 134 139 146 138 73 105 142 170 
Maquina 3 : 148 13 70 35 145 32 8 141 191 115 46 119 68 58 79 11 153 12 34 168 7 111 19 130 93 107 157 
Maquina 4 : 162 23 50 128 61 29 154 143 94 33 174 149 44 135 81 126 24 120 82 169 150 66 27 
Maquina 5 : 0 49 65 54 147 152 69 22 140 151 9 62 55 5 159 6 16 51 1 96 40 14 74 112 
Maquina 6 : 137 64 83 113 77 42 102 95 53 182 56 181 88 43 184 57 4 189 110 196 116 121 20 25 103 60 164 67 
Maquina 7 : 133 163 10 21 193 28 36 92 124 108 123 172 89 177 127 76 2 38 86 166 98 136 39 75 117 106 
Maquina 8 : 161 47 99 71 179 41 125 122 176 188 190 167 85 17 72 185 26 87 91 199 173 100 129 171 
