Instance filename: ./instances/200jobs/instanceLarge979_m=7_n=200_l=30_c=10_s=0.PMTC
Min temperature: 0.1
Max temperature: 0.5
Melhor Solução: 1964
Temp div: 16
MCL: 400
PTL: 75000
Elapsed time was: 667432
Maquina 1 : 97 153 25 117 43 29 71 72 118 49 15 100 155 148 20 86 30 55 65 59 47 126 33 66 177 61 176 
Maquina 2 : 81 70 189 68 186 168 87 181 191 58 64 32 96 135 95 10 45 41 22 143 195 150 56 108 84 2 136 115 57 120 159 
Maquina 3 : 67 17 165 111 78 123 53 131 175 107 164 18 174 149 187 116 183 39 88 12 169 145 51 151 50 
Maquina 4 : 113 137 112 24 5 75 104 198 152 85 14 46 42 139 11 172 144 6 106 0 52 121 40 190 119 9 170 142 60 82 
Maquina 5 : 109 133 128 91 21 101 76 79 163 99 62 196 197 184 173 23 129 7 27 160 147 63 199 132 167 134 28 54 80 74 140 
Maquina 6 : 73 188 102 36 182 94 44 48 130 146 83 179 34 110 105 185 26 103 193 13 31 180 138 124 37 122 156 98 1 
Maquina 7 : 127 35 16 166 171 92 157 4 8 89 114 162 158 93 192 3 141 19 125 69 194 90 77 38 161 154 178 
