Instance filename: ./instances/200jobs/instanceLarge1303_m=9_n=200_l=40_c=30_s=0.PMTC
Min temperature: 0.1
Max temperature: 0.5
Melhor Solução: 1021
Temp div: 16
MCL: 400
PTL: 75000
Elapsed time was: 774388
Maquina 1 : 164 6 77 48 183 21 66 24 62 65 17 69 99 44 110 181 97 170 94 137 179 196 14 22 
Maquina 2 : 118 159 141 34 56 51 49 90 158 144 152 98 167 161 23 70 9 81 52 63 186 43 151 107 
Maquina 3 : 147 108 180 30 45 138 199 27 93 117 15 168 26 75 57 193 55 36 
Maquina 4 : 153 146 18 112 177 130 71 162 176 184 78 105 103 1 140 35 79 189 95 132 160 60 
Maquina 5 : 32 124 0 7 47 38 156 4 68 119 2 169 61 31 157 154 182 73 133 41 76 12 122 166 
Maquina 6 : 163 53 87 178 40 101 165 136 198 96 143 127 195 20 126 72 145 123 128 100 58 86 33 
Maquina 7 : 11 155 67 121 89 19 172 131 187 191 190 142 37 106 83 80 84 50 129 
Maquina 8 : 46 91 59 85 174 185 139 125 114 5 42 111 197 188 92 28 25 192 8 194 104 64 54 
Maquina 9 : 88 109 175 149 74 29 148 39 135 16 116 173 113 102 13 3 10 120 115 134 82 150 171 
