Instance filename: ./instances/200jobs/instanceLarge1391_m=10_n=200_l=40_c=20_s=1.PMTC
Min temperature: 0.1
Max temperature: 0.5
Melhor Solução: 2515
Temp div: 16
MCL: 400
PTL: 75000
Elapsed time was: 733702
Maquina 1 : 91 55 95 174 20 117 153 101 18 57 159 162 14 198 199 107 151 154 165 93 54 12 45 145 124 
Maquina 2 : 114 175 68 70 6 136 173 10 30 160 194 157 193 71 90 66 44 169 127 118 166 
Maquina 3 : 170 2 112 171 82 164 16 149 41 133 156 116 185 17 61 38 129 134 181 75 15 
Maquina 4 : 39 187 80 152 65 182 121 5 144 40 50 122 92 4 104 73 172 81 
Maquina 5 : 9 59 52 67 72 108 51 83 88 78 190 120 53 191 3 64 155 148 146 77 28 
Maquina 6 : 13 79 7 27 126 46 179 158 195 26 74 189 103 125 135 23 
Maquina 7 : 111 150 98 86 63 34 109 76 161 0 24 47 184 58 100 192 163 178 186 32 
Maquina 8 : 21 119 196 167 33 141 48 99 87 49 128 188 176 105 96 137 177 123 35 197 132 
Maquina 9 : 29 69 115 84 22 142 19 139 89 62 106 110 43 60 36 1 130 143 180 147 168 
Maquina 10 : 183 31 42 56 85 138 25 8 94 140 11 102 113 97 37 131 
