Instance filename: ./instances/200jobs/instanceLarge1410_m=10_n=200_l=40_c=20_s=2.PMTC
Min temperature: 0.1
Max temperature: 0.5
Melhor Solução: 672
Temp div: 16
MCL: 400
PTL: 75000
Elapsed time was: 1319081
Maquina 1 : 184 154 161 109 34 63 47 150 127 141 48 99 87 7 2 192 106 31 71 66 
Maquina 2 : 194 74 90 157 4 18 5 198 122 195 50 26 107 189 180 125 76 111 197 35 179 53 131 
Maquina 3 : 37 123 167 126 19 89 54 139 96 97 159 24 59 9 70 81 73 158 
Maquina 4 : 172 104 108 170 12 93 103 145 72 3 190 40 120 41 25 52 140 32 36 
Maquina 5 : 21 193 33 60 137 105 128 176 143 119 62 49 28 92 1 142 77 177 110 95 
Maquina 6 : 84 69 29 22 132 147 169 42 115 183 23 86 175 196 45 101 144 199 67 14 
Maquina 7 : 162 186 151 0 46 124 79 58 163 166 130 112 116 178 39 75 78 171 100 164 129 
Maquina 8 : 148 44 118 156 16 149 82 114 121 6 173 68 30 136 10 91 102 
Maquina 9 : 51 117 174 185 55 153 187 20 43 134 188 15 8 98 38 27 94 138 85 11 56 113 
Maquina 10 : 13 64 133 146 155 83 88 135 160 191 57 165 17 61 181 168 152 182 65 80 
