Instance filename: ./instances/200jobs/instanceLarge1129_m=8_n=200_l=30_c=20_s=0.PMTC
Min temperature: 0.1
Max temperature: 0.5
Melhor Solução: 2843
Temp div: 16
MCL: 400
PTL: 75000
Elapsed time was: 788057
Maquina 1 : 0 27 177 100 11 137 166 84 40 23 60 41 18 3 149 191 31 50 97 79 93 117 88 10 116 107 98 53 
Maquina 2 : 52 58 1 39 194 76 176 111 143 146 140 128 199 15 192 164 147 112 197 145 34 48 152 157 20 56 67 81 12 
Maquina 3 : 160 110 4 171 25 195 103 174 69 131 87 154 170 29 68 133 125 134 183 184 51 159 187 7 59 
Maquina 4 : 108 123 13 2 44 155 70 129 113 33 77 89 148 86 178 54 55 158 73 82 16 
Maquina 5 : 64 162 17 126 42 71 61 124 35 122 83 78 121 75 9 57 22 24 135 80 101 182 74 
Maquina 6 : 156 21 47 90 6 66 189 114 119 136 127 62 14 179 37 8 65 46 92 104 96 175 32 142 43 115 
Maquina 7 : 144 138 118 72 85 181 105 190 132 151 173 172 167 130 28 45 185 139 161 188 106 5 19 141 63 
Maquina 8 : 49 165 38 186 168 150 91 198 196 180 109 169 95 120 30 153 193 26 94 102 99 36 163 
