Instance filename: ./instances/200jobs/instanceLarge1340_m=10_n=200_l=30_c=10_s=1.PMTC
Min temperature: 0.1
Max temperature: 0.5
Melhor Solução: 2021
Temp div: 16
MCL: 400
PTL: 75000
Elapsed time was: 776852
Maquina 1 : 37 133 79 180 108 22 89 181 144 173 193 195 153 32 16 148 169 179 63 132 31 186 
Maquina 2 : 75 29 118 92 152 90 69 51 42 81 20 157 194 177 188 76 85 170 104 57 
Maquina 3 : 182 74 66 114 95 96 187 175 41 171 131 134 25 197 130 103 168 190 140 40 117 
Maquina 4 : 47 58 185 172 64 88 45 146 9 24 165 91 27 11 49 83 105 137 43 
Maquina 5 : 166 33 184 65 36 119 1 38 0 2 127 21 158 154 10 123 97 120 19 54 
Maquina 6 : 52 128 199 56 17 106 5 107 94 98 138 44 13 198 48 150 70 87 14 8 72 12 164 
Maquina 7 : 163 174 28 39 159 191 121 55 77 60 50 183 53 151 189 59 7 73 82 124 155 86 
Maquina 8 : 102 143 23 147 93 6 162 78 111 71 167 99 15 61 176 26 109 62 126 161 
Maquina 9 : 141 35 139 84 135 18 34 145 113 116 4 101 125 112 136 142 149 30 
Maquina 10 : 80 67 110 160 192 178 122 68 156 129 196 100 115 46 3 
