Instance filename: ./instances/200jobs/instanceLarge1304_m=9_n=200_l=40_c=30_s=1.PMTC
Min temperature: 0.1
Max temperature: 0.5
Melhor Solução: 3738
Temp div: 16
MCL: 400
PTL: 75000
Elapsed time was: 624124
Maquina 1 : 114 125 90 143 176 49 87 100 58 149 192 25 28 92 82 134 115 10 78 
Maquina 2 : 184 43 30 171 150 138 93 186 121 67 37 106 27 108 45 36 24 187 21 116 66 80 
Maquina 3 : 83 50 129 31 163 46 199 3 55 65 155 11 4 193 34 68 153 146 130 18 177 112 
Maquina 4 : 164 103 54 5 88 109 175 19 151 147 107 17 69 99 44 110 181 97 137 94 179 196 
Maquina 5 : 14 118 159 102 22 9 23 166 122 12 76 35 144 189 79 1 132 167 86 98 71 
Maquina 6 : 160 113 13 84 161 57 168 16 8 194 53 145 64 104 96 47 61 52 169 119 42 75 56 26 
Maquina 7 : 120 198 136 91 63 191 190 170 70 51 141 38 156 154 157 111 81 183 135 39 148 180 74 174 197 
Maquina 8 : 188 105 139 33 73 133 182 29 128 123 162 158 89 152 2 131 172 6 48 62 95 0 124 60 
Maquina 9 : 32 127 195 20 126 72 178 185 7 165 101 40 15 59 77 85 41 117 140 173 142 
