Instance filename: ./instances/200jobs/instanceLarge1015_m=7_n=200_l=30_c=20_s=0.PMTC
Min temperature: 0.1
Max temperature: 0.5
Melhor Solução: 1582
Temp div: 16
MCL: 400
PTL: 75000
Elapsed time was: 711546
Maquina 1 : 8 171 172 196 193 27 138 165 144 12 53 130 47 41 136 117 10 58 71 86 123 39 192 90 78 128 122 1 119 
Maquina 2 : 101 157 56 99 93 140 182 152 141 11 113 187 158 167 72 34 120 139 54 4 145 25 170 68 134 164 64 80 
Maquina 3 : 131 0 147 180 42 43 63 105 173 188 40 102 14 198 29 160 151 45 137 51 115 46 96 114 116 110 66 62 
Maquina 4 : 32 108 186 191 91 175 185 95 15 150 106 61 87 169 197 190 28 35 74 77 57 9 30 50 124 65 73 52 60 97 189 49 
Maquina 5 : 20 75 142 26 146 127 21 19 100 82 23 69 112 24 76 5 148 135 7 183 143 195 104 161 179 59 13 
Maquina 6 : 36 16 156 107 44 103 162 70 184 37 31 155 109 149 163 33 94 153 178 17 181 126 168 194 129 159 
Maquina 7 : 88 48 154 166 79 83 176 199 55 98 2 22 84 18 67 89 118 85 3 125 92 133 38 177 111 6 81 121 174 132 
