Instance filename: ./instances/200jobs/instanceLarge1280_m=9_n=200_l=40_c=20_s=1.PMTC
Min temperature: 0.1
Max temperature: 0.5
Melhor Solução: 2843
Temp div: 16
MCL: 400
PTL: 75000
Elapsed time was: 960679
Maquina 1 : 26 60 148 162 2 50 186 137 124 75 108 42 144 172 86 57 169 149 90 55 199 117 8 81 56 
Maquina 2 : 174 84 182 183 28 107 16 120 193 3 58 13 185 33 46 141 142 17 103 64 118 136 104 
Maquina 3 : 68 67 69 198 155 105 196 194 191 78 192 168 140 27 10 195 176 93 
Maquina 4 : 156 111 59 121 95 150 114 139 101 85 54 197 138 22 127 76 106 122 132 133 110 
Maquina 5 : 167 44 175 63 87 123 163 39 98 34 52 102 14 173 170 159 145 180 38 21 153 
Maquina 6 : 70 66 25 72 24 154 143 61 147 62 178 177 190 0 151 189 165 179 130 112 
Maquina 7 : 1 96 166 40 45 5 80 128 30 47 41 146 184 82 97 188 12 131 20 158 94 91 160 49 119 79 
Maquina 8 : 19 135 35 88 37 83 129 152 71 74 92 126 134 15 29 4 18 36 65 77 6 181 157 187 109 
Maquina 9 : 11 89 23 51 113 53 9 125 31 115 43 73 32 161 164 116 7 48 171 100 99 
