Instance filename: ./instances/200jobs/instanceLarge862_m=6_n=200_l=30_c=10_s=0.PMTC
Min temperature: 0.1
Max temperature: 0.5
Melhor Solução: 2812
Temp div: 16
MCL: 400
PTL: 75000
Elapsed time was: 446807
Maquina 1 : 177 20 159 152 151 122 109 55 4 69 149 17 123 81 79 112 145 5 180 181 140 150 103 45 1 16 31 36 62 61 97 50 7 
Maquina 2 : 191 171 168 195 113 90 65 72 179 190 58 73 178 18 166 34 80 67 134 87 161 117 88 105 197 60 157 39 182 15 59 111 165 119 
Maquina 3 : 130 3 108 75 35 101 66 144 131 27 57 176 114 120 147 53 106 194 133 9 63 19 71 198 8 76 164 121 6 30 129 85 46 
Maquina 4 : 64 143 163 136 173 126 2 47 56 156 127 86 115 104 92 26 95 135 68 37 12 167 40 184 32 10 132 54 188 154 33 186 146 77 
Maquina 5 : 28 91 100 118 82 174 124 22 51 98 192 44 42 52 21 38 94 83 49 70 137 141 107 110 24 74 93 29 187 162 89 25 160 199 99 
Maquina 6 : 169 128 41 185 23 96 48 13 189 43 142 116 148 0 84 196 11 78 172 139 158 193 125 183 175 153 138 155 102 14 170 
