Instance filename: ./instances/200jobs/instanceLarge1021_m=7_n=200_l=40_c=20_s=0.PMTC
Min temperature: 0.1
Max temperature: 0.5
Melhor Solução: 2367
Temp div: 16
MCL: 400
PTL: 75000
Elapsed time was: 814310
Maquina 1 : 71 37 153 112 36 165 11 185 189 88 138 172 184 82 6 14 41 132 28 86 23 12 109 87 89 154 114 2 54 
Maquina 2 : 62 52 158 65 127 110 58 126 35 46 68 113 176 72 160 64 10 151 103 97 139 69 66 195 149 129 193 31 102 
Maquina 3 : 1 188 84 181 25 175 80 183 143 53 191 152 45 177 187 104 105 119 101 76 142 57 91 48 157 60 3 148 197 95 169 125 
Maquina 4 : 198 192 174 98 173 94 180 186 190 29 108 145 67 147 27 150 9 136 140 199 26 123 17 49 21 121 130 18 44 96 
Maquina 5 : 162 111 15 39 32 156 168 124 30 194 107 92 50 78 135 128 43 115 56 179 196 24 106 40 81 134 171 
Maquina 6 : 0 117 19 75 13 16 163 51 100 42 22 90 159 7 85 59 38 144 79 99 166 4 170 133 120 131 93 137 
Maquina 7 : 83 146 55 161 20 118 77 141 167 33 164 178 8 34 47 63 182 70 122 73 5 155 74 116 61 
