Instance filename: ./instances/200jobs/instanceLarge1320_m=9_n=200_l=40_c=30_s=2.PMTC
Min temperature: 0.1
Max temperature: 0.5
Melhor Solução: 784
Temp div: 16
MCL: 400
PTL: 75000
Elapsed time was: 760040
Maquina 1 : 167 177 34 18 146 130 153 68 193 106 37 178 67 155 11 81 52 169 119 172 2 
Maquina 2 : 131 100 47 38 141 51 89 144 142 173 121 186 111 197 27 93 158 132 97 181 110 99 98 152 
Maquina 3 : 86 149 192 91 10 115 134 82 150 171 174 88 5 147 17 107 69 65 62 24 19 
Maquina 4 : 85 59 15 168 117 190 191 30 198 136 159 128 120 114 125 90 143 176 162 71 43 44 61 129 
Maquina 5 : 31 108 163 46 101 70 165 188 139 22 185 7 112 156 6 48 0 124 60 
Maquina 6 : 32 50 83 80 84 13 113 160 95 79 189 1 140 103 105 78 184 63 138 
Maquina 7 : 77 199 3 55 9 35 118 14 196 179 94 137 21 183 187 36 42 26 56 75 57 148 39 135 116 16 161 23 
Maquina 8 : 166 122 12 54 76 53 164 87 8 194 58 41 49 195 20 126 72 40 145 64 104 4 157 
Maquina 9 : 154 182 73 33 28 92 25 133 102 180 74 123 127 45 170 29 109 175 96 66 151 
