Instance filename: ./instances/200jobs/instanceLarge1075_m=7_n=200_l=40_c=30_s=0.PMTC
Min temperature: 0.1
Max temperature: 0.5
Melhor Solução: 2589
Temp div: 16
MCL: 400
PTL: 75000
Elapsed time was: 414438
Maquina 1 : 114 177 26 12 99 24 167 51 159 104 121 68 117 125 128 109 157 151 154 97 146 81 52 152 106 32 155 
Maquina 2 : 44 55 170 93 173 126 86 103 113 7 42 149 124 108 101 39 180 35 166 192 6 4 48 107 137 38 191 23 
Maquina 3 : 194 190 132 122 171 198 199 129 98 54 5 18 73 84 145 43 102 115 189 147 95 64 31 172 182 116 41 
Maquina 4 : 156 123 49 11 142 179 17 160 9 91 71 82 59 139 22 134 148 105 62 1 181 69 89 130 53 197 40 174 153 
Maquina 5 : 133 112 66 33 85 16 184 3 150 193 111 8 164 88 92 196 72 165 47 75 140 168 141 14 25 50 83 183 161 187 10 45 
Maquina 6 : 21 185 76 162 34 27 36 169 37 28 60 63 144 61 77 70 80 13 57 163 67 2 118 120 19 74 79 
Maquina 7 : 119 186 96 176 195 58 127 0 143 131 30 29 15 138 90 188 56 158 65 178 20 175 87 110 78 94 135 136 100 46 
