Instance filename: ./instances/200jobs/instanceLarge1207_m=9_n=200_l=30_c=10_s=0.PMTC
Min temperature: 0.1
Max temperature: 0.5
Melhor Solução: 650
Temp div: 16
MCL: 400
PTL: 75000
Elapsed time was: 979316
Maquina 1 : 152 154 10 118 138 142 34 94 134 60 171 80 174 183 73 47 135 191 1 32 78 184 68 0 49 
Maquina 2 : 35 197 38 90 89 55 143 77 194 115 92 6 51 96 148 161 187 75 127 107 106 136 84 57 190 
Maquina 3 : 196 195 176 121 37 130 83 104 159 48 14 181 168 72 7 18 2 172 30 26 141 
Maquina 4 : 180 22 58 70 170 131 41 101 178 149 163 188 8 56 145 20 25 86 97 140 129 15 
Maquina 5 : 144 71 16 193 132 119 198 103 158 79 31 93 125 76 67 17 85 108 24 88 
Maquina 6 : 164 133 128 124 105 185 54 44 169 64 65 109 53 63 61 13 155 137 116 23 192 3 11 147 
Maquina 7 : 87 4 43 36 28 157 21 98 100 19 167 74 82 179 146 160 162 120 
Maquina 8 : 113 27 95 12 46 117 114 50 110 5 112 186 62 177 175 42 33 39 66 182 45 151 81 52 
Maquina 9 : 59 150 91 111 40 99 123 153 166 165 102 199 189 126 139 69 173 156 9 29 122 
