Instance filename: ./instances/200jobs/instanceLarge1065_m=7_n=200_l=40_c=30_s=2.PMTC
Min temperature: 0.1
Max temperature: 0.5
Melhor Solução: 932
Temp div: 16
MCL: 400
PTL: 75000
Elapsed time was: 576407
Maquina 1 : 155 44 189 43 145 144 119 79 148 84 105 1 73 45 21 185 4 63 139 164 111 171 47 55 187 5 183 193 198 154 
Maquina 2 : 123 149 40 197 174 153 133 157 179 102 176 195 127 0 143 131 30 29 15 115 34 126 27 36 169 
Maquina 3 : 61 101 80 77 113 103 86 26 114 177 12 99 24 167 51 194 23 118 50 137 22 18 67 49 78 110 151 142 
Maquina 4 : 11 163 94 33 140 156 109 100 46 87 136 135 58 42 81 146 97 32 92 85 152 106 52 117 68 121 7 124 37 98 
Maquina 5 : 54 199 129 170 41 88 173 120 19 72 196 2 158 57 104 116 182 172 31 64 95 147 93 107 75 122 3 150 184 
Maquina 6 : 16 186 35 10 166 192 6 39 90 188 56 53 175 178 20 65 66 128 48 180 181 69 130 89 191 108 159 162 76 
Maquina 7 : 13 161 70 91 9 160 17 38 71 59 82 62 134 96 125 25 14 138 141 168 165 83 60 28 74 112 132 8 190 
