Instance filename: ./instances/200jobs/instanceLarge1003_m=7_n=200_l=30_c=20_s=0.PMTC
Min temperature: 0.1
Max temperature: 0.5
Melhor Solução: 1973
Temp div: 16
MCL: 400
PTL: 75000
Elapsed time was: 844367
Maquina 1 : 173 22 105 63 198 180 43 143 182 93 191 133 77 35 28 74 179 27 59 156 16 174 151 103 160 45 102 128 
Maquina 2 : 64 168 71 18 194 88 129 159 126 101 181 36 108 157 186 132 32 96 46 115 116 110 86 92 60 99 175 193 112 123 145 
Maquina 3 : 24 172 5 148 107 29 44 14 40 7 69 135 162 70 184 155 37 98 82 23 47 11 141 111 6 81 177 
Maquina 4 : 95 185 3 118 140 89 67 61 15 150 87 106 78 197 169 2 55 42 0 17 50 9 57 119 122 
Maquina 5 : 39 90 192 85 113 187 76 158 167 34 72 120 94 51 189 49 20 75 26 146 127 73 31 52 8 84 171 152 165 196 190 144 
Maquina 6 : 138 12 53 130 125 19 153 178 30 66 147 80 131 91 38 68 1 56 41 136 117 114 58 13 10 188 164 121 97 65 
Maquina 7 : 124 161 104 195 183 83 139 134 54 25 170 142 100 21 199 176 48 79 154 166 62 137 163 33 149 109 4 
