Instance filename: ./instances/200jobs/instanceLarge1275_m=9_n=200_l=40_c=20_s=2.PMTC
Min temperature: 0.1
Max temperature: 0.5
Melhor Solução: 720
Temp div: 16
MCL: 400
PTL: 75000
Elapsed time was: 826294
Maquina 1 : 15 65 36 18 29 4 126 71 180 24 97 196 177 190 165 189 34 179 197 171 164 175 
Maquina 2 : 7 116 137 155 163 198 100 103 76 173 125 31 109 114 147 105 48 92 89 54 194 118 39 
Maquina 3 : 66 1 72 130 37 64 84 182 22 112 131 95 0 123 169 88 134 138 181 83 
Maquina 4 : 107 68 178 49 154 80 59 104 191 78 9 136 172 142 58 46 16 33 5 13 3 47 120 
Maquina 5 : 166 85 45 128 117 161 30 184 41 146 82 188 12 79 35 11 135 129 187 152 106 170 55 
Maquina 6 : 26 60 148 167 19 6 63 43 108 139 77 23 122 157 81 127 96 50 2 124 133 132 44 98 160 
Maquina 7 : 42 144 40 57 199 193 91 145 159 38 21 61 25 151 158 74 70 143 153 94 99 62 20 110 93 
Maquina 8 : 113 32 111 150 156 121 51 176 101 195 28 10 27 140 168 192 115 73 141 17 162 
Maquina 9 : 87 185 75 186 56 14 174 183 90 8 102 53 119 69 86 149 67 52 
