Instance filename: ./instances/200jobs/instanceLarge1013_m=7_n=200_l=30_c=20_s=1.PMTC
Min temperature: 0.1
Max temperature: 0.5
Melhor Solução: 3609
Temp div: 16
MCL: 400
PTL: 75000
Elapsed time was: 459360
Maquina 1 : 57 9 50 77 1 117 10 140 58 13 17 188 181 128 194 88 129 101 59 124 65 60 151 16 160 29 102 83 45 14 137 135 
Maquina 2 : 79 154 196 48 179 4 145 25 21 100 85 127 177 73 52 8 171 165 193 107 84 44 40 64 168 
Maquina 3 : 56 131 80 147 156 55 98 2 159 126 42 87 61 18 67 89 118 3 125 92 157 86 36 46 115 114 96 51 
Maquina 4 : 132 32 186 198 191 133 35 197 28 190 169 43 63 22 180 38 105 91 173 0 97 23 69 82 112 24 5 111 148 123 
Maquina 5 : 71 176 199 119 90 39 122 192 139 78 106 150 170 15 172 95 185 175 99 93 164 121 108 142 116 189 166 163 
Maquina 6 : 94 33 149 109 31 37 184 70 155 162 103 7 183 104 161 26 75 20 49 19 143 146 134 144 12 53 130 47 
Maquina 7 : 68 54 41 72 167 74 34 120 158 76 187 113 11 141 152 6 81 174 110 136 138 27 195 62 153 182 66 30 178 
