Instance filename: ./instances/200jobs/instanceLarge929_m=6_n=200_l=40_c=20_s=1.PMTC
Min temperature: 0.1
Max temperature: 0.5
Melhor Solução: 4023
Temp div: 16
MCL: 400
PTL: 75000
Elapsed time was: 1348506
Maquina 1 : 4 104 53 0 193 190 140 91 58 36 67 15 198 51 22 138 137 149 156 167 179 119 86 112 113 29 90 26 71 
Maquina 2 : 96 72 11 57 87 181 44 61 199 117 175 97 39 134 115 89 194 70 105 63 64 55 59 50 160 161 98 139 164 145 163 80 170 65 102 41 
Maquina 3 : 109 17 83 85 126 107 132 158 30 43 116 81 42 195 13 49 24 174 127 94 10 144 146 186 100 19 120 52 16 155 131 75 197 
Maquina 4 : 188 159 76 178 14 18 141 7 54 40 111 150 84 45 1 48 62 93 169 9 157 88 177 46 60 184 82 23 185 191 38 110 148 124 
Maquina 5 : 78 27 56 176 31 143 37 168 25 28 8 2 187 47 101 123 12 152 73 151 6 172 154 130 35 21 20 69 66 147 183 182 171 118 79 108 180 
Maquina 6 : 136 162 173 128 122 32 77 34 166 135 196 189 125 114 103 3 192 129 106 165 68 74 121 153 99 142 133 95 5 33 92 
