Instance filename: ./instances/200jobs/instanceLarge1279_m=9_n=200_l=40_c=20_s=0.PMTC
Min temperature: 0.1
Max temperature: 0.5
Melhor Solução: 1110
Temp div: 16
MCL: 400
PTL: 75000
Elapsed time was: 824165
Maquina 1 : 45 66 96 40 118 113 191 84 175 32 99 42 161 7 164 116 136 172 43 127 102 64 192 103 
Maquina 2 : 140 27 187 33 20 165 195 10 152 107 11 178 16 120 193 58 13 47 5 169 142 
Maquina 3 : 17 53 170 55 106 28 81 8 39 14 56 3 86 174 75 117 185 131 112 129 22 
Maquina 4 : 190 138 189 143 154 126 92 48 4 15 29 160 97 71 18 173 65 180 2 162 6 148 60 
Maquina 5 : 26 19 134 80 139 77 125 23 157 87 179 128 183 90 57 76 124 130 41 197 30 
Maquina 6 : 146 82 188 12 181 184 73 144 150 111 93 156 176 194 9 89 104 51 59 114 95 83 109 
Maquina 7 : 74 61 25 37 21 196 38 159 145 24 177 62 171 135 88 121 35 123 98 36 63 44 167 
Maquina 8 : 133 108 122 50 151 158 153 1 182 101 72 0 147 166 85 70 105 132 110 198 31 78 46 100 
Maquina 9 : 163 54 141 199 155 137 186 34 52 149 67 69 168 119 68 94 115 91 49 79 
