Instance filename: ./instances/200jobs/instanceLarge1191_m=8_n=200_l=40_c=30_s=2.PMTC
Min temperature: 0.1
Max temperature: 0.5
Melhor Solução: 801
Temp div: 16
MCL: 400
PTL: 75000
Elapsed time was: 606689
Maquina 1 : 86 29 183 55 119 68 5 71 134 18 154 192 120 56 140 135 83 193 106 121 81 58 34 166 20 146 89 167 92 141 
Maquina 2 : 111 130 1 46 47 170 112 39 88 138 157 49 44 21 165 136 74 126 190 149 153 22 150 
Maquina 3 : 143 17 171 105 176 13 148 189 3 117 10 188 30 172 72 177 37 45 51 24 40 173 98 62 35 84 156 90 
Maquina 4 : 26 198 161 122 66 14 123 129 125 25 76 104 182 195 78 113 75 147 82 185 114 99 64 169 
Maquina 5 : 67 191 115 53 11 85 178 187 77 63 0 9 127 109 96 145 100 91 27 181 164 158 36 43 132 
Maquina 6 : 54 69 94 7 124 174 162 79 194 175 23 61 184 159 107 15 31 103 60 137 65 42 32 6 8 80 168 
Maquina 7 : 73 163 116 101 155 19 108 70 12 131 118 152 95 144 179 59 52 151 33 186 16 
Maquina 8 : 87 139 133 102 28 4 142 180 160 48 93 2 196 199 50 97 197 38 110 57 41 128 
