Instance filename: ./instances/200jobs/instanceLarge1041_m=7_n=200_l=40_c=20_s=2.PMTC
Min temperature: 0.1
Max temperature: 0.5
Melhor Solução: 980
Temp div: 16
MCL: 400
PTL: 75000
Elapsed time was: 790452
Maquina 1 : 130 15 21 0 94 136 9 155 180 144 158 96 44 166 69 19 75 51 16 48 187 142 91 57 157 104 105 60 6 
Maquina 2 : 53 83 109 41 89 62 138 59 29 14 12 184 23 86 28 13 172 147 107 92 50 78 199 72 108 80 175 143 125 192 
Maquina 3 : 186 183 102 198 114 87 140 190 35 8 64 178 173 164 115 20 38 118 168 152 129 156 148 39 111 162 117 197 3 95 
Maquina 4 : 169 82 170 56 120 131 93 137 146 161 181 84 25 188 1 194 31 30 116 159 10 66 128 43 135 26 123 
Maquina 5 : 132 121 179 24 195 98 196 106 191 40 81 150 7 134 22 85 76 174 73 33 171 124 61 74 154 2 90 47 5 182 70 122 
Maquina 6 : 177 126 119 101 46 110 58 68 97 34 167 45 151 176 113 160 27 18 163 4 49 52 54 67 193 
Maquina 7 : 42 145 133 99 65 79 149 127 37 32 71 100 139 103 153 17 11 112 36 185 77 63 165 55 141 189 88 
