Instance filename: ./instances/200jobs/instanceLarge1091_m=8_n=200_l=30_c=10_s=1.PMTC
Min temperature: 0.1
Max temperature: 0.5
Melhor Solução: 2472
Temp div: 16
MCL: 400
PTL: 75000
Elapsed time was: 514760
Maquina 1 : 68 125 156 26 78 77 102 95 53 182 2 166 86 136 117 113 39 60 106 98 38 172 27 123 3 
Maquina 2 : 124 108 89 177 67 132 42 149 164 116 174 1 126 44 135 81 16 40 51 74 5 159 6 61 
Maquina 3 : 62 55 22 140 9 151 88 181 184 90 18 84 45 82 30 47 193 10 21 71 150 28 160 99 87 94 43 50 
Maquina 4 : 29 143 80 33 73 130 56 19 15 7 142 35 197 52 165 195 144 170 114 186 63 171 31 
Maquina 5 : 183 127 163 178 128 100 46 91 173 93 96 191 115 141 199 8 59 154 118 109 4 187 101 97 194 134 155 
Maquina 6 : 105 138 146 188 76 192 133 32 145 148 11 180 112 64 49 179 41 122 176 69 54 152 158 147 
Maquina 7 : 137 65 83 167 190 85 72 185 17 75 111 57 25 161 121 110 196 189 48 104 198 175 131 20 36 37 
Maquina 8 : 13 14 103 120 92 0 66 24 70 129 119 153 58 34 12 168 139 79 107 169 162 23 157 
