Instance filename: ./instances/200jobs/instanceLarge1395_m=10_n=200_l=40_c=20_s=2.PMTC
Min temperature: 0.1
Max temperature: 0.5
Melhor Solução: 708
Temp div: 16
MCL: 400
PTL: 75000
Elapsed time was: 943746
Maquina 1 : 89 19 126 119 165 167 123 78 33 37 131 135 190 53 108 83 155 146 124 
Maquina 2 : 40 147 49 90 77 76 180 36 32 140 52 25 100 166 112 102 8 178 4 
Maquina 3 : 136 5 144 198 122 195 107 35 103 189 125 26 193 48 128 74 105 176 60 45 137 
Maquina 4 : 67 21 96 106 143 130 1 31 62 28 148 9 81 127 158 172 141 7 87 194 192 2 58 
Maquina 5 : 79 27 154 163 142 14 199 162 159 57 18 101 38 153 95 20 55 132 
Maquina 6 : 174 117 91 186 188 54 134 15 75 181 39 80 116 152 65 183 182 115 12 43 168 29 84 
Maquina 7 : 22 69 177 42 23 86 98 197 99 111 169 157 179 46 110 6 
Maquina 8 : 173 68 121 30 10 50 66 71 44 118 16 82 196 171 164 149 129 185 17 61 156 170 
Maquina 9 : 88 133 191 51 145 160 72 3 59 70 151 93 24 150 0 184 34 109 
Maquina 10 : 161 63 114 92 47 175 139 187 97 104 64 120 56 13 11 113 41 138 85 94 73 
