Instance filename: ./instances/200jobs/instanceLarge1239_m=9_n=200_l=30_c=20_s=2.PMTC
Min temperature: 0.1
Max temperature: 0.5
Melhor Solução: 732
Temp div: 16
MCL: 400
PTL: 75000
Elapsed time was: 763520
Maquina 1 : 86 113 196 85 141 83 88 62 19 94 171 164 84 42 128 2 21 78 191 178 13 108 
Maquina 2 : 73 56 11 51 153 116 91 155 102 110 87 43 41 135 133 137 38 101 158 182 149 7 93 181 
Maquina 3 : 28 188 68 152 117 111 76 147 37 105 0 6 22 63 167 54 172 55 72 119 174 67 64 
Maquina 4 : 65 109 186 177 185 16 48 138 96 156 165 26 32 103 52 140 66 4 129 17 199 47 170 
Maquina 5 : 197 180 175 163 98 104 157 53 74 1 70 176 45 77 57 14 106 130 159 35 50 
Maquina 6 : 95 118 99 195 25 189 166 24 160 34 120 112 126 184 79 12 100 80 132 23 134 151 20 
Maquina 7 : 60 44 136 183 144 107 46 5 169 82 40 179 69 198 75 122 92 124 192 90 114 142 
Maquina 8 : 8 15 150 123 115 161 39 27 49 29 36 154 194 143 173 146 190 3 61 31 193 10 
Maquina 9 : 81 162 125 18 187 131 148 89 59 121 97 33 139 58 127 71 145 30 9 168 
