Instance filename: ./instances/200jobs/instanceLarge871_m=6_n=200_l=30_c=20_s=0.PMTC
Min temperature: 0.1
Max temperature: 0.5
Melhor Solução: 3787
Temp div: 16
MCL: 400
PTL: 75000
Elapsed time was: 635564
Maquina 1 : 168 157 171 122 5 172 13 20 158 40 4 84 59 192 16 120 95 90 136 78 69 91 64 75 140 134 148 184 39 1 96 26 18 
Maquina 2 : 42 187 161 86 147 93 29 11 47 199 160 123 191 193 162 77 37 138 79 44 67 8 32 189 19 7 87 185 58 150 180 70 46 76 135 
Maquina 3 : 98 82 133 65 15 17 111 163 63 9 167 71 166 169 159 62 121 108 124 176 41 151 43 85 107 48 194 30 170 137 100 
Maquina 4 : 83 196 174 153 35 127 114 190 88 139 6 112 89 142 181 97 109 115 103 72 33 177 24 51 57 141 2 99 73 81 27 132 183 128 0 
Maquina 5 : 113 186 154 50 182 104 173 117 119 149 164 165 105 101 129 68 145 53 156 94 116 23 49 34 60 197 45 106 125 52 25 130 155 143 
Maquina 6 : 66 179 175 22 126 131 10 38 3 152 28 188 61 144 102 80 14 56 54 36 110 178 21 12 118 198 74 146 31 92 195 55 
