Instance filename: ./instances/200jobs/instanceLarge1132_m=8_n=200_l=30_c=20_s=0.PMTC
Min temperature: 0.1
Max temperature: 0.5
Melhor Solução: 955
Temp div: 16
MCL: 400
PTL: 75000
Elapsed time was: 518797
Maquina 1 : 0 27 115 32 60 69 197 25 101 171 154 70 56 36 64 131 90 110 44 73 102 33 113 129 41 
Maquina 2 : 2 142 45 155 116 30 42 71 162 16 185 82 51 124 108 7 58 35 103 174 122 83 13 123 121 
Maquina 3 : 159 93 8 14 179 37 54 183 184 79 112 147 78 164 192 91 198 196 109 180 4 150 186 38 168 49 
Maquina 4 : 117 89 148 86 125 173 169 163 99 1 187 193 178 80 176 74 87 161 175 136 182 43 119 158 151 15 
Maquina 5 : 177 100 11 137 84 166 59 139 57 143 9 75 145 146 111 76 39 194 189 66 114 127 62 6 
Maquina 6 : 156 47 21 195 12 160 81 67 77 135 55 24 22 40 23 3 18 149 26 153 19 120 95 10 88 
Maquina 7 : 165 97 31 50 52 191 29 170 68 133 105 134 63 5 106 188 126 17 61 96 141 92 130 167 
Maquina 8 : 172 28 190 132 181 85 72 118 138 144 140 199 128 46 104 65 98 53 157 94 107 20 152 48 34 
