Instance filename: ./instances/200jobs/instanceLarge1005_m=7_n=200_l=30_c=20_s=2.PMTC
Min temperature: 0.1
Max temperature: 0.5
Melhor Solução: 929
Temp div: 16
MCL: 400
PTL: 75000
Elapsed time was: 375548
Maquina 1 : 44 112 159 64 139 69 135 129 184 56 101 124 155 65 60 83 151 146 160 14 29 182 127 75 20 49 26 
Maquina 2 : 9 57 104 161 179 59 13 27 16 107 194 102 68 103 67 87 15 95 185 175 189 97 198 91 164 93 99 186 32 
Maquina 3 : 121 51 191 116 114 110 66 131 147 80 31 106 28 197 190 35 34 77 74 183 7 82 162 70 4 145 25 137 33 163 
Maquina 4 : 94 149 109 37 23 47 130 53 120 187 158 85 76 113 11 141 6 177 81 132 174 45 142 170 100 21 19 199 176 166 154 
Maquina 5 : 79 73 48 52 12 195 134 144 152 89 140 118 3 125 133 143 63 22 173 180 167 72 40 188 1 168 
Maquina 6 : 126 105 181 108 157 86 36 46 96 115 92 150 156 0 50 172 30 119 98 138 55 2 61 42 43 169 78 122 
Maquina 7 : 128 192 90 39 54 41 136 117 10 58 17 24 111 5 148 38 62 153 178 88 18 71 196 193 123 84 165 171 8 
