Instance filename: ./instances/200jobs/instanceLarge1050_m=7_n=200_l=40_c=20_s=2.PMTC
Min temperature: 0.1
Max temperature: 0.5
Melhor Solução: 938
Temp div: 16
MCL: 400
PTL: 75000
Elapsed time was: 433067
Maquina 1 : 86 92 107 194 124 152 168 129 164 199 80 25 181 84 188 1 115 31 156 102 24 193 121 47 9 136 33 155 61 74 
Maquina 2 : 70 2 154 109 35 147 89 29 34 182 110 190 161 69 44 151 160 27 18 180 198 116 140 114 128 179 183 132 43 135 
Maquina 3 : 12 14 28 184 13 23 172 52 6 10 59 139 60 105 103 41 83 104 162 111 96 49 158 101 138 5 122 149 126 64 177 46 
Maquina 4 : 68 26 58 113 62 127 63 141 178 163 55 20 8 97 82 148 119 118 45 98 108 191 175 187 176 143 192 53 
Maquina 5 : 197 125 186 3 157 48 75 16 51 19 117 167 171 81 106 40 134 37 85 22 90 42 7 159 150 73 196 
Maquina 6 : 88 165 77 189 185 11 112 153 17 36 130 123 21 15 0 30 142 91 57 174 76 66 32 78 50 39 65 67 145 195 
Maquina 7 : 173 54 87 71 100 38 99 144 166 79 72 4 95 169 56 120 170 131 93 94 146 137 133 
