Instance filename: ./instances/200jobs/instanceLarge1082_m=8_n=200_l=30_c=10_s=1.PMTC
Min temperature: 0.1
Max temperature: 0.5
Melhor Solução: 2509
Temp div: 16
MCL: 400
PTL: 75000
Elapsed time was: 762869
Maquina 1 : 158 31 144 72 90 30 84 45 95 106 39 118 136 64 117 166 182 114 19 130 7 63 34 
Maquina 2 : 168 12 107 139 42 79 157 33 23 150 197 82 6 169 151 138 65 77 0 68 137 49 119 41 5 179 
Maquina 3 : 156 125 26 87 134 155 187 194 101 97 180 104 160 129 3 171 128 93 46 100 173 91 185 4 103 105 
Maquina 4 : 189 57 43 184 181 88 25 56 18 60 2 122 54 69 152 147 86 188 176 83 85 190 167 113 94 111 162 50 
Maquina 5 : 110 48 161 196 198 38 164 47 199 193 67 21 99 71 28 24 66 132 102 149 81 53 76 10 98 75 
Maquina 6 : 127 121 89 177 123 108 124 92 163 133 20 192 131 36 165 195 52 186 120 59 109 78 58 154 
Maquina 7 : 115 191 141 96 8 62 143 22 55 140 9 159 1 11 116 61 142 174 126 44 135 16 40 51 74 
Maquina 8 : 183 27 14 112 145 146 32 35 70 148 13 153 175 37 172 15 170 29 17 178 73 80 
