Instance filename: ./instances/200jobs/instanceLarge1007_m=7_n=200_l=30_c=20_s=1.PMTC
Min temperature: 0.1
Max temperature: 0.5
Melhor Solução: 3586
Temp div: 16
MCL: 400
PTL: 75000
Elapsed time was: 643156
Maquina 1 : 21 100 25 170 4 164 109 81 142 6 141 111 110 76 133 3 140 58 18 136 101 119 199 143 125 130 53 
Maquina 2 : 12 165 138 27 179 196 172 8 73 30 171 154 55 2 113 85 158 135 72 167 120 34 33 42 181 51 115 19 26 
Maquina 3 : 49 75 20 127 0 177 169 197 190 28 35 137 45 195 59 193 36 174 92 145 123 90 24 112 69 23 118 89 152 
Maquina 4 : 71 144 134 68 47 11 5 148 84 107 44 48 176 83 79 166 189 175 61 98 185 95 15 87 
Maquina 5 : 67 22 88 126 194 129 159 64 168 40 188 102 29 14 160 16 151 17 31 149 163 62 94 153 178 66 96 32 
Maquina 6 : 191 186 38 182 91 93 99 56 157 105 86 13 46 132 116 114 108 121 187 97 52 124 65 155 60 37 184 70 162 54 82 7 183 
Maquina 7 : 104 161 146 57 103 9 50 77 1 117 10 74 41 39 139 192 122 128 78 106 150 156 147 80 131 43 198 180 63 173 
