Instance filename: ./instances/200jobs/instanceLarge971_m=7_n=200_l=30_c=10_s=1.PMTC
Min temperature: 0.1
Max temperature: 0.5
Melhor Solução: 2884
Temp div: 16
MCL: 400
PTL: 75000
Elapsed time was: 727291
Maquina 1 : 71 167 52 105 54 185 26 23 43 173 184 197 196 99 163 79 159 17 87 131 80 123 96 58 69 21 125 130 
Maquina 2 : 90 146 103 179 110 34 83 112 37 98 178 38 5 154 119 190 9 75 133 113 128 142 82 91 109 40 60 135 28 199 149 183 116 
Maquina 3 : 88 169 39 84 27 132 151 134 177 50 10 45 143 41 195 108 8 67 4 114 70 162 12 89 171 68 20 
Maquina 4 : 148 30 157 55 100 49 59 62 33 155 47 156 72 118 129 29 64 160 7 147 56 150 145 51 22 164 66 65 
Maquina 5 : 158 121 93 192 3 141 19 25 137 153 97 117 107 174 101 175 198 104 152 85 14 139 18 46 42 86 
Maquina 6 : 120 24 115 48 77 44 182 94 73 188 140 36 74 172 63 78 136 165 111 57 2 144 106 6 0 161 1 186 
Maquina 7 : 126 191 187 194 15 53 81 181 32 189 168 61 176 76 11 13 193 31 138 122 180 102 124 170 35 166 127 95 16 92 
