Instance filename: ./instances/200jobs/instanceLarge1116_m=8_n=200_l=30_c=20_s=2.PMTC
Min temperature: 0.1
Max temperature: 0.5
Melhor Solução: 783
Temp div: 16
MCL: 400
PTL: 75000
Elapsed time was: 518605
Maquina 1 : 110 90 44 131 87 154 29 68 170 133 67 5 160 12 105 71 42 45 159 118 138 144 115 
Maquina 2 : 43 182 72 21 10 98 54 65 104 46 128 199 17 175 180 109 196 198 91 30 19 112 78 145 
Maquina 3 : 34 48 152 157 96 94 107 26 153 149 18 3 40 23 41 176 80 178 84 156 52 1 174 59 57 9 
Maquina 4 : 75 147 106 134 7 187 183 51 184 172 28 190 132 142 151 173 97 117 31 191 50 38 186 150 165 125 123 76 13 
Maquina 5 : 168 135 24 2 108 8 37 14 179 77 6 62 127 136 101 114 163 73 95 169 27 0 56 36 64 
Maquina 6 : 66 162 119 16 82 79 63 141 15 130 167 185 161 126 188 92 61 181 85 121 116 155 70 129 
Maquina 7 : 113 33 11 193 102 120 99 88 81 192 164 139 89 148 86 93 100 158 22 55 137 166 177 58 20 
Maquina 8 : 49 4 47 195 53 25 171 74 146 140 143 111 39 194 189 124 35 122 83 103 69 60 197 32 
