Instance filename: ./instances/200jobs/instanceLarge979_m=7_n=200_l=30_c=10_s=0.PMTC
Min temperature: 0.1
Max temperature: 0.5
Melhor Solução: 1951
Temp div: 16
MCL: 400
PTL: 75000
Elapsed time was: 1093759
Maquina 1 : 126 53 15 194 81 189 168 99 61 176 96 36 54 78 111 165 57 2 40 6 121 0 144 106 84 52 110 161 1 127 
Maquina 2 : 92 166 16 95 35 41 170 162 158 136 70 4 93 192 117 97 19 141 153 132 25 3 128 125 133 79 76 69 
Maquina 3 : 87 123 17 159 67 163 120 115 77 172 58 38 181 24 191 48 182 94 188 177 44 73 140 137 11 151 32 
Maquina 4 : 145 51 134 116 183 88 39 187 149 174 107 164 85 175 152 104 139 18 46 186 71 42 148 86 74 20 156 59 55 65 
Maquina 5 : 62 100 33 49 47 72 155 118 157 21 146 130 8 108 198 195 29 105 185 66 160 199 14 27 12 7 129 64 
Maquina 6 : 171 23 184 173 43 197 196 154 91 28 63 135 109 60 82 26 101 142 83 112 34 113 5 75 9 178 119 190 
Maquina 7 : 90 10 45 143 150 22 56 50 68 80 131 147 13 193 167 98 31 37 180 122 124 138 114 102 103 30 169 89 179 
