Instance filename: ./instances/200jobs/instanceLarge959_m=6_n=200_l=40_c=30_s=1.PMTC
Min temperature: 0.1
Max temperature: 0.5
Melhor Solução: 5624
Temp div: 16
MCL: 400
PTL: 75000
Elapsed time was: 705349
Maquina 1 : 117 96 29 146 138 182 94 155 160 98 19 105 31 1 54 124 52 48 39 53 2 49 71 17 175 61 89 168 173 69 153 59 188 166 
Maquina 2 : 163 34 25 140 110 7 36 151 139 197 26 132 186 80 184 101 56 154 67 43 35 15 126 174 85 142 65 170 18 64 3 103 78 178 79 
Maquina 3 : 97 9 189 60 159 161 14 135 156 77 113 90 150 74 131 106 27 198 100 33 11 99 194 144 193 86 22 82 158 102 118 130 167 37 51 129 149 
Maquina 4 : 112 63 50 165 12 13 147 148 104 44 125 109 81 68 120 83 176 122 108 111 58 10 177 141 199 91 192 21 75 164 45 6 107 
Maquina 5 : 32 157 196 137 133 171 47 145 93 116 30 162 73 143 41 115 88 127 20 190 169 72 187 66 180 92 16 152 195 70 114 28 4 
Maquina 6 : 5 119 42 179 181 40 55 46 24 128 121 76 183 84 57 123 191 136 23 87 38 8 62 185 134 0 95 172 
