Instance filename: ./instances/200jobs/instanceLarge1251_m=9_n=200_l=30_c=20_s=2.PMTC
Min temperature: 0.1
Max temperature: 0.5
Melhor Solução: 722
Temp div: 16
MCL: 400
PTL: 75000
Elapsed time was: 1260994
Maquina 1 : 153 116 91 155 102 16 81 196 38 187 3 162 98 111 180 197 37 146 170 53 157 158 52 
Maquina 2 : 109 140 2 129 4 17 66 199 82 47 101 41 194 138 26 156 96 43 87 126 48 143 76 
Maquina 3 : 68 152 10 198 25 39 29 27 49 175 90 30 145 19 71 136 127 193 
Maquina 4 : 110 58 5 183 117 40 185 169 179 123 69 75 50 92 124 172 192 95 103 32 8 114 15 150 
Maquina 5 : 115 104 139 97 33 59 148 31 89 121 184 61 72 12 55 14 108 13 
Maquina 6 : 42 21 119 44 191 78 174 35 107 46 106 128 178 173 65 67 130 159 186 135 133 64 
Maquina 7 : 63 6 0 105 22 190 147 154 161 73 36 188 9 83 141 51 176 163 160 34 144 120 
Maquina 8 : 118 167 54 122 77 45 57 166 125 88 131 94 171 85 62 182 177 86 7 149 93 137 28 181 18 
Maquina 9 : 195 99 74 11 56 164 70 142 168 60 134 151 79 100 80 1 23 132 84 112 20 24 113 165 189 
