Instance filename: ./instances/200jobs/instanceLarge989_m=7_n=200_l=30_c=10_s=1.PMTC
Min temperature: 0.1
Max temperature: 0.5
Melhor Solução: 2910
Temp div: 16
MCL: 400
PTL: 75000
Elapsed time was: 656478
Maquina 1 : 94 48 102 44 90 154 77 38 190 178 119 161 1 124 122 138 31 37 11 180 9 133 113 75 194 53 15 189 81 126 176 
Maquina 2 : 61 32 68 168 99 181 58 96 64 10 45 50 143 56 22 195 108 199 163 39 150 147 30 8 89 114 157 
Maquina 3 : 59 100 55 62 33 156 65 155 47 72 118 29 129 160 7 145 12 51 27 132 151 162 171 23 173 184 197 196 
Maquina 4 : 170 43 137 109 128 21 142 91 66 95 188 16 41 177 35 166 92 127 179 103 169 79 152 76 82 26 105 185 101 110 112 34 
Maquina 5 : 83 130 146 5 104 24 198 85 175 80 172 182 74 73 140 36 54 134 191 63 28 183 14 52 186 106 6 0 144 
Maquina 6 : 2 57 17 111 165 159 120 67 115 136 4 93 158 107 139 18 46 71 42 49 148 86 20 125 192 3 
Maquina 7 : 25 153 97 19 141 84 117 164 70 149 13 88 174 187 116 167 60 193 40 135 131 98 78 121 123 87 69 
