Instance filename: ./instances/200jobs/instanceLarge1114_m=8_n=200_l=30_c=20_s=0.PMTC
Min temperature: 0.1
Max temperature: 0.5
Melhor Solução: 2705
Temp div: 16
MCL: 400
PTL: 75000
Elapsed time was: 1103804
Maquina 1 : 152 48 34 145 75 9 57 40 22 178 80 23 18 153 19 3 120 95 73 84 163 169 99 27 
Maquina 2 : 102 136 43 176 144 60 110 160 119 12 67 197 133 170 68 29 87 154 131 69 174 83 128 
Maquina 3 : 199 173 89 146 111 93 191 52 31 50 97 66 25 17 171 140 143 175 32 26 179 14 37 
Maquina 4 : 108 8 44 2 155 70 129 113 33 77 117 148 86 121 65 4 112 30 91 198 196 180 109 
Maquina 5 : 139 188 161 88 147 46 92 104 192 164 78 150 49 38 165 10 116 72 107 98 157 20 79 149 94 82 185 
Maquina 6 : 63 16 81 162 182 36 64 56 0 115 11 177 100 137 166 158 55 15 54 138 167 24 135 45 168 13 76 123 
Maquina 7 : 125 130 41 172 28 190 132 181 105 85 142 118 71 42 61 96 126 141 5 106 134 159 187 
Maquina 8 : 183 51 7 58 194 1 103 39 189 193 124 35 195 122 53 151 114 127 186 62 6 90 156 47 21 59 74 101 184 
