Instance filename: ./instances/200jobs/instanceLarge1384_m=10_n=200_l=40_c=20_s=0.PMTC
Min temperature: 0.1
Max temperature: 0.5
Melhor Solução: 773
Temp div: 16
MCL: 400
PTL: 75000
Elapsed time was: 624964
Maquina 1 : 113 41 11 56 85 94 73 138 140 178 87 7 141 93 163 127 151 142 31 
Maquina 2 : 197 89 112 2 46 196 4 186 24 184 58 135 78 108 83 53 88 179 157 172 
Maquina 3 : 158 104 65 133 92 176 149 67 60 51 183 115 43 84 22 29 168 74 14 62 
Maquina 4 : 162 159 170 57 69 161 154 109 34 150 123 48 26 103 189 35 107 195 198 122 144 
Maquina 5 : 5 136 121 68 173 160 30 6 177 110 128 71 77 28 1 130 21 96 143 
Maquina 6 : 137 45 148 79 13 64 146 16 155 3 191 199 33 102 119 187 171 129 164 116 
Maquina 7 : 61 17 156 82 44 118 66 10 194 192 80 181 75 39 15 188 185 134 169 
Maquina 8 : 20 153 132 55 95 117 18 101 174 91 50 38 125 23 27 99 86 0 98 114 
Maquina 9 : 63 175 111 193 124 105 182 12 152 166 72 145 120 190 25 52 8 90 36 40 180 106 147 
Maquina 10 : 32 9 139 54 49 167 19 165 126 100 42 37 76 131 47 97 81 70 59 
