Instance filename: ./instances/200jobs/instanceLarge1199_m=8_n=200_l=40_c=30_s=1.PMTC
Min temperature: 0.1
Max temperature: 0.5
Melhor Solução: 4206
Temp div: 16
MCL: 400
PTL: 75000
Elapsed time was: 632961
Maquina 1 : 10 50 59 52 189 114 82 185 186 23 61 73 168 80 76 104 69 54 147 26 113 78 
Maquina 2 : 195 17 108 95 91 27 196 181 164 83 141 34 92 20 166 40 158 24 60 32 42 137 3 128 41 45 
Maquina 3 : 179 172 30 188 116 153 55 15 124 63 94 85 7 187 77 9 193 138 88 157 170 145 150 22 159 107 0 
Maquina 4 : 86 29 109 64 118 183 131 122 161 198 14 66 123 129 125 140 132 135 152 43 36 31 100 126 149 
Maquina 5 : 74 177 37 143 171 182 72 144 19 155 51 70 18 174 190 162 79 133 127 96 44 178 97 197 
Maquina 6 : 112 39 90 156 84 35 62 98 173 65 184 105 176 13 148 117 167 89 146 169 115 191 67 11 53 120 
Maquina 7 : 56 192 154 194 175 93 134 2 48 160 180 16 87 139 49 103 33 75 101 99 57 136 163 165 12 151 
Maquina 8 : 130 1 46 47 111 58 81 121 106 6 8 142 25 21 38 4 28 110 102 119 5 68 71 199 
