Instance filename: ./instances/200jobs/instanceLarge1411_m=10_n=200_l=40_c=30_s=0.PMTC
Min temperature: 0.1
Max temperature: 0.5
Melhor Solução: 1619
Temp div: 16
MCL: 400
PTL: 75000
Elapsed time was: 536329
Maquina 1 : 193 110 122 176 171 182 197 4 23 11 0 137 156 98 128 61 115 57 45 135 
Maquina 2 : 177 106 42 56 165 158 6 67 126 48 22 175 51 58 99 131 178 170 123 
Maquina 3 : 69 164 141 68 163 179 103 155 37 162 74 18 150 160 82 138 181 196 134 38 
Maquina 4 : 97 27 30 5 111 36 161 91 55 166 81 152 26 104 47 121 40 143 39 16 187 24 113 
Maquina 5 : 108 12 157 120 136 65 35 100 20 167 114 3 125 192 43 49 78 79 33 75 168 
Maquina 6 : 112 145 102 186 92 147 124 72 118 174 50 153 46 1 139 109 140 80 95 
Maquina 7 : 64 9 172 90 13 66 194 87 116 101 25 127 88 183 117 142 70 105 184 144 119 60 
Maquina 8 : 53 148 8 198 185 94 17 41 85 19 21 31 146 86 96 133 130 190 63 
Maquina 9 : 129 132 188 169 180 93 62 2 195 44 151 14 77 173 149 71 32 107 34 
Maquina 10 : 73 191 29 159 15 54 59 28 10 89 83 76 189 84 7 199 52 154 
