Instance filename: ./instances/200jobs/instanceLarge1133_m=8_n=200_l=30_c=20_s=1.PMTC
Min temperature: 0.1
Max temperature: 0.5
Melhor Solução: 3263
Temp div: 16
MCL: 400
PTL: 75000
Elapsed time was: 870544
Maquina 1 : 0 56 64 36 162 119 66 82 16 72 185 167 28 172 184 51 7 183 187 178 100 86 40 
Maquina 2 : 57 59 121 75 9 127 145 197 34 48 152 157 153 120 3 95 170 154 29 87 68 133 67 60 81 160 12 105 42 71 63 
Maquina 3 : 155 129 113 33 77 117 148 49 151 174 150 164 192 147 46 92 104 65 54 98 107 10 
Maquina 4 : 165 38 20 191 52 31 50 97 173 89 171 74 140 143 111 176 76 39 194 189 103 101 114 186 138 25 
Maquina 5 : 118 159 78 181 85 19 88 93 106 134 5 108 37 79 112 4 91 30 198 196 109 180 
Maquina 6 : 80 55 23 18 149 26 94 27 102 73 44 110 146 90 131 69 182 116 158 22 166 177 137 11 84 6 
Maquina 7 : 156 21 53 47 62 179 14 8 2 70 144 115 142 43 32 1 83 122 35 124 58 195 190 41 132 139 
Maquina 8 : 188 96 61 126 45 141 15 130 123 13 24 135 168 128 199 17 175 161 136 193 125 169 163 99 
