Instance filename: ./instances/200jobs/instanceLarge1008_m=7_n=200_l=30_c=20_s=2.PMTC
Min temperature: 0.1
Max temperature: 0.5
Melhor Solução: 891
Temp div: 16
MCL: 400
PTL: 75000
Elapsed time was: 510193
Maquina 1 : 8 171 165 193 196 27 144 134 68 127 0 177 169 197 28 35 191 133 141 11 113 184 55 2 77 158 187 76 
Maquina 2 : 85 39 90 192 1 122 41 56 72 98 42 120 34 167 94 153 178 66 30 108 143 20 49 75 26 180 146 50 57 9 119 
Maquina 3 : 101 13 136 58 117 114 10 179 59 161 104 195 183 139 25 145 4 109 190 17 149 33 163 131 174 132 81 6 
Maquina 4 : 152 71 148 5 111 24 112 69 82 7 135 40 103 162 70 67 89 140 118 3 125 53 130 47 23 37 155 65 
Maquina 5 : 124 60 137 151 16 160 138 14 102 45 29 44 107 84 18 38 105 181 54 36 157 121 51 186 32 96 46 115 116 
Maquina 6 : 110 86 92 99 123 176 199 62 19 21 100 170 142 182 93 164 198 97 189 175 91 185 95 172 15 61 87 106 80 
Maquina 7 : 147 156 150 31 12 48 52 73 83 79 166 154 88 126 194 159 129 64 168 128 188 74 173 22 63 43 78 
