Instance filename: ./instances/200jobs/instanceLarge1278_m=9_n=200_l=40_c=20_s=2.PMTC
Min temperature: 0.1
Max temperature: 0.5
Melhor Solução: 717
Temp div: 16
MCL: 400
PTL: 75000
Elapsed time was: 1020273
Maquina 1 : 8 86 121 90 81 28 56 39 174 163 152 61 71 190 187 129 95 59 114 83 134 138 
Maquina 2 : 188 139 130 194 192 140 168 27 10 195 165 0 23 51 94 122 125 96 85 14 1 70 153 158 151 
Maquina 3 : 84 199 182 40 101 169 107 104 98 49 68 74 72 66 126 25 88 131 135 196 143 154 80 
Maquina 4 : 48 89 92 105 54 113 53 64 115 31 117 110 109 198 191 155 141 137 166 128 45 120 
Maquina 5 : 33 16 11 79 73 35 119 55 181 12 161 146 82 3 30 197 41 124 184 144 133 
Maquina 6 : 156 93 111 150 29 32 65 36 15 18 4 162 189 34 87 123 20 186 106 132 
Maquina 7 : 50 108 44 63 167 160 2 19 6 148 60 26 69 149 67 52 103 173 157 170 145 159 180 38 
Maquina 8 : 21 58 24 9 97 177 62 185 178 37 147 22 112 91 75 42 176 193 13 47 
Maquina 9 : 5 46 142 17 77 172 118 127 78 136 43 102 76 183 57 179 164 116 7 175 171 100 99 
