Instance filename: ./instances/200jobs/instanceLarge1349_m=10_n=200_l=30_c=10_s=1.PMTC
Min temperature: 0.1
Max temperature: 0.5
Melhor Solução: 2016
Temp div: 16
MCL: 400
PTL: 75000
Elapsed time was: 669466
Maquina 1 : 18 39 163 46 49 135 141 84 62 10 161 35 9 126 139 0 175 165 
Maquina 2 : 154 24 164 25 21 55 28 77 169 183 53 185 181 133 173 89 22 85 121 177 
Maquina 3 : 107 157 51 187 188 75 90 186 152 118 198 13 44 8 72 87 14 70 174 60 
Maquina 4 : 50 80 42 153 150 148 144 57 94 86 56 115 116 112 142 30 149 136 106 
Maquina 5 : 17 138 98 83 101 4 179 156 160 68 192 122 178 1 134 184 33 67 
Maquina 6 : 180 108 125 193 170 66 95 2 114 162 78 137 194 69 81 20 104 143 6 93 
Maquina 7 : 120 147 23 102 123 105 52 199 96 43 40 82 166 73 129 110 71 11 111 65 119 36 151 
Maquina 8 : 38 155 7 124 59 189 128 159 79 37 97 5 54 158 19 29 127 41 131 
Maquina 9 : 171 130 74 195 92 34 182 12 109 16 132 31 48 113 145 196 32 76 3 63 100 
Maquina 10 : 91 58 45 27 191 99 47 61 26 168 15 140 190 117 103 176 167 197 146 172 88 64 
