Instance filename: ./instances/200jobs/instanceLarge1031_m=7_n=200_l=40_c=20_s=1.PMTC
Min temperature: 0.1
Max temperature: 0.5
Melhor Solução: 3791
Temp div: 16
MCL: 400
PTL: 75000
Elapsed time was: 635545
Maquina 1 : 39 66 195 30 3 95 169 177 161 191 93 187 176 197 108 199 72 50 78 92 142 188 172 107 49 45 153 11 112 185 10 165 54 
Maquina 2 : 52 192 125 186 67 65 180 91 56 151 27 160 18 163 69 96 158 62 119 145 126 101 35 46 148 68 58 110 
Maquina 3 : 154 167 34 113 97 134 149 17 156 193 168 152 198 38 32 71 100 36 83 139 37 59 184 22 14 109 41 94 9 
Maquina 4 : 60 6 53 121 105 104 23 123 12 189 28 194 43 132 82 128 146 137 88 170 89 85 115 4 120 166 99 79 
Maquina 5 : 144 133 131 44 102 20 147 141 55 103 130 127 31 138 1 25 84 181 175 80 183 143 135 179 87 114 190 140 
Maquina 6 : 29 116 171 117 19 13 75 16 51 48 86 76 174 173 157 57 129 0 15 21 136 42 7 159 90 162 111 
Maquina 7 : 2 61 74 33 155 178 73 5 122 182 70 47 63 64 77 118 150 98 164 8 124 26 40 81 106 24 196 
