Instance filename: ./instances/200jobs/instanceLarge896_m=6_n=200_l=30_c=20_s=1.PMTC
Min temperature: 0.1
Max temperature: 0.5
Melhor Solução: 4146
Temp div: 16
MCL: 400
PTL: 75000
Elapsed time was: 748800
Maquina 1 : 55 195 92 177 127 34 72 103 82 95 25 171 18 88 63 139 114 17 7 107 58 185 87 11 29 93 178 21 120 47 35 
Maquina 2 : 16 109 89 168 43 163 9 94 118 156 159 20 23 146 27 56 74 65 167 149 14 84 54 44 36 110 90 150 133 198 37 180 76 46 70 135 42 190 26 
Maquina 3 : 62 60 174 196 153 83 170 30 183 194 64 75 134 164 31 141 57 33 116 24 53 99 2 119 189 13 147 19 32 113 66 162 191 
Maquina 4 : 193 123 122 5 48 137 157 151 41 176 111 124 85 108 121 101 91 158 50 154 40 155 51 130 52 152 197 181 172 98 115 186 128 
Maquina 5 : 0 187 104 145 105 45 106 117 125 73 81 132 143 100 188 138 79 4 28 69 78 136 49 199 160 165 166 71 129 169 68 22 
Maquina 6 : 179 126 131 182 10 38 3 102 80 144 175 61 12 173 140 67 77 161 86 8 96 1 148 184 142 97 112 39 6 59 192 15 
