Instance filename: ./instances/200jobs/instanceLarge1091_m=8_n=200_l=30_c=10_s=1.PMTC
Min temperature: 0.1
Max temperature: 0.5
Melhor Solução: 2513
Temp div: 16
MCL: 400
PTL: 75000
Elapsed time was: 323502
Maquina 1 : 154 128 61 29 23 50 162 157 130 107 168 7 42 169 197 45 30 178 90 183 31 
Maquina 2 : 158 84 72 3 52 141 195 165 51 63 114 148 15 127 186 100 163 95 192 111 153 34 105 133 131 20 
Maquina 3 : 164 76 21 10 193 38 71 150 28 160 99 87 94 85 113 40 167 83 190 176 53 147 188 152 69 56 54 
Maquina 4 : 2 86 166 117 80 136 19 16 177 33 44 126 149 174 142 116 11 103 70 57 110 199 17 185 
Maquina 5 : 173 4 46 91 191 115 58 143 8 79 12 102 24 66 67 25 89 108 124 132 140 22 5 55 135 159 
Maquina 6 : 6 74 9 170 96 145 112 146 35 32 13 14 81 73 120 47 161 60 189 121 196 18 48 175 172 198 
Maquina 7 : 144 36 37 180 98 75 104 106 27 39 64 139 118 187 194 101 97 171 129 92 123 138 
Maquina 8 : 82 151 65 77 137 0 49 179 62 181 43 184 88 182 156 26 122 125 41 68 1 155 134 119 59 93 78 109 
