Instance filename: ./instances/200jobs/instanceLarge1232_m=9_n=200_l=30_c=20_s=1.PMTC
Min temperature: 0.1
Max temperature: 0.5
Melhor Solução: 2747
Temp div: 16
MCL: 400
PTL: 75000
Elapsed time was: 987280
Maquina 1 : 168 30 71 175 40 111 199 65 108 15 116 153 106 167 198 150 
Maquina 2 : 102 155 110 133 135 186 130 159 107 154 31 35 81 196 86 85 180 3 37 64 6 170 197 67 183 163 
Maquina 3 : 152 42 169 77 57 45 22 99 74 11 56 164 70 53 98 157 109 184 52 
Maquina 4 : 140 190 129 2 4 17 66 82 47 138 158 43 41 101 187 194 188 28 181 93 
Maquina 5 : 7 121 59 103 95 195 10 189 113 24 44 20 60 23 137 134 80 132 151 79 104 
Maquina 6 : 69 100 148 26 156 165 96 32 91 149 8 142 90 114 192 92 124 160 172 50 117 118 68 76 147 173 146 0 105 
Maquina 7 : 63 144 120 36 115 39 27 29 161 49 9 25 87 179 123 75 84 125 131 94 18 112 54 122 21 
Maquina 8 : 119 55 14 72 12 61 1 89 38 162 97 33 139 58 127 193 126 46 177 5 185 16 48 
Maquina 9 : 143 83 88 141 136 51 145 19 176 34 13 178 191 73 78 128 174 62 166 171 182 
