Instance filename: ./instances/200jobs/instanceLarge1361_m=10_n=200_l=30_c=20_s=1.PMTC
Min temperature: 0.1
Max temperature: 0.5
Melhor Solução: 2589
Temp div: 16
MCL: 400
PTL: 75000
Elapsed time was: 798572
Maquina 1 : 122 34 54 189 90 96 35 140 63 3 167 156 67 45 69 147 131 8 136 175 23 
Maquina 2 : 163 149 198 150 182 15 139 71 104 190 178 55 129 111 60 114 124 199 81 1 166 151 
Maquina 3 : 53 4 162 184 64 91 195 27 130 73 7 36 0 112 152 51 41 194 65 37 137 
Maquina 4 : 32 135 61 168 132 197 5 95 6 171 158 118 94 193 121 160 40 
Maquina 5 : 115 117 88 108 10 106 39 30 47 164 58 116 11 14 13 16 101 25 
Maquina 6 : 155 119 173 143 126 49 107 145 28 146 191 38 43 176 181 50 89 100 
Maquina 7 : 18 180 72 141 87 68 170 74 159 196 134 24 165 169 123 120 86 161 97 9 78 62 183 127 33 83 
Maquina 8 : 157 153 179 19 138 70 29 20 77 102 172 148 103 79 66 
Maquina 9 : 76 17 113 46 59 56 109 52 110 192 185 48 177 187 82 174 93 144 21 42 154 12 188 
Maquina 10 : 142 99 98 57 133 80 26 125 84 85 31 92 2 128 75 44 105 22 186 
