Instance filename: ./instances/200jobs/instanceLarge1106_m=8_n=200_l=30_c=10_s=1.PMTC
Min temperature: 0.1
Max temperature: 0.5
Melhor Solução: 2556
Temp div: 16
MCL: 400
PTL: 75000
Elapsed time was: 719118
Maquina 1 : 52 195 165 114 63 186 171 100 173 144 129 180 128 118 194 101 134 155 187 56 142 174 126 
Maquina 2 : 44 177 149 176 73 80 93 132 103 0 120 111 20 37 13 175 15 148 35 145 32 146 30 60 121 89 127 
Maquina 3 : 36 172 108 124 92 3 28 27 98 75 166 39 136 117 106 47 104 189 161 196 25 116 66 99 131 71 164 
Maquina 4 : 21 193 10 67 163 133 153 34 76 38 192 95 109 78 102 59 141 81 135 24 8 191 96 115 58 
Maquina 5 : 91 46 199 110 11 41 119 68 49 179 64 82 150 169 197 139 42 160 79 12 97 33 122 84 45 90 158 183 
Maquina 6 : 18 31 86 72 178 198 48 94 29 50 154 23 162 157 19 130 107 168 7 57 105 70 
Maquina 7 : 17 185 190 167 188 85 53 2 182 156 125 26 87 4 43 88 184 62 181 61 22 140 159 5 6 
Maquina 8 : 1 9 16 51 40 113 74 112 83 170 14 143 55 152 54 147 69 65 137 151 77 138 123 
