Instance filename: ./instances/200jobs/instanceLarge871_m=6_n=200_l=30_c=20_s=0.PMTC
Min temperature: 0.1
Max temperature: 0.5
Melhor Solução: 3744
Temp div: 16
MCL: 400
PTL: 75000
Elapsed time was: 698818
Maquina 1 : 6 112 39 142 139 88 114 107 58 185 87 7 147 119 189 22 30 141 132 183 81 73 125 106 20 45 49 116 104 187 0 144 80 102 
Maquina 2 : 38 182 131 126 175 12 61 63 173 10 169 68 129 101 105 165 149 14 110 36 97 54 135 98 158 181 197 152 113 108 85 124 94 111 
Maquina 3 : 17 15 192 59 136 78 171 157 168 16 91 117 24 4 33 177 41 28 170 79 196 83 100 188 138 52 72 127 
Maquina 4 : 103 34 82 154 130 143 179 50 99 2 53 156 27 23 146 74 56 198 150 90 155 164 109 89 195 55 191 163 9 86 8 161 25 
Maquina 5 : 128 186 11 47 123 199 122 5 137 48 3 172 115 176 151 43 18 120 95 92 35 21 153 93 29 37 77 162 65 160 51 121 69 62 
Maquina 6 : 167 178 159 145 166 71 193 67 44 40 84 70 13 60 46 190 42 26 174 96 1 148 184 140 134 75 64 194 31 133 118 76 66 57 180 19 32 
