Instance filename: ./instances/200jobs/instanceLarge1095_m=8_n=200_l=30_c=10_s=2.PMTC
Min temperature: 0.1
Max temperature: 0.5
Melhor Solução: 795
Temp div: 16
MCL: 400
PTL: 75000
Elapsed time was: 372795
Maquina 1 : 100 114 91 63 185 4 173 116 56 61 88 2 176 122 41 161 113 196 189 47 120 165 15 198 175 131 160 
Maquina 2 : 172 104 180 48 80 30 178 90 18 72 69 86 31 158 195 144 186 52 28 98 75 39 106 162 71 192 
Maquina 3 : 193 10 21 99 38 67 169 82 150 199 129 171 128 118 187 101 194 155 97 105 133 12 
Maquina 4 : 11 79 34 163 76 78 134 188 102 95 77 182 166 53 146 138 54 151 65 152 22 167 190 
Maquina 5 : 137 147 83 55 112 85 143 64 170 117 139 142 174 126 57 110 164 17 66 25 94 29 23 157 130 93 
Maquina 6 : 19 7 168 42 107 58 109 59 115 191 96 141 8 24 145 32 148 70 13 153 111 37 92 20 149 73 
Maquina 7 : 14 103 60 154 124 125 179 5 132 0 84 156 45 46 119 1 6 159 9 140 62 181 184 50 26 68 87 
Maquina 8 : 43 74 51 40 135 81 44 136 16 33 197 177 35 183 89 127 36 121 108 3 123 49 27 
