Instance filename: ./instances/200jobs/instanceLarge1362_m=10_n=200_l=30_c=20_s=2.PMTC
Min temperature: 0.1
Max temperature: 0.5
Melhor Solução: 648
Temp div: 16
MCL: 400
PTL: 75000
Elapsed time was: 377908
Maquina 1 : 163 149 175 117 9 41 60 129 5 168 132 50 43 59 17 63 33 83 157 153 104 19 
Maquina 2 : 166 30 164 47 58 116 11 119 14 140 134 122 51 54 34 183 120 127 123 
Maquina 3 : 38 124 199 46 3 156 167 147 8 136 179 151 52 165 192 70 62 138 36 61 121 
Maquina 4 : 67 160 53 4 13 90 142 188 99 98 57 180 133 74 87 141 68 170 18 
Maquina 5 : 100 89 173 155 143 71 126 24 186 22 105 44 92 12 146 191 85 86 128 
Maquina 6 : 23 75 2 103 78 107 152 72 195 91 184 64 196 84 169 178 80 26 96 35 114 31 
Maquina 7 : 130 73 7 0 198 194 28 190 66 56 113 79 16 25 101 108 189 40 
Maquina 8 : 139 49 145 125 29 102 77 172 148 94 118 161 193 158 27 131 176 97 21 106 
Maquina 9 : 82 154 55 135 93 174 42 144 48 187 177 185 110 197 20 115 10 88 76 15 150 
Maquina 10 : 182 6 45 112 1 109 159 162 171 69 95 39 111 81 181 32 65 137 37 
