Instance filename: ./instances/200jobs/instanceLarge1131_m=8_n=200_l=30_c=20_s=2.PMTC
Min temperature: 0.1
Max temperature: 0.5
Melhor Solução: 804
Temp div: 16
MCL: 400
PTL: 75000
Elapsed time was: 730578
Maquina 1 : 141 63 79 117 107 82 16 119 162 36 64 56 0 11 177 166 137 22 100 158 138 55 12 
Maquina 2 : 160 67 133 60 68 87 29 154 3 95 120 153 73 135 24 80 190 180 109 196 198 
Maquina 3 : 91 54 51 7 187 139 59 57 111 146 143 75 9 127 145 34 48 152 185 161 188 92 61 81 
Maquina 4 : 66 17 195 174 103 35 124 58 1 194 39 189 114 101 19 184 171 74 140 47 53 122 121 78 83 128 199 175 32 
Maquina 5 : 43 115 182 144 30 70 104 46 65 8 37 112 147 164 192 31 191 52 50 97 96 126 20 157 98 88 10 
Maquina 6 : 72 21 85 105 181 132 142 173 28 151 172 167 130 5 15 150 49 38 165 183 186 168 123 76 13 45 155 
Maquina 7 : 44 2 129 113 33 77 89 148 86 125 136 169 163 99 193 27 102 26 94 149 18 23 40 176 178 116 156 
Maquina 8 : 84 93 6 62 14 179 134 106 108 25 41 118 159 42 71 4 197 69 170 131 90 110 
