Instance filename: ./instances/200jobs/instanceLarge1341_m=10_n=200_l=30_c=10_s=2.PMTC
Min temperature: 0.1
Max temperature: 0.5
Melhor Solução: 646
Temp div: 16
MCL: 400
PTL: 75000
Elapsed time was: 560281
Maquina 1 : 31 76 144 51 16 32 128 39 43 18 26 83 91 49 137 99 157 111 
Maquina 2 : 184 93 105 71 11 61 129 73 68 178 156 132 3 123 100 46 145 113 4 116 140 
Maquina 3 : 181 101 125 193 136 160 27 139 0 135 62 84 35 141 8 126 29 127 41 171 74 
Maquina 4 : 92 185 195 177 121 60 67 28 149 17 30 112 56 199 54 162 80 50 183 53 151 
Maquina 5 : 42 150 153 148 182 179 169 94 44 138 98 107 5 198 89 188 196 118 90 
Maquina 6 : 152 12 13 72 70 163 87 14 174 77 154 168 25 24 164 190 40 103 117 197 81 
Maquina 7 : 167 194 130 176 47 69 58 146 88 64 45 172 19 158 10 34 109 191 161 9 
Maquina 8 : 75 186 63 55 189 37 79 159 133 108 78 180 65 166 36 33 1 38 119 59 
Maquina 9 : 82 15 21 7 134 155 124 86 102 106 147 143 23 20 104 6 115 120 131 175 96 
Maquina 10 : 110 114 187 95 2 48 66 57 173 85 122 170 22 97 52 192 165 142 
