Instance filename: ./instances/200jobs/instanceLarge1393_m=10_n=200_l=40_c=20_s=0.PMTC
Min temperature: 0.1
Max temperature: 0.5
Melhor Solução: 1447
Temp div: 16
MCL: 400
PTL: 75000
Elapsed time was: 1145698
Maquina 1 : 51 91 55 174 176 20 193 153 117 170 23 26 107 125 189 35 103 195 122 90 
Maquina 2 : 198 5 4 121 106 82 171 92 164 149 44 41 118 156 133 94 16 64 83 155 160 
Maquina 3 : 3 135 191 17 57 61 88 95 129 147 1 146 58 124 0 79 27 7 13 85 113 
Maquina 4 : 56 11 78 108 104 138 73 158 172 81 141 127 97 187 102 114 175 68 70 
Maquina 5 : 6 173 10 30 136 74 157 47 150 99 48 50 185 188 38 186 134 15 181 
Maquina 6 : 116 54 39 75 159 80 71 66 144 194 192 163 142 151 93 31 154 24 161 
Maquina 7 : 109 34 196 63 86 111 197 98 179 46 53 131 100 37 89 139 123 19 
Maquina 8 : 167 33 119 21 180 76 36 32 140 25 52 190 40 184 120 145 72 9 59 18 
Maquina 9 : 8 87 148 67 143 130 28 77 128 62 60 137 105 96 110 177 49 132 169 168 69 22 84 
Maquina 10 : 29 43 14 162 199 45 101 165 12 126 166 42 152 115 183 182 65 178 112 2 
