Instance filename: ./instances/200jobs/instanceLarge1085_m=8_n=200_l=30_c=10_s=1.PMTC
Min temperature: 0.1
Max temperature: 0.5
Melhor Solução: 2505
Temp div: 16
MCL: 400
PTL: 75000
Elapsed time was: 493882
Maquina 1 : 80 73 176 149 33 177 44 126 174 135 81 15 35 120 197 132 109 78 134 182 156 184 88 
Maquina 2 : 60 25 122 56 53 86 2 166 146 142 181 66 116 102 141 24 145 180 32 104 118 101 155 194 187 
Maquina 3 : 97 4 160 87 139 26 41 61 57 43 94 48 161 18 110 196 121 189 47 136 106 39 75 117 172 98 
Maquina 4 : 123 72 138 92 129 171 105 163 192 133 76 127 38 131 164 193 28 10 21 67 71 99 169 
Maquina 5 : 150 3 82 27 49 108 124 89 45 84 30 90 158 31 178 29 36 125 0 179 8 62 77 
Maquina 6 : 112 64 143 144 85 113 167 95 190 65 22 55 137 152 54 69 147 151 140 9 5 74 6 183 1 16 40 
Maquina 7 : 159 51 103 83 52 195 165 198 20 37 175 111 13 148 153 173 17 93 185 154 59 14 188 96 70 115 
Maquina 8 : 191 91 46 58 68 11 119 199 162 79 168 12 34 42 7 19 130 170 63 186 114 100 128 107 50 23 157 
