Instance filename: ./instances/200jobs/instanceLarge1052_m=7_n=200_l=40_c=30_s=1.PMTC
Min temperature: 0.1
Max temperature: 0.5
Melhor Solução: 4981
Temp div: 16
MCL: 400
PTL: 75000
Elapsed time was: 672550
Maquina 1 : 43 145 105 84 73 178 18 188 144 90 6 192 10 35 56 114 33 157 133 12 99 158 32 92 196 2 67 131 
Maquina 2 : 50 130 194 23 38 191 137 107 48 180 181 148 128 109 125 98 54 5 187 160 161 183 193 111 39 101 24 51 167 100 37 
Maquina 3 : 42 149 62 89 69 3 150 186 184 53 123 60 154 36 169 27 173 120 165 19 118 15 72 138 190 8 112 119 79 177 
Maquina 4 : 4 164 139 13 134 82 59 63 146 97 52 106 152 20 88 65 68 129 199 22 198 143 179 58 176 195 41 26 14 25 141 
Maquina 5 : 83 74 28 1 45 21 185 76 162 155 44 189 34 166 124 108 104 121 159 57 16 116 182 172 
Maquina 6 : 31 64 95 147 93 170 55 86 103 113 7 77 70 61 80 156 66 85 17 71 91 9 29 117 132 30 102 127 
Maquina 7 : 0 142 163 49 78 110 151 168 140 75 47 171 122 135 136 94 46 87 81 96 11 115 126 175 153 174 197 40 
