Instance filename: ./instances/200jobs/instanceLarge966_m=7_n=200_l=30_c=10_s=2.PMTC
Min temperature: 0.1
Max temperature: 0.5
Melhor Solução: 903
Temp div: 16
MCL: 400
PTL: 75000
Elapsed time was: 448856
Maquina 1 : 158 136 89 107 137 117 4 93 194 186 161 1 84 106 0 2 144 17 131 96 58 86 37 119 50 10 
Maquina 2 : 95 38 190 178 154 113 122 112 5 104 75 142 82 15 53 76 133 24 181 191 99 189 81 168 61 176 23 26 185 29 71 
Maquina 3 : 52 105 110 34 11 156 98 167 193 21 180 31 114 124 138 103 102 179 30 169 3 125 90 130 146 8 108 139 121 70 68 
Maquina 4 : 198 85 46 42 164 175 152 97 88 174 13 91 149 183 187 116 134 39 47 196 159 67 57 120 115 165 111 54 78 
Maquina 5 : 9 66 141 19 123 69 87 63 28 6 60 135 25 153 109 101 192 43 170 184 197 132 40 199 14 27 12 64 129 
Maquina 6 : 51 145 151 32 128 35 72 18 118 92 171 100 157 148 155 62 55 65 49 33 59 74 20 150 147 7 56 160 
Maquina 7 : 79 173 22 163 41 162 195 143 166 16 45 83 188 48 94 44 77 182 177 73 127 140 80 36 172 126 
