Instance filename: ./instances/200jobs/instanceLarge875_m=6_n=200_l=30_c=20_s=1.PMTC
Min temperature: 0.1
Max temperature: 0.5
Melhor Solução: 4123
Temp div: 16
MCL: 400
PTL: 75000
Elapsed time was: 944653
Maquina 1 : 38 182 10 131 179 126 175 68 164 94 129 71 20 101 105 165 149 67 188 86 152 78 130 3 25 52 154 103 109 115 181 172 186 128 
Maquina 2 : 0 187 104 12 9 166 123 193 191 162 77 37 22 132 8 161 44 138 169 159 156 116 23 18 151 176 41 111 163 17 
Maquina 3 : 63 88 139 114 127 196 83 174 19 7 32 79 113 87 185 58 147 43 11 21 29 93 189 119 51 160 199 49 136 69 91 64 75 140 
Maquina 4 : 134 148 184 1 96 70 107 55 195 92 117 106 125 73 81 45 61 197 28 158 98 135 133 76 66 47 82 34 124 85 108 121 
Maquina 5 : 62 26 42 190 46 60 180 167 4 39 84 72 65 15 192 59 6 112 142 153 35 178 120 95 90 13 171 157 168 89 16 
Maquina 6 : 122 145 97 155 177 5 40 48 194 30 170 137 27 100 183 143 50 99 2 53 24 33 57 141 31 118 198 56 74 146 150 173 36 54 110 14 102 80 144 
