Instance filename: ./instances/200jobs/instanceLarge934_m=6_n=200_l=40_c=30_s=0.PMTC
Min temperature: 0.1
Max temperature: 0.5
Melhor Solução: 2053
Temp div: 16
MCL: 400
PTL: 75000
Elapsed time was: 514790
Maquina 1 : 196 157 102 137 37 129 51 134 104 147 114 9 28 4 83 5 82 124 128 24 46 152 16 180 156 72 66 136 174 165 12 13 63 
Maquina 2 : 112 50 149 167 133 176 122 73 143 41 159 193 52 86 22 145 47 55 185 62 8 87 67 38 44 78 182 80 184 132 101 181 97 79 
Maquina 3 : 189 60 161 177 183 23 103 3 64 18 170 65 142 85 148 115 19 123 93 186 111 118 130 88 158 54 26 1 31 32 107 6 
Maquina 4 : 45 164 197 21 163 166 40 119 42 187 56 59 153 108 75 121 58 10 69 139 151 25 140 110 7 29 117 96 154 35 43 126 15 14 
Maquina 5 : 135 49 71 17 2 48 39 53 84 57 191 34 91 188 162 61 199 0 95 172 70 36 178 144 194 99 11 33 100 27 106 198 171 
Maquina 6 : 179 146 30 116 192 131 74 150 90 113 77 76 138 94 155 160 98 105 141 173 168 89 175 190 127 20 92 195 169 125 109 81 68 120 
