Instance filename: ./instances/200jobs/instanceLarge1392_m=10_n=200_l=40_c=20_s=2.PMTC
Min temperature: 0.1
Max temperature: 0.5
Melhor Solução: 633
Temp div: 16
MCL: 400
PTL: 75000
Elapsed time was: 996876
Maquina 1 : 32 140 76 36 41 21 25 49 52 51 186 120 178 87 8 159 35 189 107 195 127 
Maquina 2 : 193 26 50 48 161 153 34 109 154 150 184 43 0 123 53 135 155 94 
Maquina 3 : 138 64 133 16 149 82 54 188 83 65 20 156 116 129 17 185 164 61 171 44 
Maquina 4 : 118 2 66 90 151 31 130 106 199 147 168 4 191 62 33 95 88 57 38 101 
Maquina 5 : 18 117 174 91 37 55 73 126 67 85 108 198 122 40 5 121 6 144 124 136 
Maquina 6 : 30 68 173 10 99 114 45 175 119 14 162 142 84 22 69 132 169 
Maquina 7 : 29 71 157 197 179 98 46 196 112 165 19 100 160 3 72 145 166 146 104 92 141 
Maquina 8 : 158 102 172 81 93 103 70 59 9 97 24 187 47 190 170 134 63 131 
Maquina 9 : 78 113 111 11 56 13 27 7 79 58 163 192 77 167 89 139 194 80 75 
Maquina 10 : 181 39 15 12 152 182 183 115 42 180 23 125 86 148 1 28 110 128 177 96 105 176 143 137 74 60 
