Instance filename: ./instances/200jobs/instanceLarge847_m=6_n=200_l=30_c=10_s=0.PMTC
Min temperature: 0.1
Max temperature: 0.5
Melhor Solução: 1229
Temp div: 16
MCL: 400
PTL: 75000
Elapsed time was: 1102859
Maquina 1 : 109 17 82 131 174 118 100 33 10 167 184 12 32 132 54 143 61 182 3 96 197 199 189 43 148 176 58 62 117 99 181 94 
Maquina 2 : 107 142 137 49 141 110 24 180 140 44 158 156 121 77 162 154 75 187 173 5 93 2 74 34 29 65 165 39 15 87 40 23 41 185 138 128 
Maquina 3 : 48 116 11 84 0 78 155 196 71 193 139 172 83 124 125 22 153 175 70 177 133 122 35 18 105 159 67 157 136 1 103 179 88 50 16 90 
Maquina 4 : 113 134 72 152 190 19 198 76 160 147 53 183 194 106 20 161 101 28 115 144 66 27 57 114 86 120 55 127 188 
Maquina 5 : 36 52 146 14 80 186 166 178 38 92 104 95 26 135 45 79 163 68 37 102 47 126 150 13 25 108 89 164 91 6 30 
Maquina 6 : 63 129 8 73 64 46 85 192 69 21 59 51 98 42 169 123 81 112 145 149 97 7 171 191 195 168 31 60 56 111 119 151 4 170 130 9 
