Instance filename: ./instances/200jobs/instanceLarge1230_m=9_n=200_l=30_c=10_s=2.PMTC
Min temperature: 0.1
Max temperature: 0.5
Melhor Solução: 682
Temp div: 16
MCL: 400
PTL: 75000
Elapsed time was: 375870
Maquina 1 : 44 169 96 8 176 89 143 55 77 158 112 90 49 151 50 193 121 28 42 186 177 175 
Maquina 2 : 62 130 16 58 80 114 1 184 5 109 133 110 117 129 128 51 113 146 70 162 82 65 27 120 64 94 154 
Maquina 3 : 152 134 7 103 38 20 172 122 29 156 69 139 173 159 164 54 124 101 174 47 135 
Maquina 4 : 73 185 161 119 95 41 148 170 131 163 187 126 9 140 97 25 145 13 149 178 188 53 31 56 
Maquina 5 : 93 125 17 86 157 76 21 100 19 167 74 168 105 108 88 85 72 24 67 66 
Maquina 6 : 52 59 81 91 111 26 150 30 141 180 198 22 98 40 99 11 179 166 123 102 115 194 
Maquina 7 : 153 165 92 2 79 181 48 14 104 83 189 87 4 61 63 36 3 116 43 147 23 191 127 
Maquina 8 : 160 12 182 33 39 171 68 35 46 197 45 0 32 78 138 60 34 10 142 18 118 132 
Maquina 9 : 137 183 155 71 6 15 75 199 144 196 195 37 190 192 57 84 136 107 106 
