Instance filename: ./instances/200jobs/instanceLarge1086_m=8_n=200_l=30_c=10_s=2.PMTC
Min temperature: 0.1
Max temperature: 0.5
Melhor Solução: 822
Temp div: 16
MCL: 400
PTL: 75000
Elapsed time was: 434579
Maquina 1 : 171 75 72 121 127 128 3 89 178 84 183 90 158 30 31 27 45 106 47 192 21 193 
Maquina 2 : 71 10 99 67 129 151 108 92 123 172 98 39 136 117 166 182 64 95 77 86 40 
Maquina 3 : 113 167 190 111 94 48 196 110 131 161 189 145 32 118 187 104 101 180 97 160 134 194 155 139 138 
Maquina 4 : 146 53 103 149 124 80 73 33 42 93 157 23 79 162 169 197 150 177 16 44 126 174 61 142 116 56 88 2 
Maquina 5 : 18 60 176 25 54 152 147 69 22 85 112 55 83 137 74 14 8 96 24 1 81 135 
Maquina 6 : 78 109 102 59 188 141 115 191 58 199 11 119 41 179 49 65 68 0 156 132 28 120 144 195 165 15 175 198 20 36 
Maquina 7 : 35 37 13 153 70 148 170 114 186 63 82 133 105 163 76 38 34 12 164 19 7 130 168 107 154 17 185 173 
Maquina 8 : 46 91 100 4 87 57 184 43 26 50 122 125 29 5 140 143 9 62 159 66 6 51 52 181 
