Instance filename: ./instances/200jobs/instanceLarge858_m=6_n=200_l=30_c=10_s=2.PMTC
Min temperature: 0.1
Max temperature: 0.5
Melhor Solução: 1097
Temp div: 16
MCL: 400
PTL: 75000
Elapsed time was: 464101
Maquina 1 : 193 71 172 196 139 11 25 116 48 34 153 175 70 79 177 53 133 183 20 147 161 106 9 194 101 63 37 163 64 179 143 85 
Maquina 2 : 47 126 129 2 156 173 77 121 5 0 93 187 162 45 68 125 80 55 97 31 190 164 75 13 118 56 102 150 122 166 186 82 159 35 151 67 157 18 
Maquina 3 : 136 1 182 103 87 88 117 73 6 52 30 23 96 91 197 169 51 46 98 84 189 43 148 83 99 142 62 94 127 36 188 14 28 146 38 
Maquina 4 : 124 131 42 22 44 174 160 89 33 54 10 100 154 199 3 111 15 119 130 60 65 72 105 39 29 178 152 134 90 
Maquina 5 : 50 16 113 108 195 168 171 7 191 61 112 149 145 81 123 69 4 17 59 109 138 170 128 185 41 155 165 176 57 114 58 120 
Maquina 6 : 27 144 66 86 132 184 32 12 40 167 115 78 104 158 92 95 135 26 8 76 181 198 19 49 74 21 141 110 24 107 137 192 180 140 
