Instance filename: ./instances/200jobs/instanceLarge1221_m=9_n=200_l=30_c=10_s=2.PMTC
Min temperature: 0.1
Max temperature: 0.5
Melhor Solução: 709
Temp div: 16
MCL: 400
PTL: 75000
Elapsed time was: 415997
Maquina 1 : 80 16 71 78 34 15 196 195 175 98 176 37 38 130 62 121 58 114 179 40 22 
Maquina 2 : 180 141 26 24 72 30 2 83 104 189 199 165 153 92 194 14 115 77 90 159 55 143 163 51 6 161 
Maquina 3 : 148 187 75 144 146 95 120 27 184 1 160 12 127 46 191 43 147 23 
Maquina 4 : 192 116 3 4 61 63 79 31 178 53 188 170 131 101 41 171 65 32 111 113 59 
Maquina 5 : 66 81 150 52 182 0 151 68 87 49 35 89 197 193 122 139 173 69 172 29 48 156 9 
Maquina 6 : 20 181 7 19 100 25 8 145 149 190 13 125 137 155 118 18 142 10 134 109 56 132 119 198 
Maquina 7 : 103 158 177 186 112 5 129 70 140 117 110 152 133 128 105 164 124 185 54 169 44 
Maquina 8 : 96 64 154 94 138 36 33 102 166 39 57 107 106 136 123 84 60 135 47 183 73 97 174 
Maquina 9 : 86 157 76 67 17 45 93 88 108 85 168 162 74 21 167 91 82 42 50 11 126 28 99 
