Instance filename: ./instances/200jobs/instanceLarge1093_m=8_n=200_l=30_c=10_s=0.PMTC
Min temperature: 0.1
Max temperature: 0.5
Melhor Solução: 1350
Temp div: 16
MCL: 400
PTL: 75000
Elapsed time was: 643267
Maquina 1 : 66 24 141 5 92 149 132 97 81 102 73 80 33 19 183 197 177 16 44 126 1 174 142 60 56 88 
Maquina 2 : 2 18 176 53 188 182 96 170 113 64 112 14 74 8 0 125 179 45 156 90 84 30 3 108 
Maquina 3 : 89 124 128 172 173 93 100 103 148 13 70 32 145 120 35 165 131 15 175 198 20 37 144 71 160 106 47 
Maquina 4 : 121 104 189 161 196 48 178 94 61 29 143 50 154 42 157 23 162 169 107 168 12 79 34 164 7 
Maquina 5 : 181 91 43 57 110 184 87 4 26 27 139 40 49 41 122 190 167 111 17 72 185 46 85 191 115 58 68 119 11 
Maquina 6 : 153 129 116 199 67 150 99 38 28 193 36 21 10 133 82 163 158 105 114 63 31 171 
Maquina 7 : 127 86 98 75 136 117 39 166 25 146 123 138 77 83 137 65 147 152 54 69 22 55 140 151 9 
Maquina 8 : 159 6 62 51 195 186 52 59 109 95 78 76 192 135 130 187 194 101 180 134 155 118 
