Instance filename: ./instances/200jobs/instanceLarge1265_m=9_n=200_l=40_c=20_s=1.PMTC
Min temperature: 0.1
Max temperature: 0.5
Melhor Solução: 2858
Temp div: 16
MCL: 400
PTL: 75000
Elapsed time was: 1016557
Maquina 1 : 40 96 45 4 29 49 126 48 85 105 166 70 92 1 64 72 147 182 0 84 130 112 22 
Maquina 2 : 191 83 129 95 190 187 114 59 113 73 150 156 117 111 109 131 99 100 54 32 141 171 164 
Maquina 3 : 7 116 137 41 179 82 188 69 35 134 139 23 77 11 145 6 133 103 
Maquina 4 : 2 52 173 39 34 155 162 142 125 86 169 5 19 60 148 197 26 123 17 185 174 
Maquina 5 : 87 122 127 132 175 63 44 167 50 75 124 108 180 42 144 121 8 57 90 102 183 76 198 
Maquina 6 : 31 110 78 68 163 46 193 58 16 3 13 120 37 128 14 56 28 47 55 107 25 61 152 
Maquina 7 : 71 177 97 74 24 154 189 80 151 62 143 88 135 165 170 149 81 186 106 159 
Maquina 8 : 196 38 21 153 53 118 66 89 178 51 9 172 104 136 43 98 199 91 79 158 20 94 119 12 184 
Maquina 9 : 67 157 168 192 115 140 33 27 10 195 176 101 194 93 138 30 181 146 160 161 18 15 65 36 
