Instance filename: ./instances/200jobs/instanceLarge1408_m=10_n=200_l=40_c=20_s=0.PMTC
Min temperature: 0.1
Max temperature: 0.5
Melhor Solução: 1756
Temp div: 16
MCL: 400
PTL: 75000
Elapsed time was: 739592
Maquina 1 : 26 180 50 107 125 189 78 35 103 195 198 122 5 121 173 136 68 30 6 177 
Maquina 2 : 110 96 97 70 81 59 9 24 145 114 175 123 63 190 131 
Maquina 3 : 53 40 88 191 2 83 3 155 129 116 61 17 133 156 10 118 44 185 66 
Maquina 4 : 82 16 164 171 19 21 54 144 89 139 167 199 33 192 163 58 100 146 79 106 126 37 49 
Maquina 5 : 8 120 64 13 56 11 113 138 41 85 94 67 73 108 160 7 87 93 151 
Maquina 6 : 186 104 48 153 150 0 109 184 135 98 23 86 111 99 27 179 47 34 161 
Maquina 7 : 193 90 76 154 158 172 32 36 140 25 52 72 20 51 43 95 91 38 117 174 
Maquina 8 : 55 187 169 188 134 65 102 4 18 15 159 39 181 75 148 80 71 194 197 157 74 
Maquina 9 : 62 128 176 105 60 137 149 141 130 127 28 143 92 1 142 31 196 178 112 77 
Maquina 10 : 124 46 14 162 101 170 57 119 45 165 12 166 152 115 183 42 147 182 168 132 29 22 84 69 
