Instance filename: ./instances/200jobs/instanceLarge935_m=6_n=200_l=40_c=30_s=1.PMTC
Min temperature: 0.1
Max temperature: 0.5
Melhor Solução: 5632
Temp div: 16
MCL: 400
PTL: 75000
Elapsed time was: 982383
Maquina 1 : 54 124 60 161 63 14 135 2 180 169 74 37 129 156 160 185 62 8 197 38 43 128 24 46 55 82 5 140 31 98 19 105 17 71 49 
Maquina 2 : 69 56 153 59 188 21 34 107 32 16 152 28 1 4 87 159 171 100 198 27 138 144 194 99 11 35 117 29 96 146 106 30 116 192 131 
Maquina 3 : 139 166 127 190 175 89 168 118 130 77 76 183 84 57 191 91 162 61 199 173 141 103 78 23 178 120 151 36 26 3 164 
Maquina 4 : 6 45 134 113 90 150 102 137 157 196 136 181 187 179 42 40 174 126 15 119 33 68 81 125 44 104 148 147 13 12 165 94 
Maquina 5 : 182 132 67 154 101 184 80 186 88 115 20 158 93 163 48 39 53 195 70 114 109 155 79 9 97 189 51 72 10 58 111 177 123 
Maquina 6 : 22 193 86 52 145 47 112 149 50 167 85 142 65 170 18 25 64 7 110 121 108 75 83 176 122 133 73 143 41 66 92 0 95 172 
