Instance filename: ./instances/200jobs/instanceLarge1389_m=10_n=200_l=40_c=20_s=2.PMTC
Min temperature: 0.1
Max temperature: 0.5
Melhor Solução: 615
Temp div: 16
MCL: 400
PTL: 75000
Elapsed time was: 702555
Maquina 1 : 26 195 107 74 193 189 35 111 98 125 45 23 86 175 181 108 137 73 
Maquina 2 : 85 94 90 1 110 68 173 160 30 136 6 177 70 122 50 143 148 28 81 141 104 172 
Maquina 3 : 158 127 47 78 11 113 95 185 138 3 191 2 155 146 64 13 120 8 52 
Maquina 4 : 126 140 32 25 36 60 21 66 92 48 99 186 178 128 188 87 102 49 196 77 123 19 187 96 97 9 24 
Maquina 5 : 59 72 145 156 7 133 38 106 151 31 93 56 150 184 63 109 34 154 76 161 190 
Maquina 6 : 179 103 53 131 37 100 58 163 192 33 144 167 130 142 89 139 194 
Maquina 7 : 71 157 169 197 69 29 84 43 182 115 132 42 147 183 168 180 61 17 129 88 
Maquina 8 : 164 83 134 75 15 116 39 80 152 65 135 18 4 5 54 44 118 
Maquina 9 : 10 114 121 149 82 16 171 112 170 40 166 198 46 27 79 0 14 124 101 199 162 
Maquina 10 : 22 119 159 165 57 67 62 12 176 105 174 153 117 20 41 55 91 51 
