Instance filename: ./instances/200jobs/instanceLarge1224_m=9_n=200_l=30_c=10_s=2.PMTC
Min temperature: 0.1
Max temperature: 0.5
Melhor Solução: 731
Temp div: 16
MCL: 400
PTL: 75000
Elapsed time was: 731925
Maquina 1 : 190 145 8 25 149 188 178 3 137 183 155 4 13 53 97 61 119 102 120 63 65 170 
Maquina 2 : 131 1 27 161 75 109 148 198 146 187 51 6 5 41 117 70 86 140 
Maquina 3 : 44 96 64 154 152 142 118 138 34 94 69 129 173 172 29 122 156 9 167 74 82 58 184 50 110 42 175 
Maquina 4 : 158 130 177 62 121 47 95 199 106 136 60 107 57 84 125 100 157 76 28 21 36 43 
Maquina 5 : 45 147 116 192 23 114 180 22 30 26 141 162 113 163 20 103 38 98 134 132 80 16 193 
Maquina 6 : 71 15 144 18 196 176 195 46 78 197 37 0 181 48 92 40 179 49 111 
Maquina 7 : 79 35 127 66 59 99 81 52 11 151 91 166 123 182 160 12 39 33 135 186 191 153 165 7 168 
Maquina 8 : 104 83 31 56 93 17 108 88 67 150 128 133 164 85 19 2 32 72 10 171 
Maquina 9 : 24 73 68 105 169 124 185 54 174 14 101 189 194 115 77 90 143 55 159 126 87 112 139 89 
