Instance filename: ./instances/200jobs/instanceLarge956_m=6_n=200_l=40_c=30_s=1.PMTC
Min temperature: 0.1
Max temperature: 0.5
Melhor Solução: 5651
Temp div: 16
MCL: 400
PTL: 75000
Elapsed time was: 474207
Maquina 1 : 51 44 125 81 68 120 133 37 102 157 196 155 189 136 103 23 73 143 41 115 121 186 93 123 166 163 177 111 58 10 87 38 
Maquina 2 : 8 62 167 85 142 65 170 18 25 64 7 110 158 129 113 77 130 118 168 89 141 69 153 59 132 184 101 154 67 45 96 112 47 
Maquina 3 : 145 22 193 52 86 27 159 144 194 99 11 188 21 185 139 151 127 190 20 92 195 0 95 30 146 179 171 198 100 106 33 35 84 57 124 54 
Maquina 4 : 183 48 39 53 114 28 4 1 34 91 119 15 126 174 40 181 165 50 149 16 6 107 32 197 150 192 90 131 74 116 169 109 56 71 
Maquina 5 : 49 135 14 2 180 156 160 72 175 17 97 79 9 78 178 36 26 70 172 117 75 108 176 122 83 148 134 164 3 199 61 162 43 128 
Maquina 6 : 24 46 191 55 187 42 5 82 140 31 19 98 105 173 29 88 80 182 94 138 76 152 60 161 66 12 13 63 137 147 104 
