Instance filename: ./instances/200jobs/instanceLarge867_m=6_n=200_l=30_c=10_s=2.PMTC
Min temperature: 0.1
Max temperature: 0.5
Melhor Solução: 1053
Temp div: 16
MCL: 400
PTL: 75000
Elapsed time was: 368106
Maquina 1 : 156 85 121 154 131 10 100 28 82 109 174 172 155 84 0 165 196 139 116 170 48 169 197 96 168 191 171 7 97 31 118 13 102 25 125 70 
Maquina 2 : 175 193 177 153 124 20 159 183 147 53 133 9 194 19 198 71 164 91 161 151 75 104 11 115 127 86 90 120 176 114 57 27 157 144 
Maquina 3 : 3 66 111 15 119 130 60 65 35 72 108 101 34 166 178 80 18 67 56 173 122 55 149 4 112 5 93 189 76 188 36 99 62 
Maquina 4 : 87 94 181 162 187 74 126 110 24 107 180 6 138 150 44 105 89 182 39 29 192 136 2 199 143 61 117 58 43 148 83 167 
Maquina 5 : 12 78 40 184 32 106 33 54 88 132 50 52 134 16 113 103 1 77 137 92 158 95 49 142 141 73 26 79 38 190 8 152 
Maquina 6 : 14 146 186 195 47 129 179 64 63 46 30 23 185 41 160 22 42 21 128 98 59 51 140 69 145 81 123 17 163 45 68 37 135 
