Instance filename: ./instances/200jobs/instanceLarge995_m=7_n=200_l=30_c=20_s=1.PMTC
Min temperature: 0.1
Max temperature: 0.5
Melhor Solução: 3581
Temp div: 16
MCL: 400
PTL: 75000
Elapsed time was: 743454
Maquina 1 : 78 128 122 192 90 39 65 52 73 8 171 30 154 2 98 55 85 100 113 158 167 72 34 120 53 130 47 
Maquina 2 : 56 41 54 114 136 117 77 57 1 9 50 119 27 102 16 160 151 60 155 184 37 31 70 162 40 135 7 69 
Maquina 3 : 44 84 107 179 193 190 144 138 12 62 66 165 96 182 153 178 17 18 129 88 194 168 64 14 164 21 19 199 
Maquina 4 : 176 83 79 48 67 89 140 118 3 125 157 92 71 86 110 131 99 174 45 177 121 132 81 6 152 11 141 195 
Maquina 5 : 111 148 76 5 24 112 23 97 82 29 127 173 22 63 43 36 180 0 196 42 159 126 80 156 147 106 61 150 87 15 172 95 185 
Maquina 6 : 175 38 91 32 186 51 115 46 59 124 101 189 166 163 94 149 33 109 4 145 25 170 26 68 134 146 
Maquina 7 : 139 74 183 104 103 161 137 169 197 28 35 133 191 93 198 116 49 75 143 142 20 108 123 10 187 58 13 188 181 105 
