Instance filename: ./instances/200jobs/instanceLarge1322_m=10_n=200_l=30_c=10_s=1.PMTC
Min temperature: 0.1
Max temperature: 0.5
Melhor Solução: 1951
Temp div: 16
MCL: 400
PTL: 75000
Elapsed time was: 676794
Maquina 1 : 100 123 46 3 130 171 95 41 175 187 114 96 136 2 80 149 196 66 170 
Maquina 2 : 90 188 118 132 182 74 195 92 34 28 134 174 185 1 48 178 67 160 
Maquina 3 : 145 113 116 85 179 75 198 13 107 98 44 138 8 72 70 14 87 164 7 
Maquina 4 : 155 163 154 156 10 21 169 101 77 24 4 12 140 168 190 103 117 197 
Maquina 5 : 167 146 176 58 47 71 122 99 91 49 26 73 11 129 110 166 43 36 105 61 184 111 
Maquina 6 : 137 78 6 162 120 104 31 173 143 81 69 194 20 157 177 51 133 193 180 191 60 121 
Maquina 7 : 39 139 0 135 35 84 126 62 141 27 125 19 152 127 109 40 23 147 161 29 186 131 
Maquina 8 : 9 189 37 55 59 79 89 183 50 53 42 153 150 148 144 63 93 181 57 68 16 
Maquina 9 : 76 32 94 115 56 106 17 112 5 142 22 97 30 192 165 52 172 33 
Maquina 10 : 158 64 159 45 25 88 108 83 82 15 65 124 151 119 38 102 199 128 86 18 54 
