Instance filename: ./instances/200jobs/instanceLarge1266_m=9_n=200_l=40_c=20_s=2.PMTC
Min temperature: 0.1
Max temperature: 0.5
Melhor Solução: 749
Temp div: 16
MCL: 400
PTL: 75000
Elapsed time was: 1444410
Maquina 1 : 74 52 149 103 67 53 69 169 119 131 64 28 68 91 79 94 117 198 110 31 173 
Maquina 2 : 59 125 114 109 33 95 20 73 150 156 111 93 141 144 133 24 137 121 116 171 164 175 7 163 99 
Maquina 3 : 100 161 42 54 84 32 36 18 15 65 29 4 126 71 154 143 62 66 80 83 45 
Maquina 4 : 135 19 128 181 184 47 12 188 146 3 82 30 41 197 130 129 22 162 112 39 88 123 35 157 
Maquina 5 : 138 0 37 1 199 96 182 153 158 25 61 38 196 145 159 187 21 177 190 
Maquina 6 : 151 165 189 34 179 87 17 185 58 142 46 5 13 120 193 16 11 107 191 49 136 9 178 104 
Maquina 7 : 78 51 118 113 23 89 176 195 10 27 168 140 192 115 155 147 48 105 194 70 
Maquina 8 : 85 166 92 72 40 139 134 77 43 127 102 160 50 2 132 44 98 81 108 180 63 124 172 167 6 
Maquina 9 : 148 60 26 101 170 55 106 8 75 174 57 14 90 186 122 183 97 152 86 76 56 
