Instance filename: ./instances/200jobs/instanceLarge1161_m=8_n=200_l=40_c=20_s=2.PMTC
Min temperature: 0.1
Max temperature: 0.5
Melhor Solução: 805
Temp div: 16
MCL: 400
PTL: 75000
Elapsed time was: 498388
Maquina 1 : 90 5 37 105 163 17 62 20 174 85 172 44 66 86 118 106 32 64 147 49 87 42 97 132 151 182 
Maquina 2 : 82 81 69 176 16 184 2 173 177 31 30 133 18 4 76 115 61 100 41 146 13 25 117 8 158 113 7 109 126 34 179 
Maquina 3 : 28 127 9 36 27 131 21 40 80 65 187 39 149 129 107 0 96 92 45 156 77 43 75 
Maquina 4 : 29 47 157 63 111 73 166 114 168 192 35 48 83 67 12 74 181 53 190 78 122 140 11 23 137 
Maquina 5 : 143 3 180 134 165 170 145 116 102 57 199 72 56 141 26 120 24 71 54 70 150 
Maquina 6 : 193 19 89 191 99 148 55 152 161 167 121 189 14 124 94 58 169 1 183 88 139 135 197 153 185 154 
Maquina 7 : 59 171 160 136 38 186 95 198 51 123 22 155 10 6 98 33 119 196 110 104 144 84 91 178 
Maquina 8 : 50 68 46 112 142 188 164 138 103 125 52 15 108 101 175 195 93 159 79 194 60 162 130 128 
