Instance filename: ./instances/200jobs/instanceLarge1010_m=7_n=200_l=30_c=20_s=1.PMTC
Min temperature: 0.1
Max temperature: 0.5
Melhor Solução: 3643
Temp div: 16
MCL: 400
PTL: 75000
Elapsed time was: 422398
Maquina 1 : 141 85 5 111 148 107 193 179 54 159 44 69 7 135 40 183 74 167 34 28 190 35 97 112 24 82 123 59 16 
Maquina 2 : 27 13 101 119 199 83 176 79 62 19 21 100 0 164 64 93 99 56 157 110 96 46 115 116 143 142 49 75 20 
Maquina 3 : 127 29 14 182 160 151 17 155 124 163 154 137 45 51 189 166 94 33 149 109 60 4 145 25 170 81 132 174 121 
Maquina 4 : 6 91 177 95 185 36 89 118 125 92 133 3 38 186 32 191 108 31 70 162 184 98 37 23 102 153 178 
Maquina 5 : 146 30 175 42 55 2 113 76 158 120 72 41 68 47 130 195 122 128 139 90 192 78 169 9 50 77 57 117 
Maquina 6 : 136 114 58 187 86 71 39 65 53 66 138 12 52 48 67 26 87 15 150 61 106 156 147 80 131 43 198 180 63 
Maquina 7 : 105 173 10 188 22 1 168 126 181 129 88 194 18 161 104 172 197 103 11 8 73 171 165 84 196 144 152 140 134 
