Instance filename: ./instances/200jobs/instanceLarge1115_m=8_n=200_l=30_c=20_s=1.PMTC
Min temperature: 0.1
Max temperature: 0.5
Melhor Solução: 3248
Temp div: 16
MCL: 400
PTL: 75000
Elapsed time was: 1033276
Maquina 1 : 99 102 94 26 149 18 41 23 40 166 84 100 11 137 177 15 158 55 54 22 86 93 148 125 117 87 89 77 33 
Maquina 2 : 113 129 70 155 116 63 42 71 17 162 64 16 82 66 81 73 44 110 146 4 69 131 154 29 170 68 
Maquina 3 : 133 67 12 160 30 60 174 52 159 65 8 90 112 79 37 14 179 168 165 49 38 186 
Maquina 4 : 150 78 164 192 92 104 46 147 188 161 139 126 185 167 28 130 172 163 169 36 0 56 182 180 109 
Maquina 5 : 196 198 91 134 106 5 141 45 61 195 142 97 50 20 31 191 3 157 98 107 88 10 27 
Maquina 6 : 95 120 153 152 48 34 197 145 1 9 75 57 59 121 83 122 35 124 58 193 194 39 103 189 114 136 119 
Maquina 7 : 127 62 6 156 21 47 53 25 171 184 101 74 176 80 178 187 183 7 51 24 2 108 76 123 13 
Maquina 8 : 135 138 118 72 85 181 105 190 132 96 19 151 173 111 143 140 128 199 175 32 43 115 144 
