Instance filename: ./instances/200jobs/instanceLarge1124_m=8_n=200_l=30_c=20_s=1.PMTC
Min temperature: 0.1
Max temperature: 0.5
Melhor Solução: 3285
Temp div: 16
MCL: 400
PTL: 75000
Elapsed time was: 672046
Maquina 1 : 110 90 131 69 174 52 184 66 21 156 54 53 98 107 10 116 88 117 63 79 96 141 15 130 167 28 172 173 
Maquina 2 : 97 50 20 191 31 186 38 49 150 78 164 192 92 147 104 46 65 8 159 112 4 91 198 196 109 180 
Maquina 3 : 190 80 176 1 178 187 40 23 60 18 153 157 152 48 188 146 51 111 22 166 158 55 
Maquina 4 : 43 182 115 142 144 30 70 149 183 62 119 136 114 189 39 194 103 58 7 139 59 193 124 35 122 47 
Maquina 5 : 74 140 171 161 175 199 128 83 32 127 42 71 126 155 44 2 45 129 41 113 33 77 89 148 
Maquina 6 : 86 11 121 6 93 100 84 137 177 143 75 9 17 57 145 151 34 135 24 168 13 123 76 165 125 101 
Maquina 7 : 25 169 163 99 102 94 27 26 120 82 95 3 29 87 154 170 68 133 197 67 81 12 160 105 61 195 132 
Maquina 8 : 181 85 72 118 138 73 179 14 37 108 5 134 106 19 185 16 162 64 36 56 0 
