Instance filename: ./instances/200jobs/instanceLarge1051_m=7_n=200_l=40_c=30_s=0.PMTC
Min temperature: 0.1
Max temperature: 0.5
Melhor Solução: 4250
Temp div: 16
MCL: 400
PTL: 75000
Elapsed time was: 435559
Maquina 1 : 9 132 91 71 17 85 66 33 157 40 197 174 153 133 155 32 152 106 52 81 63 146 97 117 125 179 29 
Maquina 2 : 148 48 180 21 45 187 160 161 183 193 111 8 164 4 185 76 139 13 134 82 59 22 69 130 89 135 136 46 100 58 
Maquina 3 : 128 109 156 140 166 10 35 16 186 150 3 184 60 28 74 83 165 175 50 19 120 118 2 196 72 92 47 171 122 75 107 
Maquina 4 : 87 110 78 49 11 96 53 37 169 36 154 126 27 34 162 127 0 65 143 198 191 159 121 68 73 105 84 145 43 189 115 
Maquina 5 : 102 70 77 80 61 113 7 42 149 124 108 101 129 30 131 94 176 199 98 54 5 18 67 163 142 181 1 62 20 88 
Maquina 6 : 178 158 56 188 90 39 6 192 15 138 190 99 24 123 167 51 194 23 112 25 151 144 119 79 12 177 
Maquina 7 : 26 114 38 103 86 173 170 55 44 168 141 14 41 195 137 93 147 95 64 31 172 182 116 104 57 
