Instance filename: ./instances/200jobs/instanceLarge1194_m=8_n=200_l=40_c=30_s=2.PMTC
Min temperature: 0.1
Max temperature: 0.5
Melhor Solução: 802
Temp div: 16
MCL: 400
PTL: 75000
Elapsed time was: 430880
Maquina 1 : 61 23 175 7 166 58 81 121 106 193 6 4 28 110 102 147 54 96 26 195 78 113 75 94 185 82 103 70 
Maquina 2 : 138 170 88 49 157 44 143 109 127 145 133 139 87 16 186 15 159 107 31 188 22 10 
Maquina 3 : 117 3 140 167 89 146 92 141 135 148 13 176 104 190 149 126 74 177 37 45 41 128 123 66 14 198 
Maquina 4 : 122 57 161 77 129 20 100 91 27 181 164 83 162 79 17 12 178 9 63 21 47 46 1 130 144 179 59 
Maquina 5 : 39 86 0 29 34 137 105 80 168 73 85 8 150 171 158 182 184 132 43 36 187 101 125 25 76 
Maquina 6 : 33 151 52 189 114 40 60 24 32 42 30 172 72 19 155 108 111 65 173 98 62 35 84 156 90 136 
Maquina 7 : 165 95 118 131 183 99 64 169 67 115 53 11 120 192 154 134 71 5 68 119 51 191 180 160 48 
Maquina 8 : 93 2 196 199 50 97 197 38 112 18 124 174 69 142 194 56 163 152 116 153 55 
