Instance filename: ./instances/200jobs/instanceLarge1071_m=7_n=200_l=40_c=30_s=2.PMTC
Min temperature: 0.1
Max temperature: 0.5
Melhor Solução: 934
Temp div: 16
MCL: 400
PTL: 75000
Elapsed time was: 902623
Maquina 1 : 43 145 144 119 79 177 4 84 105 148 199 138 48 128 66 112 65 20 92 152 106 32 155 68 168 160 109 156 
Maquina 2 : 140 33 35 10 192 6 175 56 188 90 39 180 83 25 141 14 26 41 195 176 58 127 0 142 163 67 18 5 
Maquina 3 : 54 98 125 121 42 124 108 159 198 186 134 133 153 174 197 40 157 61 8 193 183 161 162 76 185 21 45 73 187 53 123 
Maquina 4 : 169 36 27 34 154 37 96 166 11 115 49 78 110 151 143 149 131 102 30 129 75 38 107 137 191 23 194 
Maquina 5 : 51 167 100 24 99 111 12 158 2 196 178 62 1 181 89 130 69 81 87 46 136 94 179 132 135 88 173 126 86 103 7 
Maquina 6 : 113 85 17 71 91 9 29 117 52 164 72 139 59 82 63 146 97 16 114 22 47 171 122 3 150 184 60 28 74 165 120 
Maquina 7 : 19 118 15 189 44 55 170 93 147 95 64 31 172 182 116 104 57 13 80 77 70 101 50 190 
