Instance filename: ./instances/200jobs/instanceLarge961_m=7_n=200_l=30_c=10_s=0.PMTC
Min temperature: 0.1
Max temperature: 0.5
Melhor Solução: 1230
Temp div: 16
MCL: 400
PTL: 75000
Elapsed time was: 596949
Maquina 1 : 177 151 134 10 50 5 37 32 38 58 96 176 61 168 99 81 189 15 53 181 119 54 78 9 66 19 141 3 
Maquina 2 : 192 93 25 153 97 117 100 137 72 29 118 185 105 142 104 198 152 115 85 120 175 150 164 47 26 131 80 123 87 69 
Maquina 3 : 4 128 183 76 79 163 101 162 158 136 8 107 165 167 11 18 139 46 71 42 70 121 68 186 74 86 148 20 
Maquina 4 : 30 194 59 65 62 55 49 156 155 33 1 161 190 77 90 111 178 48 44 94 127 188 36 73 140 182 
Maquina 5 : 172 67 159 17 191 57 160 126 2 144 187 106 6 0 52 88 40 116 98 63 154 135 60 28 64 109 91 170 95 41 
Maquina 6 : 166 16 45 143 195 22 108 84 56 39 147 174 149 193 13 21 180 31 122 124 138 102 114 35 89 92 171 157 
Maquina 7 : 125 130 82 133 113 112 75 24 146 83 179 34 110 103 169 199 14 132 27 145 12 51 7 43 129 23 184 173 197 196 
