Instance filename: ./instances/200jobs/instanceLarge1439_m=10_n=200_l=40_c=30_s=1.PMTC
Min temperature: 0.1
Max temperature: 0.5
Melhor Solução: 3280
Temp div: 16
MCL: 400
PTL: 75000
Elapsed time was: 401264
Maquina 1 : 35 136 120 191 29 159 15 54 59 140 28 10 89 87 81 152 22 110 193 
Maquina 2 : 197 126 67 48 158 165 56 42 106 177 129 63 150 51 175 182 100 183 88 157 
Maquina 3 : 146 133 41 19 21 85 94 17 65 16 108 162 97 30 24 113 187 61 12 23 74 92 
Maquina 4 : 186 155 50 95 80 139 1 153 62 2 196 181 138 82 171 
Maquina 5 : 122 37 176 76 189 45 57 117 115 53 148 4 156 137 0 11 98 128 6 
Maquina 6 : 31 170 178 20 144 119 60 118 149 116 83 7 199 84 163 185 86 145 38 198 169 131 
Maquina 7 : 8 78 124 154 127 101 25 71 32 107 34 73 195 68 52 109 14 151 44 40 39 
Maquina 8 : 164 69 123 141 102 112 5 111 27 103 96 130 190 160 135 194 66 13 
Maquina 9 : 90 172 9 49 64 75 105 79 168 33 179 134 58 93 192 43 18 174 173 72 147 180 188 
Maquina 10 : 99 132 77 167 125 3 114 46 142 184 70 143 121 47 104 26 166 91 55 161 36 
