Instance filename: ./instances/200jobs/instanceLarge1236_m=9_n=200_l=30_c=20_s=2.PMTC
Min temperature: 0.1
Max temperature: 0.5
Melhor Solução: 739
Temp div: 16
MCL: 400
PTL: 75000
Elapsed time was: 1142626
Maquina 1 : 158 46 172 5 42 61 2 6 129 17 4 146 53 3 157 98 109 101 41 137 194 153 
Maquina 2 : 116 91 155 102 16 81 196 39 154 87 161 27 49 29 25 118 73 175 190 140 52 36 120 34 160 191 165 113 
Maquina 3 : 189 9 24 192 90 114 142 8 178 15 150 104 180 119 115 126 47 66 170 
Maquina 4 : 197 163 13 69 67 111 14 55 72 171 94 88 131 156 96 26 19 110 37 128 68 76 147 
Maquina 5 : 105 0 22 63 167 54 122 21 56 78 149 75 92 50 124 64 93 133 135 7 121 59 103 
Maquina 6 : 95 10 195 18 125 166 85 62 186 182 177 86 77 45 176 12 70 164 11 74 
Maquina 7 : 144 99 187 188 28 32 198 181 123 179 185 40 117 169 82 183 44 136 60 168 30 71 127 
Maquina 8 : 193 58 139 33 38 97 162 89 31 148 152 57 35 107 159 130 106 173 65 199 
Maquina 9 : 174 138 108 43 48 143 83 141 51 145 112 20 84 132 1 23 134 184 151 79 100 80 
