Instance filename: ./instances/200jobs/instanceLarge981_m=7_n=200_l=30_c=10_s=2.PMTC
Min temperature: 0.1
Max temperature: 0.5
Melhor Solução: 879
Temp div: 16
MCL: 400
PTL: 75000
Elapsed time was: 647451
Maquina 1 : 92 171 157 55 100 49 185 102 89 12 74 68 42 80 71 46 139 152 175 85 104 164 107 174 149 116 39 47 134 169 183 
Maquina 2 : 88 51 145 151 23 177 26 69 123 141 19 66 13 70 117 29 105 113 75 9 84 167 98 122 31 37 193 21 11 180 82 
Maquina 3 : 2 97 6 147 131 135 60 109 101 153 25 184 197 196 27 129 7 35 64 118 8 198 108 22 195 
Maquina 4 : 163 56 150 143 45 50 10 96 32 58 99 38 91 181 191 154 5 24 142 53 194 127 126 176 61 189 81 168 
Maquina 5 : 186 76 52 87 121 0 40 106 136 78 17 54 165 111 159 67 57 120 115 93 172 140 36 73 94 44 48 182 192 90 
Maquina 6 : 199 144 130 14 146 103 110 179 34 83 188 173 137 178 119 112 77 190 161 1 124 114 138 128 72 18 
Maquina 7 : 4 187 156 62 15 33 65 59 86 148 20 30 63 28 3 160 132 125 133 79 158 170 162 155 43 95 41 166 16 
