Instance filename: ./instances/200jobs/instanceLarge992_m=7_n=200_l=30_c=20_s=1.PMTC
Min temperature: 0.1
Max temperature: 0.5
Melhor Solução: 3501
Temp div: 16
MCL: 400
PTL: 75000
Elapsed time was: 886291
Maquina 1 : 158 120 34 181 42 26 115 51 186 32 191 96 46 116 143 49 75 103 146 161 104 195 183 7 40 168 188 1 
Maquina 2 : 173 22 105 63 180 198 165 43 93 164 142 97 189 77 166 79 83 176 199 19 21 100 5 85 187 108 119 128 122 192 90 
Maquina 3 : 78 147 150 156 106 61 87 15 95 185 172 57 6 177 81 132 121 45 174 170 68 134 144 39 152 114 110 86 131 157 
Maquina 4 : 125 118 140 89 67 162 70 184 37 23 82 112 24 76 111 148 38 136 92 123 193 99 175 91 60 109 149 
Maquina 5 : 33 94 163 137 25 145 4 48 135 167 44 14 139 69 64 194 153 178 18 88 129 101 80 17 151 160 182 29 
Maquina 6 : 127 20 0 31 169 28 197 35 133 3 141 11 113 2 98 55 154 159 71 190 196 84 30 8 52 73 65 155 124 74 
Maquina 7 : 59 179 27 16 36 102 107 13 171 50 9 117 10 58 126 66 138 62 12 53 130 47 54 41 56 72 
