Instance filename: ./instances/200jobs/instanceLarge1273_m=9_n=200_l=40_c=20_s=0.PMTC
Min temperature: 0.1
Max temperature: 0.5
Melhor Solução: 1190
Temp div: 16
MCL: 400
PTL: 75000
Elapsed time was: 1030156
Maquina 1 : 87 185 78 191 197 141 54 113 20 111 150 156 93 51 194 101 176 195 10 114 109 178 
Maquina 2 : 129 59 71 56 152 86 11 107 16 120 193 47 58 5 46 142 17 103 67 
Maquina 3 : 53 169 39 69 118 89 136 115 104 68 42 98 52 127 182 84 85 96 166 122 117 33 94 131 12 91 
Maquina 4 : 160 149 199 27 140 192 43 28 198 31 173 125 76 77 146 18 65 36 29 15 4 
Maquina 5 : 126 92 154 80 64 1 100 48 99 163 171 175 164 116 7 32 155 143 9 177 62 187 0 190 151 
Maquina 6 : 189 165 179 34 186 174 75 121 90 183 8 102 157 170 159 145 38 153 2 196 
Maquina 7 : 106 133 132 124 81 44 108 63 50 180 57 144 6 172 167 60 148 26 139 130 40 112 
Maquina 8 : 22 138 162 123 97 134 88 74 83 135 35 55 79 119 73 188 82 184 168 161 30 3 41 128 
Maquina 9 : 45 137 13 95 19 110 147 37 21 181 158 23 25 66 49 14 72 61 70 24 105 
