Instance filename: ./instances/200jobs/instanceLarge1288_m=9_n=200_l=40_c=20_s=0.PMTC
Min temperature: 0.1
Max temperature: 0.5
Melhor Solução: 2468
Temp div: 16
MCL: 400
PTL: 75000
Elapsed time was: 816418
Maquina 1 : 133 150 113 32 156 93 194 111 176 89 51 23 104 9 136 56 169 11 195 33 10 114 
Maquina 2 : 157 59 170 107 129 152 35 83 55 135 88 143 154 74 71 121 126 4 29 65 15 
Maquina 3 : 18 101 80 139 134 148 60 26 123 20 17 87 174 75 185 141 46 3 58 193 
Maquina 4 : 16 120 28 13 128 95 34 186 137 155 162 142 77 52 149 67 119 69 163 196 53 
Maquina 5 : 8 102 57 183 116 90 197 179 164 171 100 7 99 48 54 131 24 39 191 112 22 182 84 64 
Maquina 6 : 138 127 63 175 180 199 81 50 167 108 44 132 2 106 160 172 6 159 145 38 21 181 37 61 
Maquina 7 : 25 178 158 151 153 118 62 177 190 189 0 165 187 27 140 184 85 168 192 130 
Maquina 8 : 144 73 124 12 97 86 82 41 30 161 146 5 47 45 66 96 122 14 1 76 125 173 31 
Maquina 9 : 110 117 198 109 91 115 78 68 79 103 94 188 42 43 40 19 98 49 36 72 70 166 147 92 105 
