Instance filename: ./instances/200jobs/instanceLarge1376_m=10_n=200_l=30_c=20_s=1.PMTC
Min temperature: 0.1
Max temperature: 0.5
Melhor Solução: 2563
Temp div: 16
MCL: 400
PTL: 75000
Elapsed time was: 579662
Maquina 1 : 61 36 9 138 62 70 151 166 148 172 77 178 190 76 171 95 197 
Maquina 2 : 122 51 54 183 165 96 35 114 73 3 199 46 38 55 124 129 60 146 191 2 44 
Maquina 3 : 22 186 118 33 83 157 19 104 153 23 116 134 147 167 156 67 45 29 125 145 
Maquina 4 : 139 184 75 128 65 85 31 84 92 169 26 80 133 98 142 17 189 11 108 53 
Maquina 5 : 4 198 7 130 195 0 66 194 152 179 72 155 64 28 20 69 79 56 113 103 117 
Maquina 6 : 78 97 120 123 52 24 192 176 110 48 185 177 144 187 174 93 159 135 47 164 30 112 
Maquina 7 : 196 175 149 163 182 105 6 15 1 81 111 181 32 37 137 41 158 88 
Maquina 8 : 40 115 127 109 170 162 68 141 87 74 90 5 168 132 10 59 43 94 
Maquina 9 : 161 86 193 160 121 27 131 34 8 136 107 49 16 126 143 71 173 150 89 100 18 
Maquina 10 : 57 14 63 140 180 58 119 39 21 91 42 154 82 106 12 188 99 102 50 13 101 25 
