Instance filename: ./instances/200jobs/instanceLarge1365_m=10_n=200_l=30_c=20_s=2.PMTC
Min temperature: 0.1
Max temperature: 0.5
Melhor Solução: 703
Temp div: 16
MCL: 400
PTL: 75000
Elapsed time was: 490474
Maquina 1 : 148 62 97 86 94 161 193 158 69 166 160 121 67 132 168 5 74 90 87 141 68 
Maquina 2 : 170 25 155 101 152 6 72 195 190 66 113 76 28 79 109 56 186 
Maquina 3 : 22 105 44 145 29 139 49 125 184 65 194 64 114 199 46 3 167 63 140 35 
Maquina 4 : 96 34 189 54 183 33 83 112 61 36 9 138 70 192 18 52 100 89 173 178 147 
Maquina 5 : 150 57 156 176 129 60 45 41 136 8 131 20 197 110 185 177 118 187 82 174 93 48 
Maquina 6 : 144 106 39 30 196 175 149 198 163 117 182 15 124 43 127 38 120 123 165 169 24 134 31 84 
Maquina 7 : 85 92 191 146 128 23 75 2 103 78 107 16 159 164 126 71 143 108 37 137 
Maquina 8 : 40 88 180 115 111 81 1 157 59 181 32 10 135 172 102 77 12 154 
Maquina 9 : 91 42 21 27 119 58 11 116 98 55 153 19 162 151 53 4 13 
Maquina 10 : 50 17 99 142 188 133 80 26 104 130 7 73 0 51 122 179 14 47 171 95 
