Instance filename: ./instances/200jobs/instanceLarge850_m=6_n=200_l=30_c=10_s=0.PMTC
Min temperature: 0.1
Max temperature: 0.5
Melhor Solução: 1242
Temp div: 16
MCL: 400
PTL: 75000
Elapsed time was: 643428
Maquina 1 : 41 128 185 23 138 169 30 46 63 129 64 143 163 162 178 192 29 150 45 182 103 1 105 134 18 67 161 87 15 171 149 39 117 88 
Maquina 2 : 48 96 25 197 168 111 31 80 34 14 4 55 97 13 125 102 70 35 175 153 172 71 193 196 139 116 170 123 17 81 145 
Maquina 3 : 79 69 180 7 61 85 44 156 98 21 121 77 91 51 164 59 6 130 56 119 108 60 72 65 58 165 166 101 28 186 146 195 190 126 47 49 
Maquina 4 : 75 187 3 2 136 173 93 152 5 151 159 20 122 177 133 9 194 147 53 183 106 120 43 176 189 99 84 155 199 57 114 66 
Maquina 5 : 27 157 144 154 32 184 40 78 12 167 148 86 83 127 94 0 11 92 104 115 158 95 112 26 38 141 140 137 110 107 24 142 36 62 188 
Maquina 6 : 16 52 50 33 132 54 10 42 124 22 160 89 100 118 131 174 82 109 37 68 135 191 90 74 113 19 8 179 181 198 73 76 
