Instance filename: ./instances/200jobs/instanceLarge1252_m=9_n=200_l=30_c=20_s=0.PMTC
Min temperature: 0.1
Max temperature: 0.5
Melhor Solução: 1195
Temp div: 16
MCL: 400
PTL: 75000
Elapsed time was: 980081
Maquina 1 : 141 83 136 19 156 112 94 48 185 177 5 46 126 158 184 89 162 38 117 172 31 196 193 
Maquina 2 : 81 16 102 175 190 22 51 146 140 109 52 91 32 150 84 115 97 33 139 58 127 71 
Maquina 3 : 30 128 164 70 168 90 114 142 8 149 178 15 116 153 104 74 50 181 28 
Maquina 4 : 93 7 59 103 95 92 124 192 135 133 75 169 123 179 67 40 69 98 157 53 61 
Maquina 5 : 129 2 4 17 199 66 82 47 101 41 88 110 165 96 26 148 131 187 99 195 18 125 130 
Maquina 6 : 182 186 62 85 166 171 55 86 167 120 121 72 12 100 79 151 132 137 80 23 145 
Maquina 7 : 20 60 134 42 13 11 56 73 108 138 43 65 174 106 155 35 107 159 63 87 29 27 
Maquina 8 : 49 25 198 143 188 105 118 119 68 194 154 152 111 39 10 3 180 64 173 37 147 0 160 76 144 183 176 
Maquina 9 : 1 170 6 163 197 161 45 57 77 44 54 14 122 21 191 78 36 113 34 24 189 9 
