Instance filename: ./instances/200jobs/instanceLarge888_m=6_n=200_l=30_c=20_s=2.PMTC
Min temperature: 0.1
Max temperature: 0.5
Melhor Solução: 1064
Temp div: 16
MCL: 400
PTL: 75000
Elapsed time was: 731320
Maquina 1 : 144 102 3 38 10 131 126 175 68 12 152 197 45 61 20 105 104 187 0 128 154 186 115 48 5 122 199 123 101 129 166 169 71 159 145 
Maquina 2 : 160 51 69 62 121 78 108 85 124 111 17 180 163 15 151 16 192 59 6 112 153 39 142 114 88 139 63 18 171 56 147 119 182 22 
Maquina 3 : 2 99 24 91 138 188 100 137 170 30 194 183 64 75 140 134 164 141 31 57 118 178 33 94 173 184 146 74 198 167 136 90 95 120 47 76 
Maquina 4 : 65 133 82 66 107 55 195 177 148 89 155 109 172 158 181 135 98 54 36 110 14 13 149 165 86 161 25 93 29 
Maquina 5 : 21 37 77 162 191 193 67 44 70 84 4 60 46 26 42 190 174 96 8 1 196 83 28 35 150 58 185 11 87 189 113 79 32 7 19 176 41 34 
Maquina 6 : 103 127 72 52 130 179 143 40 50 49 116 23 156 53 97 27 132 81 73 125 117 106 92 168 80 157 43 9 
