Instance filename: ./instances/200jobs/instanceLarge1283_m=9_n=200_l=40_c=20_s=1.PMTC
Min temperature: 0.1
Max temperature: 0.5
Melhor Solução: 2766
Temp div: 16
MCL: 400
PTL: 75000
Elapsed time was: 1228373
Maquina 1 : 101 85 48 70 92 105 194 0 147 166 45 49 196 23 158 160 108 20 119 79 35 12 73 146 181 161 30 197 41 82 
Maquina 2 : 10 95 150 109 111 156 121 93 144 184 130 80 128 110 133 132 124 137 81 2 50 199 63 98 
Maquina 3 : 167 29 60 148 26 170 55 106 91 28 74 114 113 31 125 173 117 14 198 
Maquina 4 : 187 97 131 155 171 143 135 154 72 66 25 61 126 24 177 71 152 145 180 44 
Maquina 5 : 157 159 21 38 47 6 11 172 195 27 168 140 192 43 139 138 188 134 86 
Maquina 6 : 112 22 191 83 115 68 16 3 120 193 107 13 94 176 4 58 5 142 46 141 
Maquina 7 : 185 162 17 87 78 59 129 88 56 19 9 136 104 51 178 89 118 69 169 39 53 67 149 52 
Maquina 8 : 103 127 40 122 96 33 62 153 76 190 151 189 165 34 179 186 64 123 174 75 
Maquina 9 : 37 182 84 90 8 183 102 57 116 164 7 175 99 54 163 42 32 100 1 77 15 36 65 18 
