Instance filename: ./instances/200jobs/instanceLarge968_m=7_n=200_l=30_c=10_s=1.PMTC
Min temperature: 0.1
Max temperature: 0.5
Melhor Solução: 2845
Temp div: 16
MCL: 400
PTL: 75000
Elapsed time was: 498766
Maquina 1 : 169 30 179 3 192 102 103 90 146 130 14 125 8 157 92 114 4 93 117 89 162 46 158 85 164 
Maquina 2 : 107 175 152 174 97 88 13 19 147 56 108 150 195 143 45 166 16 36 155 26 101 54 23 34 110 52 71 84 98 122 75 113 
Maquina 3 : 9 29 105 67 104 72 118 185 198 83 24 5 38 119 32 58 96 99 10 154 50 177 134 151 191 183 186 
Maquina 4 : 139 18 70 121 106 0 40 78 22 171 95 160 135 153 25 63 28 111 87 199 69 141 123 80 17 115 120 159 165 156 
Maquina 5 : 57 2 167 131 6 193 136 31 37 21 180 138 124 1 161 190 137 77 44 112 178 48 94 73 182 140 172 
Maquina 6 : 144 126 127 176 168 61 53 15 189 81 181 68 194 55 86 148 20 49 100 65 59 74 33 64 129 27 7 132 12 
Maquina 7 : 145 51 42 187 149 39 47 116 196 197 184 173 170 60 109 43 66 41 35 188 91 142 82 133 128 11 76 62 163 79 
