Instance filename: ./instances/200jobs/instanceLarge1262_m=9_n=200_l=40_c=20_s=1.PMTC
Min temperature: 0.1
Max temperature: 0.5
Melhor Solução: 2771
Temp div: 16
MCL: 400
PTL: 75000
Elapsed time was: 604132
Maquina 1 : 84 138 118 29 32 15 36 65 47 18 4 141 30 5 41 161 146 82 12 73 119 19 79 
Maquina 2 : 25 70 158 14 61 178 66 21 55 88 154 126 169 107 49 188 101 40 68 43 28 104 74 136 191 9 
Maquina 3 : 62 190 177 189 110 128 181 37 147 120 13 185 150 111 20 156 176 24 51 89 
Maquina 4 : 48 194 105 92 166 1 39 72 153 182 131 130 0 22 112 95 109 53 114 113 31 125 173 
Maquina 5 : 76 71 152 129 59 33 83 187 16 94 135 80 151 143 171 155 175 7 164 116 137 
Maquina 6 : 99 121 97 81 8 3 56 186 90 75 174 165 34 179 162 78 87 123 139 134 148 197 60 26 
Maquina 7 : 69 170 23 183 35 77 127 157 86 122 96 45 160 106 196 2 44 167 
Maquina 8 : 132 50 63 108 124 133 144 57 180 42 193 91 38 159 6 145 11 172 195 10 27 168 140 
Maquina 9 : 115 192 93 85 184 198 100 54 64 117 199 102 52 98 163 149 67 103 46 142 17 58 
