Instance filename: ./instances/200jobs/instanceLarge1143_m=8_n=200_l=40_c=20_s=2.PMTC
Min temperature: 0.1
Max temperature: 0.5
Melhor Solução: 818
Temp div: 16
MCL: 400
PTL: 75000
Elapsed time was: 1056103
Maquina 1 : 104 57 159 26 164 114 56 5 163 19 71 120 74 69 150 109 113 8 51 7 117 126 20 49 158 47 41 
Maquina 2 : 188 75 101 132 52 154 96 168 110 185 59 128 161 173 2 16 156 30 177 31 4 133 103 
Maquina 3 : 18 97 84 50 144 98 178 68 91 78 73 54 187 106 17 62 65 28 180 107 0 111 72 
Maquina 4 : 77 165 3 116 43 94 145 170 102 119 95 38 143 181 92 199 45 131 112 171 25 152 189 13 61 46 
Maquina 5 : 146 198 140 190 33 35 192 48 67 129 83 12 100 42 1 122 105 79 160 151 134 197 22 184 82 130 6 
Maquina 6 : 14 142 137 182 23 11 86 194 195 60 93 53 29 63 157 175 90 81 127 138 136 108 125 9 10 21 
Maquina 7 : 123 155 76 44 174 66 15 172 115 183 37 118 162 139 34 186 135 124 88 89 167 99 148 193 
Maquina 8 : 141 85 24 166 55 39 153 169 191 36 179 27 176 40 80 196 70 149 87 147 32 64 58 121 
