Instance filename: ./instances/200jobs/instanceLarge907_m=6_n=200_l=40_c=20_s=0.PMTC
Min temperature: 0.1
Max temperature: 0.5
Melhor Solução: 1183
Temp div: 16
MCL: 400
PTL: 75000
Elapsed time was: 1370594
Maquina 1 : 78 172 33 169 81 10 150 4 1 94 24 195 49 30 6 34 14 111 67 82 152 51 58 8 190 73 0 16 140 74 129 178 18 
Maquina 2 : 138 66 35 36 99 77 127 198 15 173 180 136 137 160 149 128 28 102 43 151 124 110 185 157 93 162 122 32 79 38 80 20 170 83 
Maquina 3 : 17 147 182 118 44 27 183 126 39 115 134 117 175 87 184 26 71 11 191 96 90 29 177 46 12 171 85 62 88 48 84 120 52 19 155 
Maquina 4 : 181 100 131 75 197 135 45 192 106 125 55 3 114 199 166 2 108 158 103 165 121 68 60 153 142 95 164 92 21 133 145 
Maquina 5 : 196 119 163 167 156 86 189 65 179 112 69 91 116 154 42 54 174 13 148 61 186 146 7 107 194 53 193 104 5 72 98 50 130 23 63 70 89 
Maquina 6 : 105 59 168 64 161 22 139 37 56 31 176 143 25 57 144 113 109 123 187 47 101 40 132 9 76 141 159 41 97 188 
