Instance filename: ./instances/200jobs/instanceLarge997_m=7_n=200_l=30_c=20_s=0.PMTC
Min temperature: 0.1
Max temperature: 0.5
Melhor Solução: 1144
Temp div: 16
MCL: 400
PTL: 75000
Elapsed time was: 808950
Maquina 1 : 12 53 130 47 68 83 103 67 87 15 170 11 111 141 195 148 136 172 185 95 177 6 132 81 121 174 188 119 
Maquina 2 : 199 176 178 153 19 125 116 191 51 186 32 96 46 115 92 110 157 99 38 182 91 93 164 198 189 108 20 143 142 49 
Maquina 3 : 75 26 161 104 183 74 52 97 4 145 25 126 33 137 17 151 160 102 45 29 44 84 107 193 165 8 171 30 
Maquina 4 : 65 90 73 127 173 0 180 22 105 63 43 169 190 197 28 35 133 138 175 70 162 135 69 7 40 167 14 64 194 168 181 
Maquina 5 : 163 94 149 109 60 155 31 37 23 112 24 82 123 179 196 27 16 13 59 36 124 61 101 129 18 159 88 48 154 166 
Maquina 6 : 79 62 21 85 100 5 71 86 66 140 58 10 117 1 77 57 9 50 42 55 184 2 34 120 72 56 41 54 
Maquina 7 : 139 114 39 192 122 128 78 106 150 156 147 146 80 131 134 144 152 89 118 3 113 98 187 76 158 
