Instance filename: ./instances/200jobs/instanceLarge1404_m=10_n=200_l=40_c=20_s=2.PMTC
Min temperature: 0.1
Max temperature: 0.5
Melhor Solução: 644
Temp div: 16
MCL: 400
PTL: 75000
Elapsed time was: 546687
Maquina 1 : 136 177 6 30 160 173 90 68 198 27 83 110 67 79 106 21 126 36 180 32 140 
Maquina 2 : 94 138 56 85 73 50 1 28 143 81 122 62 2 100 161 
Maquina 3 : 49 31 159 112 130 46 196 162 165 101 199 119 14 166 12 151 170 20 185 52 190 
Maquina 4 : 40 8 64 146 13 155 76 147 191 42 168 124 183 182 115 43 98 84 29 69 169 
Maquina 5 : 142 22 89 167 77 33 19 123 172 137 60 105 188 187 153 45 134 193 132 55 174 91 125 99 23 111 
Maquina 6 : 150 86 109 63 34 175 102 104 97 24 9 139 145 3 72 25 120 59 70 189 
Maquina 7 : 26 117 107 195 35 179 53 131 37 0 135 58 47 184 186 108 192 163 93 141 
Maquina 8 : 7 87 197 11 57 154 103 113 178 65 18 4 5 152 181 80 39 75 
Maquina 9 : 15 78 54 95 38 41 156 133 16 149 82 171 121 114 10 144 118 148 
Maquina 10 : 71 66 96 44 129 164 17 61 116 51 128 48 88 92 176 74 194 157 127 158 
