Instance filename: ./instances/200jobs/instanceLarge1003_m=7_n=200_l=30_c=20_s=0.PMTC
Min temperature: 0.1
Max temperature: 0.5
Melhor Solução: 1959
Temp div: 16
MCL: 400
PTL: 75000
Elapsed time was: 756991
Maquina 1 : 124 65 59 36 16 193 138 45 92 96 115 46 86 157 99 91 93 142 164 108 121 187 110 90 116 189 49 75 20 26 161 104 195 
Maquina 2 : 183 146 139 134 144 152 140 89 118 98 113 85 76 158 72 167 34 120 105 56 101 1 119 50 9 57 77 171 194 
Maquina 3 : 52 8 73 97 4 145 25 0 21 100 170 69 23 112 24 5 172 148 123 125 51 19 181 168 64 129 128 
Maquina 4 : 122 192 39 54 114 41 74 117 136 58 13 10 188 173 127 29 182 160 151 60 184 37 82 155 70 162 103 
Maquina 5 : 7 40 14 44 84 107 61 165 27 156 196 159 179 31 126 17 71 18 88 48 154 166 176 199 79 83 67 87 
Maquina 6 : 150 15 95 185 175 38 186 32 191 198 22 180 63 143 43 169 197 190 28 35 133 3 141 11 111 177 6 81 174 132 
Maquina 7 : 109 149 33 94 163 137 135 12 53 130 68 47 102 62 153 131 178 30 66 147 80 106 78 42 2 55 
