Instance filename: ./instances/200jobs/instanceLarge1108_m=8_n=200_l=30_c=10_s=0.PMTC
Min temperature: 0.1
Max temperature: 0.5
Melhor Solução: 1698
Temp div: 16
MCL: 400
PTL: 75000
Elapsed time was: 646966
Maquina 1 : 193 21 10 71 99 67 150 169 27 104 106 117 39 75 98 72 3 171 129 100 173 91 4 128 154 61 
Maquina 2 : 107 130 50 157 23 162 80 19 161 192 1 94 48 196 176 116 113 115 93 46 96 191 8 143 
Maquina 3 : 102 24 152 54 65 137 0 82 151 138 77 95 146 123 90 69 124 38 108 92 36 28 121 47 
Maquina 4 : 172 189 131 45 133 89 163 183 127 33 177 136 16 81 44 135 126 174 66 164 15 120 149 73 132 59 
Maquina 5 : 78 76 160 97 194 155 134 101 180 118 187 32 14 145 70 148 35 13 153 175 111 37 198 20 165 103 
Maquina 6 : 144 195 186 52 51 141 159 9 140 22 62 43 184 2 122 182 156 26 125 109 87 5 179 
Maquina 7 : 49 74 139 55 40 83 112 85 11 64 170 147 114 6 197 30 158 84 31 178 29 17 185 
Maquina 8 : 190 167 188 181 86 166 53 25 88 60 18 142 56 57 7 105 63 42 168 34 12 119 79 68 58 199 110 41 
