Instance filename: ./instances/200jobs/instanceLarge1121_m=8_n=200_l=30_c=20_s=1.PMTC
Min temperature: 0.1
Max temperature: 0.5
Melhor Solução: 3314
Temp div: 16
MCL: 400
PTL: 75000
Elapsed time was: 701707
Maquina 1 : 71 42 197 144 115 142 43 32 175 17 199 128 143 111 176 76 39 194 193 189 198 103 184 25 73 108 
Maquina 2 : 81 55 12 160 30 60 133 68 170 29 154 87 3 95 120 153 67 77 135 41 24 80 190 180 109 196 91 150 
Maquina 3 : 164 192 138 96 15 19 141 63 79 82 149 94 26 102 33 113 129 140 74 70 171 89 173 172 
Maquina 4 : 28 167 45 130 5 118 132 181 105 85 72 10 88 116 20 52 53 191 31 50 97 126 195 61 92 188 
Maquina 5 : 104 157 152 48 34 145 75 147 106 134 179 14 37 112 8 65 46 155 44 
Maquina 6 : 2 13 123 125 168 165 38 49 117 148 86 121 93 100 6 156 47 183 62 119 127 114 101 186 136 163 169 
Maquina 7 : 99 21 84 178 22 158 54 151 107 98 9 161 185 16 66 162 64 182 36 56 0 27 11 177 
Maquina 8 : 137 166 1 40 23 18 4 57 139 59 187 159 7 51 58 124 35 122 83 78 174 69 131 90 146 110 
