Instance filename: ./instances/200jobs/instanceLarge1345_m=10_n=200_l=30_c=10_s=0.PMTC
Min temperature: 0.1
Max temperature: 0.5
Melhor Solução: 1282
Temp div: 16
MCL: 400
PTL: 75000
Elapsed time was: 506216
Maquina 1 : 33 184 111 137 143 99 47 71 26 11 15 61 110 49 83 129 73 179 148 16 109 182 138 181 
Maquina 2 : 57 68 122 66 170 85 77 108 101 39 159 168 191 45 9 38 27 166 54 
Maquina 3 : 80 151 53 183 50 153 150 189 186 79 163 128 37 124 199 147 102 23 120 105 52 
Maquina 4 : 123 104 46 91 100 3 196 76 63 32 93 144 161 141 62 84 135 
Maquina 5 : 125 29 127 41 171 130 74 132 48 92 195 72 118 90 152 42 60 8 87 14 
Maquina 6 : 28 70 174 55 21 82 155 7 59 187 134 95 131 175 96 6 114 162 2 78 180 
Maquina 7 : 65 36 119 1 178 156 160 0 31 126 4 140 136 139 43 112 173 115 116 113 
Maquina 8 : 145 67 149 18 86 56 106 17 5 94 107 44 157 22 98 13 198 75 
Maquina 9 : 89 188 121 51 193 177 194 20 172 64 88 146 185 58 197 167 12 176 81 69 117 103 
Maquina 10 : 190 40 164 25 24 35 19 34 10 133 154 169 158 97 142 192 165 30 
