Instance filename: ./instances/200jobs/instanceLarge1333_m=10_n=200_l=30_c=10_s=0.PMTC
Min temperature: 0.1
Max temperature: 0.5
Melhor Solução: 1383
Temp div: 16
MCL: 400
PTL: 75000
Elapsed time was: 698826
Maquina 1 : 162 78 2 6 137 104 120 20 143 52 23 40 147 105 102 59 7 124 73 53 155 134 
Maquina 2 : 189 194 37 38 103 167 81 117 58 185 172 190 146 64 88 158 25 45 79 
Maquina 3 : 9 191 39 171 95 41 142 0 139 165 1 119 33 184 82 36 65 
Maquina 4 : 111 11 61 71 47 93 122 99 51 98 75 188 157 107 179 94 148 144 153 181 
Maquina 5 : 151 183 50 89 60 44 198 42 169 92 118 90 152 14 72 8 163 13 128 
Maquina 6 : 174 159 28 154 77 24 164 21 126 87 186 150 48 70 74 182 12 109 16 132 31 29 130 
Maquina 7 : 127 125 131 197 168 176 15 26 49 83 195 18 135 121 177 108 46 180 166 27 161 
Maquina 8 : 62 141 84 35 91 123 34 10 54 19 97 199 133 5 112 101 4 193 140 
Maquina 9 : 116 173 113 145 67 160 178 192 129 68 156 196 100 3 76 63 115 32 
Maquina 10 : 56 43 69 55 110 187 114 96 175 30 80 136 149 86 106 17 57 138 85 22 170 66 
