Instance filename: ./instances/200jobs/instanceLarge849_m=6_n=200_l=30_c=10_s=2.PMTC
Min temperature: 0.1
Max temperature: 0.5
Melhor Solução: 1027
Temp div: 16
MCL: 400
PTL: 75000
Elapsed time was: 612181
Maquina 1 : 61 189 29 63 91 154 3 121 156 162 173 2 47 192 143 64 46 85 129 30 89 6 25 164 76 59 150 138 
Maquina 2 : 23 118 75 194 100 106 101 108 28 35 15 161 74 171 191 195 7 97 13 55 155 60 111 168 96 51 197 169 48 153 124 185 98 128 
Maquina 3 : 41 87 160 62 36 99 94 188 184 32 40 125 172 139 71 193 196 158 175 183 70 177 159 20 147 53 133 9 19 198 49 126 24 107 110 137 141 79 
Maquina 4 : 140 38 112 145 167 22 21 81 180 123 69 44 42 52 54 10 33 132 50 16 181 149 88 117 39 182 105 67 31 18 157 
Maquina 5 : 134 1 103 136 178 8 113 179 90 152 56 73 119 165 65 72 34 166 80 186 190 14 146 82 131 174 17 109 122 151 4 170 130 144 84 199 66 
Maquina 6 : 27 57 114 176 120 127 86 92 115 163 26 95 77 11 104 5 93 0 187 37 45 68 12 78 135 83 116 142 58 148 43 102 
