Instance filename: ./instances/200jobs/instanceLarge963_m=7_n=200_l=30_c=10_s=2.PMTC
Min temperature: 0.1
Max temperature: 0.5
Melhor Solução: 979
Temp div: 16
MCL: 400
PTL: 75000
Elapsed time was: 554217
Maquina 1 : 65 126 194 181 189 81 168 176 61 96 58 68 80 37 86 50 10 95 16 166 45 41 143 195 199 14 108 198 
Maquina 2 : 8 157 104 137 173 113 24 82 133 112 83 34 142 60 109 26 153 25 63 160 147 129 131 64 135 78 57 165 67 159 17 87 69 123 
Maquina 3 : 141 19 97 53 66 121 149 70 93 117 171 46 158 85 22 164 107 175 152 174 13 193 98 187 88 116 40 
Maquina 4 : 28 186 172 11 139 18 42 71 151 32 51 27 12 145 7 56 39 150 163 47 120 115 33 74 59 156 20 55 49 148 155 100 
Maquina 5 : 15 118 185 72 29 105 75 9 119 5 154 38 178 190 111 182 48 94 44 177 73 188 127 140 167 54 136 36 31 
Maquina 6 : 122 138 180 124 77 1 161 84 6 0 106 52 110 144 90 146 130 103 132 102 30 179 169 2 4 
Maquina 7 : 3 125 128 183 76 79 101 21 91 62 134 162 99 191 184 23 197 43 196 170 192 92 114 35 89 
