Instance filename: ./instances/200jobs/instanceLarge1198_m=8_n=200_l=40_c=30_s=0.PMTC
Min temperature: 0.1
Max temperature: 0.5
Melhor Solução: 3572
Temp div: 16
MCL: 400
PTL: 75000
Elapsed time was: 585066
Maquina 1 : 184 65 26 195 78 102 171 129 25 165 163 57 136 99 101 191 67 115 169 142 4 28 110 6 39 0 
Maquina 2 : 86 179 59 52 196 151 188 104 76 125 27 91 15 189 31 22 190 127 96 44 178 97 197 112 
Maquina 3 : 193 88 138 157 170 145 150 185 82 114 103 40 60 158 98 62 35 84 90 156 181 89 47 46 1 130 111 
Maquina 4 : 58 24 154 192 120 11 53 134 93 2 48 144 56 19 155 108 51 70 37 177 45 41 128 123 66 164 83 
Maquina 5 : 141 92 146 74 126 149 100 17 50 12 160 38 64 143 20 173 198 14 105 176 13 148 8 180 32 42 
Maquina 6 : 30 172 72 182 75 3 117 10 33 167 140 132 135 152 43 36 95 187 77 63 7 9 21 
Maquina 7 : 161 122 118 131 106 121 137 81 34 29 109 113 183 18 174 124 94 69 54 147 166 85 194 186 23 175 
Maquina 8 : 61 73 168 80 159 107 49 16 87 139 133 79 162 55 153 116 119 68 5 71 199 
