Instance filename: ./instances/200jobs/instanceLarge1240_m=9_n=200_l=30_c=20_s=0.PMTC
Min temperature: 0.1
Max temperature: 0.5
Melhor Solução: 1357
Temp div: 16
MCL: 400
PTL: 75000
Elapsed time was: 863792
Maquina 1 : 87 49 39 29 118 179 115 84 123 150 73 36 15 108 14 72 55 119 54 34 160 24 
Maquina 2 : 113 189 178 114 76 133 63 186 75 93 7 121 149 59 103 95 124 92 192 
Maquina 3 : 96 102 91 155 116 153 32 50 181 28 194 101 38 188 187 99 195 18 125 182 
Maquina 4 : 74 9 80 1 132 134 145 20 60 183 136 82 169 117 172 46 5 110 135 81 31 152 61 22 105 154 
Maquina 5 : 0 12 147 37 180 175 40 162 163 98 157 104 3 53 129 4 17 47 66 170 6 197 
Maquina 6 : 69 2 42 13 193 11 51 106 128 173 111 65 64 67 143 199 71 30 127 58 139 33 151 
Maquina 7 : 79 184 23 100 158 88 8 94 171 166 62 19 83 141 161 27 97 198 25 48 126 16 185 130 
Maquina 8 : 159 107 174 35 191 44 78 21 122 77 89 177 56 190 86 10 85 196 57 45 112 176 70 
Maquina 9 : 164 131 148 165 156 26 138 41 43 137 52 109 146 140 120 144 68 167 142 90 168 
