Instance filename: ./instances/200jobs/instanceLarge1164_m=8_n=200_l=40_c=20_s=2.PMTC
Min temperature: 0.1
Max temperature: 0.5
Melhor Solução: 825
Temp div: 16
MCL: 400
PTL: 75000
Elapsed time was: 871009
Maquina 1 : 74 150 70 190 85 193 191 24 19 166 39 55 99 56 167 141 43 46 116 40 
Maquina 2 : 89 178 23 10 196 52 98 155 22 123 194 15 76 136 104 159 125 144 90 58 84 112 44 
Maquina 3 : 50 120 71 68 177 31 4 18 174 115 134 41 13 180 61 189 11 25 8 113 51 7 109 140 184 158 
Maquina 4 : 48 117 100 126 49 118 20 34 91 54 106 73 66 62 78 192 12 53 181 83 37 154 
Maquina 5 : 132 96 101 75 188 186 168 173 2 129 156 82 110 130 79 108 6 14 160 171 142 137 1 42 182 151 81 16 32 97 87 147 
Maquina 6 : 65 153 28 133 135 197 88 139 26 183 121 86 64 162 60 93 195 29 30 148 80 146 27 3 102 
Maquina 7 : 145 170 185 198 95 107 165 111 77 176 164 38 92 0 57 72 157 199 45 143 119 131 67 172 
Maquina 8 : 149 105 35 175 179 169 47 21 9 63 69 124 36 152 94 128 161 127 103 59 33 122 138 17 163 187 114 5 
