Instance filename: ./instances/200jobs/instanceLarge1166_m=8_n=200_l=40_c=20_s=1.PMTC
Min temperature: 0.1
Max temperature: 0.5
Melhor Solução: 3257
Temp div: 16
MCL: 400
PTL: 75000
Elapsed time was: 1322523
Maquina 1 : 193 62 19 190 88 74 140 85 70 99 150 109 71 120 133 114 172 102 191 165 116 170 145 43 198 3 169 95 77 
Maquina 2 : 96 28 197 129 119 187 156 2 175 16 4 110 154 177 31 33 18 124 46 25 13 146 7 113 158 8 126 91 
Maquina 3 : 141 20 68 178 144 86 0 72 143 92 38 131 199 45 5 112 58 84 90 49 
Maquina 4 : 104 159 136 194 15 57 76 44 103 138 125 98 164 108 10 123 52 160 155 196 21 40 176 80 27 179 29 
Maquina 5 : 127 36 47 56 152 167 163 118 34 50 69 94 166 89 147 51 87 122 180 153 135 171 26 139 183 1 32 
Maquina 6 : 64 106 17 107 111 39 65 149 9 55 30 12 53 174 157 181 83 162 188 173 75 101 66 
Maquina 7 : 73 78 185 168 24 63 195 134 186 11 81 23 59 161 128 189 121 37 60 93 61 
Maquina 8 : 115 54 35 192 48 67 117 41 100 42 105 182 132 151 82 97 184 22 137 148 142 6 79 130 14 
