Instance filename: ./instances/200jobs/instanceLarge1237_m=9_n=200_l=30_c=20_s=0.PMTC
Min temperature: 0.1
Max temperature: 0.5
Melhor Solução: 1153
Temp div: 16
MCL: 400
PTL: 75000
Elapsed time was: 729357
Maquina 1 : 122 95 77 169 42 166 40 117 152 185 76 68 144 193 110 183 50 154 36 82 83 141 133 
Maquina 2 : 196 38 86 177 149 182 186 62 85 171 94 131 126 48 25 125 162 81 16 198 
Maquina 3 : 155 102 116 153 104 51 21 57 54 119 55 72 14 56 108 15 150 123 115 39 29 161 49 
Maquina 4 : 27 179 9 87 189 113 24 160 34 120 167 118 63 0 105 22 190 147 73 175 3 
Maquina 5 : 143 67 128 65 111 173 178 106 130 159 107 35 75 44 174 78 191 13 11 74 99 187 156 
Maquina 6 : 26 138 69 194 41 101 109 98 157 53 129 4 17 66 47 180 2 37 6 146 197 170 163 
Maquina 7 : 45 112 176 70 164 127 58 139 33 97 89 121 148 59 10 31 61 184 172 158 46 5 60 135 
Maquina 8 : 88 19 136 20 145 84 151 134 23 132 1 80 100 79 12 188 192 124 92 90 114 142 
Maquina 9 : 8 96 165 103 32 91 140 52 7 64 93 28 181 18 195 199 137 43 71 30 168 
