Instance filename: ./instances/200jobs/instanceLarge1291_m=9_n=200_l=40_c=30_s=0.PMTC
Min temperature: 0.1
Max temperature: 0.5
Melhor Solução: 2471
Temp div: 16
MCL: 400
PTL: 75000
Elapsed time was: 401525
Maquina 1 : 171 150 78 184 63 77 199 3 46 31 108 129 50 83 80 84 13 113 160 170 180 87 110 146 136 
Maquina 2 : 44 158 162 123 128 96 198 127 145 64 48 0 124 60 32 125 70 114 29 163 53 5 88 
Maquina 3 : 149 109 175 185 178 72 126 20 195 51 56 49 176 143 90 91 59 85 111 27 
Maquina 4 : 93 120 117 19 147 7 153 134 151 43 186 81 52 173 47 100 2 131 187 172 6 38 156 
Maquina 5 : 23 161 116 16 89 121 67 155 41 133 73 182 154 157 4 25 92 28 33 139 188 105 197 
Maquina 6 : 174 152 40 165 101 168 15 26 57 42 75 30 191 190 142 37 106 193 68 34 
Maquina 7 : 36 55 94 179 196 14 22 118 159 102 9 135 39 148 18 112 177 130 71 61 137 169 
Maquina 8 : 119 10 138 45 181 99 86 98 167 132 1 140 103 164 115 166 122 12 54 76 144 189 35 
Maquina 9 : 79 95 141 97 74 58 104 194 8 192 82 11 183 66 21 107 24 62 65 17 69 
