Instance filename: ./instances/200jobs/instanceLarge960_m=6_n=200_l=40_c=30_s=2.PMTC
Min temperature: 0.1
Max temperature: 0.5
Melhor Solução: 1047
Temp div: 16
MCL: 400
PTL: 75000
Elapsed time was: 400211
Maquina 1 : 128 24 46 55 87 159 171 100 198 91 33 90 150 131 74 28 4 1 10 58 177 111 84 57 191 188 179 162 140 
Maquina 2 : 64 25 110 7 36 26 117 29 96 146 106 30 27 116 133 99 196 137 102 157 158 82 93 163 123 197 8 38 62 185 121 21 164 
Maquina 3 : 3 11 108 83 75 176 144 193 86 22 145 47 112 149 50 167 148 85 142 65 170 18 129 120 68 81 101 
Maquina 4 : 194 122 73 143 41 115 20 186 151 139 166 199 192 0 95 172 23 103 78 178 92 79 97 9 189 51 175 190 127 56 67 154 43 
Maquina 5 : 35 15 126 174 136 181 187 180 156 160 155 94 182 45 113 134 37 6 107 32 16 152 195 70 114 147 104 44 125 109 169 14 135 49 71 17 138 72 2 52 
Maquina 6 : 53 39 48 183 54 124 60 161 66 63 12 13 165 76 34 77 130 118 168 89 61 141 173 69 153 59 132 184 80 88 40 119 42 5 19 31 98 105 
