Instance filename: ./instances/200jobs/instanceLarge930_m=6_n=200_l=40_c=20_s=2.PMTC
Min temperature: 0.1
Max temperature: 0.5
Melhor Solução: 1074
Temp div: 16
MCL: 400
PTL: 75000
Elapsed time was: 835912
Maquina 1 : 151 25 187 47 101 18 178 129 74 140 0 141 58 4 150 197 114 109 123 120 26 85 29 71 191 96 87 72 
Maquina 2 : 11 57 113 122 199 17 185 20 28 64 158 143 110 160 81 32 43 30 128 181 116 148 6 154 24 195 49 54 75 174 13 92 7 39 
Maquina 3 : 107 94 117 130 56 31 126 5 70 63 194 105 59 1 134 89 189 42 196 167 119 156 163 86 179 65 112 137 22 138 51 67 
Maquina 4 : 35 91 36 99 66 77 34 76 152 125 16 135 173 55 14 111 121 9 157 88 48 84 169 12 93 177 46 144 90 104 127 23 73 193 8 132 97 82 
Maquina 5 : 40 83 170 172 38 80 69 124 190 50 44 183 147 182 118 79 155 136 103 149 162 27 166 115 3 106 15 198 180 53 108 168 37 171 
Maquina 6 : 102 176 62 78 164 139 161 145 41 98 159 188 19 52 131 21 33 184 192 95 61 100 45 10 186 146 133 142 153 60 68 165 175 2 
