Instance filename: ./instances/200jobs/instanceLarge919_m=6_n=200_l=40_c=20_s=0.PMTC
Min temperature: 0.1
Max temperature: 0.5
Melhor Solução: 1417
Temp div: 16
MCL: 400
PTL: 75000
Elapsed time was: 750087
Maquina 1 : 160 89 94 39 108 117 107 175 0 87 57 134 122 115 159 198 193 63 5 104 70 189 50 40 73 196 72 46 14 144 12 177 90 71 148 96 11 26 
Maquina 2 : 191 29 112 168 86 156 167 9 15 180 102 157 179 119 187 28 23 34 2 109 141 8 105 58 184 140 194 111 67 82 152 6 154 
Maquina 3 : 49 54 24 1 195 85 126 41 83 170 171 80 38 124 69 44 190 183 174 150 84 62 48 59 78 139 161 164 145 22 163 176 56 37 53 
Maquina 4 : 65 51 25 113 151 178 18 129 101 7 76 10 135 106 125 192 91 55 3 166 103 165 121 74 153 60 68 142 88 110 181 100 
Maquina 5 : 120 131 52 75 19 98 155 64 43 20 81 130 42 133 114 45 61 186 146 197 95 92 21 33 4 188 16 123 132 182 47 
Maquina 6 : 97 17 185 162 79 27 169 136 127 118 149 31 128 30 93 173 35 32 77 36 99 199 66 172 138 147 158 116 13 143 137 
