Instance filename: ./instances/200jobs/instanceLarge1138_m=8_n=200_l=30_c=20_s=0.PMTC
Min temperature: 0.1
Max temperature: 0.5
Melhor Solução: 1141
Temp div: 16
MCL: 400
PTL: 75000
Elapsed time was: 889033
Maquina 1 : 102 99 169 163 73 95 120 3 153 149 18 41 23 40 174 84 57 59 139 122 83 78 121 128 143 111 176 76 
Maquina 2 : 194 103 39 1 127 145 34 48 152 157 19 173 151 132 142 190 181 105 85 21 10 116 107 98 53 
Maquina 3 : 20 94 124 35 189 114 101 136 62 6 100 156 77 179 37 8 65 46 26 159 155 44 2 
Maquina 4 : 129 113 33 89 4 148 86 11 137 178 80 154 70 96 87 29 170 68 133 197 60 67 12 160 
Maquina 5 : 81 108 134 183 184 51 7 187 58 185 167 28 172 130 24 135 168 13 123 125 93 165 117 
Maquina 6 : 49 38 186 150 164 192 191 52 31 50 97 126 61 188 88 104 180 109 196 198 91 30 72 112 14 79 
Maquina 7 : 63 141 92 5 106 147 75 9 54 16 82 66 162 182 36 64 56 0 27 199 166 22 158 55 15 177 25 
Maquina 8 : 195 47 140 74 171 17 161 175 193 43 32 115 144 138 118 45 71 42 119 69 131 90 146 110 
