Instance filename: ./instances/200jobs/instanceLarge1410_m=10_n=200_l=40_c=20_s=2.PMTC
Min temperature: 0.1
Max temperature: 0.5
Melhor Solução: 664
Temp div: 16
MCL: 400
PTL: 75000
Elapsed time was: 545101
Maquina 1 : 131 137 72 145 114 175 63 119 24 97 102 103 59 70 93 81 9 
Maquina 2 : 158 170 172 190 132 76 36 32 140 52 8 166 187 188 134 15 181 39 75 148 80 186 83 51 
Maquina 3 : 159 104 92 43 78 60 62 139 130 71 19 28 96 110 177 105 143 128 111 87 99 48 141 54 
Maquina 4 : 33 167 89 142 192 199 163 7 79 173 27 68 6 46 195 179 123 153 193 154 161 109 34 
Maquina 5 : 150 184 58 47 180 146 124 1 168 77 147 155 13 126 94 108 21 
Maquina 6 : 73 67 138 85 0 56 31 151 162 14 112 100 12 42 183 115 98 196 182 
Maquina 7 : 169 22 69 84 29 197 74 35 194 157 176 10 122 40 198 136 18 5 4 144 65 
Maquina 8 : 178 113 152 11 25 135 49 120 160 57 88 191 165 17 61 164 129 
Maquina 9 : 116 185 127 171 44 66 121 118 90 16 156 82 149 64 133 30 3 55 
Maquina 10 : 95 38 117 101 174 20 41 37 91 2 106 45 23 86 53 125 189 107 50 26 
