Instance filename: ./instances/200jobs/instanceLarge1137_m=8_n=200_l=30_c=20_s=2.PMTC
Min temperature: 0.1
Max temperature: 0.5
Melhor Solução: 793
Temp div: 16
MCL: 400
PTL: 75000
Elapsed time was: 911992
Maquina 1 : 71 42 159 118 142 181 85 121 116 155 2 129 113 33 77 87 117 148 86 93 156 6 62 21 101 
Maquina 2 : 114 25 127 122 174 60 47 74 140 171 154 70 103 56 67 12 160 146 105 
Maquina 3 : 133 68 29 149 19 3 153 95 32 69 83 78 59 57 143 9 75 147 106 5 92 141 96 15 130 
Maquina 4 : 28 185 66 82 16 63 79 10 98 54 52 58 1 194 39 111 176 22 107 158 151 138 55 119 144 182 115 43 
Maquina 5 : 81 162 51 184 134 183 14 179 37 8 65 104 46 128 199 17 175 161 193 157 152 48 34 197 
Maquina 6 : 145 112 72 30 91 198 196 109 180 190 80 187 178 177 137 11 84 100 166 40 23 18 41 7 4 88 188 
Maquina 7 : 53 99 27 102 120 94 26 90 189 124 35 186 164 24 135 45 168 13 123 76 108 73 44 110 
Maquina 8 : 131 64 170 165 38 49 150 192 31 191 20 97 50 126 195 61 139 132 89 173 172 167 136 125 163 169 36 0 
