Instance filename: ./instances/200jobs/instanceLarge904_m=6_n=200_l=40_c=20_s=0.PMTC
Min temperature: 0.1
Max temperature: 0.5
Melhor Solução: 1772
Temp div: 16
MCL: 400
PTL: 75000
Elapsed time was: 709730
Maquina 1 : 193 51 82 28 86 163 156 198 15 157 119 116 137 112 55 179 189 64 168 161 139 176 143 37 65 148 43 41 81 42 133 114 
Maquina 2 : 102 53 22 84 150 78 121 62 73 59 162 122 180 147 128 136 103 158 149 79 27 44 118 17 61 100 127 146 186 45 144 197 
Maquina 3 : 104 33 167 190 10 8 4 58 138 18 178 165 74 68 153 19 52 120 192 88 142 181 169 131 60 14 12 152 177 46 90 
Maquina 4 : 29 191 71 96 11 199 26 184 87 175 115 134 1 0 89 194 70 105 63 7 5 24 16 49 195 6 31 93 30 48 173 85 83 108 126 
Maquina 5 : 94 172 170 110 3 124 80 38 160 151 185 50 196 35 72 32 171 66 36 77 34 76 99 2 140 141 54 40 101 109 123 187 182 
Maquina 6 : 47 23 97 132 159 9 188 111 125 135 91 166 129 106 67 69 183 21 107 155 164 95 20 117 92 75 39 98 174 130 154 13 56 25 57 113 145 
