Instance filename: ./instances/200jobs/instanceLarge1348_m=10_n=200_l=30_c=10_s=0.PMTC
Min temperature: 0.1
Max temperature: 0.5
Melhor Solução: 656
Temp div: 16
MCL: 400
PTL: 75000
Elapsed time was: 439661
Maquina 1 : 25 164 168 24 88 64 82 190 172 185 58 146 117 81 197 71 167 99 47 26 
Maquina 2 : 15 176 83 126 27 165 40 142 0 109 140 195 18 127 74 95 
Maquina 3 : 136 41 171 125 135 169 121 133 193 39 191 55 28 159 174 163 87 70 14 
Maquina 4 : 12 48 150 72 152 90 118 92 16 31 144 76 32 51 63 132 182 148 179 
Maquina 5 : 94 44 138 107 98 13 198 42 153 60 89 53 183 50 62 151 34 35 29 84 141 
Maquina 6 : 49 161 187 75 186 9 177 85 180 108 77 101 4 173 113 115 116 57 56 199 112 
Maquina 7 : 45 22 5 17 21 130 19 156 154 170 10 123 158 97 52 79 37 189 128 194 
Maquina 8 : 104 54 38 119 36 105 61 102 155 143 59 7 124 134 147 106 23 86 6 20 69 157 137 
Maquina 9 : 78 162 2 131 175 96 114 120 80 30 91 149 188 122 66 103 111 65 8 184 1 
Maquina 10 : 33 139 67 160 178 192 11 110 73 129 68 181 93 100 3 46 196 166 145 43 
