Instance filename: ./instances/200jobs/instanceLarge1131_m=8_n=200_l=30_c=20_s=2.PMTC
Min temperature: 0.1
Max temperature: 0.5
Melhor Solução: 803
Temp div: 16
MCL: 400
PTL: 75000
Elapsed time was: 757704
Maquina 1 : 71 42 162 81 66 82 16 63 79 117 10 88 107 98 54 9 59 21 53 156 6 62 127 119 
Maquina 2 : 136 114 189 103 194 39 111 143 75 147 106 134 5 108 37 14 179 165 125 123 76 13 116 155 
Maquina 3 : 70 129 113 33 86 148 36 161 89 199 175 17 197 188 48 20 152 157 153 18 149 26 94 102 99 169 163 73 
Maquina 4 : 120 95 3 154 29 87 68 133 168 160 12 41 67 34 145 181 105 132 190 173 142 28 
Maquina 5 : 172 184 183 159 187 7 51 24 2 135 45 55 22 40 23 174 138 151 158 166 137 177 11 27 0 
Maquina 6 : 64 56 176 144 115 43 32 1 83 128 46 104 65 8 112 164 192 31 44 97 126 50 52 191 
Maquina 7 : 186 38 49 150 60 4 180 109 196 91 30 198 19 85 72 118 25 61 96 141 15 92 130 167 185 58 139 124 
Maquina 8 : 193 35 122 140 195 47 171 101 182 74 80 77 178 100 84 93 121 57 78 69 170 131 90 146 110 
