Instance filename: ./instances/200jobs/instanceLarge1031_m=7_n=200_l=40_c=20_s=1.PMTC
Min temperature: 0.1
Max temperature: 0.5
Melhor Solução: 3754
Temp div: 16
MCL: 400
PTL: 75000
Elapsed time was: 1173771
Maquina 1 : 7 159 42 90 163 19 51 16 27 69 158 96 148 101 44 15 18 62 127 52 110 65 49 126 68 46 72 177 167 113 176 
Maquina 2 : 34 160 195 64 97 151 55 146 149 178 84 25 1 31 121 102 188 58 24 115 106 196 81 40 134 171 22 179 85 
Maquina 3 : 3 75 98 56 137 93 131 170 133 197 169 95 4 88 120 79 166 99 144 100 71 183 36 37 80 47 63 
Maquina 4 : 122 182 35 70 155 123 130 94 9 41 147 109 89 12 13 28 108 145 29 114 190 180 8 87 6 59 174 
Maquina 5 : 165 105 10 104 73 5 138 14 32 2 184 172 83 189 185 11 112 153 45 143 161 139 86 175 187 60 76 142 48 
Maquina 6 : 57 103 91 82 157 33 191 53 150 30 20 119 77 118 181 164 26 193 168 156 129 152 39 124 50 66 78 141 107 92 
Maquina 7 : 194 135 128 43 199 132 140 136 17 23 67 186 54 125 192 21 198 0 38 117 173 162 74 111 116 61 154 
