Instance filename: ./instances/200jobs/instanceLarge1254_m=9_n=200_l=30_c=20_s=2.PMTC
Min temperature: 0.1
Max temperature: 0.5
Melhor Solução: 709
Temp div: 16
MCL: 400
PTL: 75000
Elapsed time was: 905707
Maquina 1 : 85 62 166 171 182 7 149 93 137 133 135 192 92 124 75 78 56 54 94 122 21 50 
Maquina 2 : 77 44 42 40 169 82 46 117 5 172 158 110 69 79 100 72 90 12 142 114 8 88 83 141 27 161 196 
Maquina 3 : 81 16 102 155 22 130 159 107 35 57 14 106 178 128 174 111 65 43 108 15 193 116 153 
Maquina 4 : 51 11 74 99 10 195 18 28 188 118 68 25 152 143 173 3 190 199 61 2 
Maquina 5 : 66 17 4 129 53 104 157 163 98 175 73 150 115 181 84 123 179 29 63 95 91 103 32 
Maquina 6 : 140 52 109 186 177 185 48 126 87 198 49 154 39 105 0 146 37 64 6 180 170 197 67 183 13 
Maquina 7 : 60 20 151 134 132 80 1 23 184 164 70 176 112 45 119 167 55 86 76 144 
Maquina 8 : 24 189 191 165 113 160 34 120 36 147 47 101 41 194 138 26 156 96 125 187 97 131 
Maquina 9 : 162 38 31 89 121 148 59 33 139 58 127 145 30 71 19 136 9 168 
