Instance filename: ./instances/200jobs/instanceLarge1173_m=8_n=200_l=40_c=30_s=2.PMTC
Min temperature: 0.1
Max temperature: 0.5
Melhor Solução: 862
Temp div: 16
MCL: 400
PTL: 75000
Elapsed time was: 746755
Maquina 1 : 143 17 150 171 20 84 156 90 85 194 166 79 162 174 124 94 69 54 26 113 195 78 102 142 92 111 
Maquina 2 : 141 83 164 181 27 91 100 96 145 149 190 126 74 163 136 165 57 108 146 25 125 3 179 1 130 
Maquina 3 : 46 47 21 7 9 63 0 30 172 72 19 155 144 119 116 153 55 158 36 43 132 167 140 89 
Maquina 4 : 115 169 67 191 101 99 75 129 86 29 34 22 137 121 81 58 106 6 39 4 28 110 93 2 48 
Maquina 5 : 160 180 16 87 139 66 60 40 114 82 185 170 147 103 189 31 107 159 80 61 175 
Maquina 6 : 23 186 33 10 50 59 51 5 71 134 18 154 192 120 11 53 42 24 32 35 62 98 173 68 65 184 105 176 13 
Maquina 7 : 117 148 135 73 168 15 64 182 8 133 127 109 193 138 88 157 49 44 178 97 197 112 12 52 196 151 
Maquina 8 : 188 104 76 95 152 118 131 183 122 161 77 187 56 198 14 123 128 41 45 177 70 37 38 199 
