Instance filename: ./instances/200jobs/instanceLarge883_m=6_n=200_l=30_c=20_s=0.PMTC
Min temperature: 0.1
Max temperature: 0.5
Melhor Solução: 3751
Temp div: 16
MCL: 400
PTL: 75000
Elapsed time was: 452179
Maquina 1 : 168 89 40 158 98 181 115 172 186 128 0 187 104 12 9 163 108 121 62 26 60 46 190 42 135 180 70 13 117 182 119 147 
Maquina 2 : 7 87 185 58 107 88 114 139 63 18 85 171 95 113 157 176 41 151 111 124 17 15 48 194 30 170 137 183 100 132 125 154 
Maquina 3 : 143 50 81 73 106 22 126 179 131 10 68 129 71 166 169 145 159 167 27 56 146 74 31 118 141 103 57 33 116 156 2 53 99 24 91 188 138 
Maquina 4 : 79 4 69 134 140 92 160 78 49 136 43 90 150 198 23 110 184 177 195 148 109 155 36 54 44 34 72 127 52 130 51 25 161 93 21 29 
Maquina 5 : 162 193 5 199 122 123 3 152 45 197 97 20 105 101 165 164 149 14 173 84 82 66 37 65 133 76 47 120 178 35 142 112 6 59 
Maquina 6 : 192 38 39 102 80 144 61 175 75 64 67 94 28 32 19 189 83 11 153 174 196 1 96 8 77 16 86 191 55 
