Instance filename: ./instances/200jobs/instanceLarge923_m=6_n=200_l=40_c=20_s=1.PMTC
Min temperature: 0.1
Max temperature: 0.5
Melhor Solução: 4051
Temp div: 16
MCL: 400
PTL: 75000
Elapsed time was: 830368
Maquina 1 : 118 44 79 149 103 162 136 163 15 157 167 156 143 137 65 31 119 112 86 179 113 40 92 161 189 22 98 139 176 164 145 159 188 
Maquina 2 : 52 187 2 175 53 128 37 168 134 5 160 42 39 117 87 89 105 59 70 64 55 63 29 180 90 191 96 199 71 26 57 
Maquina 3 : 131 100 21 155 33 10 197 45 104 61 186 174 13 75 19 181 116 154 127 27 56 78 72 147 171 50 183 69 91 166 106 115 125 196 135 
Maquina 4 : 122 32 152 28 77 35 66 51 102 148 4 150 11 114 144 109 120 73 16 99 123 12 185 182 17 132 47 20 85 97 108 130 126 107 172 
Maquina 5 : 41 83 170 38 80 124 110 3 43 81 133 95 142 88 153 60 68 121 74 165 158 36 34 76 178 18 0 138 58 190 
Maquina 6 : 198 140 193 7 194 67 23 82 111 14 184 141 151 8 25 101 129 54 93 6 173 30 195 49 1 24 94 146 84 62 48 192 9 169 46 177 
