Instance filename: ./instances/200jobs/instanceLarge1302_m=9_n=200_l=40_c=30_s=2.PMTC
Min temperature: 0.1
Max temperature: 0.5
Melhor Solução: 698
Temp div: 16
MCL: 400
PTL: 75000
Elapsed time was: 604428
Maquina 1 : 164 53 30 165 40 162 158 93 27 15 168 32 103 8 194 104 64 145 41 150 171 174 88 
Maquina 2 : 109 175 96 66 151 134 153 146 18 112 115 10 172 6 156 77 48 5 114 159 118 
Maquina 3 : 22 14 196 179 137 21 62 186 36 42 26 56 75 198 91 136 191 190 170 54 102 149 192 127 
Maquina 4 : 38 169 120 51 141 34 29 68 4 154 182 73 74 197 188 105 78 184 63 43 76 144 19 
Maquina 5 : 185 178 72 126 20 195 49 176 143 90 125 106 37 52 119 94 138 183 28 92 25 133 193 
Maquina 6 : 11 82 0 124 60 139 111 81 157 44 61 12 71 130 24 65 55 155 67 121 89 
Maquina 7 : 2 131 187 7 47 147 107 17 69 99 1 45 167 132 97 181 98 110 180 50 83 80 84 
Maquina 8 : 13 113 189 160 95 79 35 140 117 173 142 57 177 148 135 16 116 39 9 70 23 
Maquina 9 : 161 122 166 123 128 100 58 86 33 152 87 129 108 31 163 101 46 3 199 59 85 
