Instance filename: ./instances/200jobs/instanceLarge1360_m=10_n=200_l=30_c=20_s=0.PMTC
Min temperature: 0.1
Max temperature: 0.5
Melhor Solução: 1821
Temp div: 16
MCL: 400
PTL: 75000
Elapsed time was: 636012
Maquina 1 : 70 138 36 61 135 32 37 137 105 194 6 152 64 63 167 156 153 157 83 
Maquina 2 : 33 186 22 44 103 2 75 23 128 65 85 31 84 92 80 26 104 71 130 7 
Maquina 3 : 73 114 35 96 174 82 93 106 42 12 154 21 27 58 119 62 11 116 181 121 
Maquina 4 : 160 67 45 139 29 145 125 184 195 162 91 4 53 151 193 161 86 94 
Maquina 5 : 118 171 69 95 197 39 122 51 54 165 183 97 120 127 123 134 81 199 124 1 
Maquina 6 : 24 52 192 176 169 177 48 185 55 111 132 168 50 187 17 142 98 99 188 133 57 72 179 180 18 
Maquina 7 : 100 89 173 178 147 117 131 34 8 136 107 78 126 143 20 102 49 77 172 
Maquina 8 : 148 9 0 166 112 196 46 30 19 140 47 164 14 13 16 159 25 155 101 189 
Maquina 9 : 40 110 3 108 79 113 76 56 66 190 146 109 28 191 38 43 59 170 68 141 
Maquina 10 : 87 90 74 175 5 144 129 41 60 158 88 115 10 182 150 15 198 149 163 
