Instance filename: ./instances/200jobs/instanceLarge901_m=6_n=200_l=40_c=20_s=0.PMTC
Min temperature: 0.1
Max temperature: 0.5
Melhor Solução: 1794
Temp div: 16
MCL: 400
PTL: 75000
Elapsed time was: 1417095
Maquina 1 : 63 55 59 105 89 115 39 134 117 175 184 20 26 199 11 96 191 72 71 98 130 90 139 145 188 159 91 67 53 52 132 97 107 85 41 
Maquina 2 : 147 108 83 170 38 80 116 50 190 17 79 183 44 118 182 110 126 94 43 81 162 64 30 172 185 93 152 32 122 99 100 131 88 169 155 48 
Maquina 3 : 62 84 157 46 9 111 14 177 40 187 12 47 101 151 25 8 58 141 45 129 140 73 194 6 49 1 16 195 54 24 23 7 174 146 75 
Maquina 4 : 19 186 61 104 76 33 144 148 171 5 167 196 87 57 56 181 154 42 29 168 37 102 27 3 124 78 176 68 69 161 70 179 
Maquina 5 : 189 119 112 113 86 163 22 65 51 82 193 0 31 143 156 137 149 160 28 128 180 136 35 66 77 34 2 36 178 18 74 
Maquina 6 : 173 138 15 127 13 198 4 150 10 123 120 109 197 114 135 125 106 192 166 103 165 158 121 153 60 21 142 164 133 92 95 
