Instance filename: ./instances/200jobs/instanceLarge1021_m=7_n=200_l=40_c=20_s=0.PMTC
Min temperature: 0.1
Max temperature: 0.5
Melhor Solução: 2336
Temp div: 16
MCL: 400
PTL: 75000
Elapsed time was: 608455
Maquina 1 : 132 179 192 198 125 66 39 52 53 3 186 59 117 173 174 76 57 48 51 16 157 178 1 188 119 84 181 25 175 
Maquina 2 : 161 143 148 105 191 104 80 162 83 111 10 40 134 90 109 89 62 2 70 138 73 5 182 122 58 96 126 
Maquina 3 : 97 195 110 49 149 158 8 41 42 180 144 118 36 165 17 185 77 11 112 82 153 139 60 13 156 100 71 37 
Maquina 4 : 87 14 28 6 184 86 23 172 107 91 0 21 54 163 27 65 147 67 142 18 145 29 190 114 43 183 135 128 159 12 
Maquina 5 : 32 74 116 151 61 33 155 9 136 99 140 98 150 101 38 35 164 193 168 124 152 30 194 69 26 121 196 106 24 
Maquina 6 : 81 15 127 63 102 20 55 123 130 64 146 137 94 93 131 170 79 166 120 88 4 133 169 95 197 108 187 177 176 
Maquina 7 : 199 72 167 92 50 78 46 68 113 45 154 34 160 103 44 22 141 171 19 75 129 7 85 31 115 56 47 189 
