Instance filename: ./instances/200jobs/instanceLarge1121_m=8_n=200_l=30_c=20_s=1.PMTC
Min temperature: 0.1
Max temperature: 0.5
Melhor Solução: 3322
Temp div: 16
MCL: 400
PTL: 75000
Elapsed time was: 584354
Maquina 1 : 0 151 56 182 64 36 162 17 71 42 155 159 26 92 104 46 65 8 37 108 160 12 81 67 77 60 133 68 
Maquina 2 : 29 3 149 191 50 31 97 173 66 51 176 146 111 143 75 9 121 57 59 139 122 83 32 78 4 105 1 52 
Maquina 3 : 174 69 170 131 73 44 110 102 27 99 169 163 101 136 114 186 127 119 62 6 156 90 47 21 198 72 19 
Maquina 4 : 85 142 118 138 144 43 158 54 55 22 84 166 40 23 18 115 74 157 152 48 34 145 197 
Maquina 5 : 112 30 91 7 135 2 24 184 134 183 14 179 165 125 123 76 13 168 45 128 199 175 161 
Maquina 6 : 171 154 70 5 140 129 41 113 33 87 117 148 93 86 100 178 187 190 80 11 153 120 95 10 116 
Maquina 7 : 107 98 53 94 20 189 193 194 39 103 58 35 124 61 147 88 25 172 167 130 137 177 195 188 106 
Maquina 8 : 141 63 79 82 16 185 126 28 96 132 89 15 192 164 150 49 38 109 180 196 181 
