Instance filename: ./instances/200jobs/instanceLarge1117_m=8_n=200_l=30_c=20_s=0.PMTC
Min temperature: 0.1
Max temperature: 0.5
Melhor Solução: 1607
Temp div: 16
MCL: 400
PTL: 75000
Elapsed time was: 989638
Maquina 1 : 62 6 77 179 14 37 8 65 92 104 46 147 192 164 150 49 38 186 138 10 116 107 98 54 79 
Maquina 2 : 112 72 91 198 196 109 180 190 80 41 24 55 153 120 95 193 32 43 119 182 158 22 137 166 177 
Maquina 3 : 11 0 56 64 16 82 66 162 81 17 71 42 63 161 139 185 4 88 7 187 159 183 51 184 134 
Maquina 4 : 106 5 141 15 130 167 172 136 125 163 169 36 99 102 94 26 27 44 73 165 117 97 50 20 31 191 52 
Maquina 5 : 53 146 47 156 21 101 59 74 115 18 60 23 40 84 100 1 178 93 86 148 89 33 113 129 2 
Maquina 6 : 155 121 75 9 127 57 145 34 151 135 96 70 30 144 103 140 143 175 199 128 45 168 13 
Maquina 7 : 123 76 108 195 160 12 67 197 133 68 170 87 29 3 149 154 19 28 114 189 39 194 111 176 171 188 48 
Maquina 8 : 152 157 126 173 132 181 105 85 142 118 25 61 124 58 35 122 83 78 174 69 131 90 110 
