Instance filename: ./instances/200jobs/instanceLarge1095_m=8_n=200_l=30_c=10_s=2.PMTC
Min temperature: 0.1
Max temperature: 0.5
Melhor Solução: 809
Temp div: 16
MCL: 400
PTL: 75000
Elapsed time was: 838789
Maquina 1 : 143 79 58 199 93 23 119 68 41 179 137 49 65 0 122 86 111 20 77 138 123 146 25 166 117 75 136 
Maquina 2 : 98 104 39 106 172 189 121 18 196 161 110 48 57 61 94 50 29 157 130 19 107 168 7 164 42 97 132 
Maquina 3 : 149 12 102 103 124 92 38 60 108 89 127 28 10 193 21 99 71 67 169 27 
Maquina 4 : 150 177 82 151 54 152 147 22 83 85 112 74 14 87 5 51 144 195 52 145 3 128 171 72 
Maquina 5 : 100 91 4 173 185 46 17 191 115 154 96 141 59 8 118 139 64 187 194 101 155 73 95 37 198 165 175 15 
Maquina 6 : 120 113 174 126 135 44 81 40 16 33 55 160 183 1 45 162 47 80 30 178 84 90 31 36 158 114 63 
Maquina 7 : 186 6 11 197 170 142 13 35 148 70 180 32 24 116 66 129 69 131 192 133 163 105 76 
Maquina 8 : 153 34 78 156 125 134 26 88 43 181 184 62 140 9 159 109 182 2 53 56 176 188 190 167 
