Instance filename: ./instances/200jobs/instanceLarge1433_m=10_n=200_l=40_c=30_s=1.PMTC
Min temperature: 0.1
Max temperature: 0.5
Melhor Solução: 3243
Temp div: 16
MCL: 400
PTL: 75000
Elapsed time was: 654228
Maquina 1 : 12 92 129 74 186 23 157 146 31 85 19 21 162 44 169 194 66 13 90 
Maquina 2 : 172 9 76 176 171 82 138 181 185 112 155 95 50 80 109 64 79 49 43 192 
Maquina 3 : 125 3 114 127 183 88 68 195 53 151 14 197 18 178 160 63 99 131 58 51 175 
Maquina 4 : 103 182 168 75 33 179 134 93 62 2 170 67 126 48 6 158 165 102 56 42 106 
Maquina 5 : 177 135 189 52 84 7 116 163 124 36 161 55 91 166 26 104 47 121 94 17 40 122 
Maquina 6 : 193 110 22 152 81 144 119 60 118 145 86 96 130 190 133 188 101 
Maquina 7 : 54 27 5 30 41 154 83 78 8 148 156 25 4 137 0 11 45 57 117 115 37 
Maquina 8 : 46 1 153 139 174 173 149 71 34 32 107 191 73 113 24 61 187 16 108 97 38 
Maquina 9 : 39 199 164 69 123 198 111 141 87 89 10 28 140 59 15 159 29 120 136 
Maquina 10 : 65 35 100 180 128 150 20 167 77 132 70 105 142 196 98 184 143 147 72 
