Instance filename: ./instances/200jobs/instanceLarge945_m=6_n=200_l=40_c=30_s=2.PMTC
Min temperature: 0.1
Max temperature: 0.5
Melhor Solução: 1071
Temp div: 16
MCL: 400
PTL: 75000
Elapsed time was: 503827
Maquina 1 : 172 95 0 148 60 66 159 161 14 156 135 77 113 37 134 45 6 107 32 157 196 137 147 13 12 165 63 50 112 47 145 
Maquina 2 : 22 52 193 86 41 143 73 122 133 176 83 108 75 16 68 149 120 178 36 26 183 103 136 25 140 110 7 158 88 130 118 168 89 141 173 132 
Maquina 3 : 67 154 101 56 184 80 182 181 187 42 119 40 153 59 69 49 71 175 23 105 19 31 1 91 34 64 188 191 57 84 35 15 
Maquina 4 : 126 162 61 199 3 18 170 102 129 65 174 85 142 167 62 8 197 38 43 128 24 46 55 87 152 4 28 114 9 51 189 97 79 17 185 21 121 
Maquina 5 : 164 144 194 99 11 33 100 198 150 90 131 74 116 30 106 179 27 171 5 82 124 177 123 111 163 58 10 72 
Maquina 6 : 78 98 76 138 94 155 160 146 96 117 29 192 54 70 195 53 39 48 93 115 186 166 151 139 127 190 20 92 169 2 180 109 81 125 44 104 
