Instance filename: ./instances/200jobs/instanceLarge1056_m=7_n=200_l=40_c=30_s=2.PMTC
Min temperature: 0.1
Max temperature: 0.5
Melhor Solução: 920
Temp div: 16
MCL: 400
PTL: 75000
Elapsed time was: 703687
Maquina 1 : 51 167 139 163 62 142 1 110 78 94 135 136 46 199 198 171 122 3 150 186 184 123 53 60 36 154 126 27 
Maquina 2 : 34 37 98 54 5 18 73 178 84 43 145 138 109 140 9 91 158 173 120 19 72 196 2 67 49 11 166 96 144 125 
Maquina 3 : 25 83 28 105 21 45 185 76 162 57 13 80 70 77 169 101 100 24 129 194 23 118 115 33 30 15 29 151 
Maquina 4 : 148 181 180 48 128 66 112 20 175 65 131 149 143 39 38 58 179 176 195 41 26 14 141 168 87 165 
Maquina 5 : 75 107 16 35 10 192 4 6 90 71 17 85 152 52 106 92 32 97 146 63 59 82 69 130 89 119 74 
Maquina 6 : 79 61 157 40 197 174 153 133 134 114 177 12 99 8 164 111 193 183 161 160 187 68 117 102 188 56 137 22 50 190 88 132 
Maquina 7 : 0 127 81 155 44 189 55 170 93 147 95 64 31 172 182 116 86 103 113 7 42 124 156 121 104 108 159 191 47 
