Instance filename: ./instances/200jobs/instanceLarge848_m=6_n=200_l=30_c=10_s=1.PMTC
Min temperature: 0.1
Max temperature: 0.5
Melhor Solução: 3365
Temp div: 16
MCL: 400
PTL: 75000
Elapsed time was: 1142665
Maquina 1 : 155 28 180 100 33 10 174 54 22 44 42 145 128 21 38 112 94 83 141 137 107 24 5 142 110 49 98 140 74 198 19 
Maquina 2 : 9 133 147 183 194 53 20 56 151 159 122 35 18 177 70 175 153 124 41 185 48 116 139 196 193 71 172 131 106 32 184 40 
Maquina 3 : 86 78 167 12 148 43 117 189 62 61 7 191 97 13 195 108 168 31 111 119 197 96 169 23 138 59 164 25 118 75 6 103 77 181 30 46 179 63 
Maquina 4 : 64 73 143 192 85 129 121 154 3 156 91 2 162 173 60 126 130 165 72 134 65 113 16 50 132 88 178 90 29 182 89 39 
Maquina 5 : 34 105 157 80 67 115 161 87 15 1 171 136 149 170 4 84 69 17 81 123 93 11 0 104 158 135 26 79 95 92 45 68 37 125 166 
Maquina 6 : 101 187 199 66 144 27 57 176 114 120 188 58 55 36 127 152 52 99 160 76 14 8 190 146 186 47 102 150 51 82 163 109 
