Instance filename: ./instances/200jobs/instanceLarge1174_m=8_n=200_l=40_c=30_s=0.PMTC
Min temperature: 0.1
Max temperature: 0.5
Melhor Solução: 3131
Temp div: 16
MCL: 400
PTL: 75000
Elapsed time was: 978850
Maquina 1 : 148 13 176 105 184 65 25 125 89 140 167 175 141 164 181 27 91 160 100 16 87 39 6 
Maquina 2 : 92 10 33 50 97 197 117 112 52 59 179 144 48 2 22 93 120 11 115 53 169 67 101 191 99 198 
Maquina 3 : 20 24 166 58 121 34 81 86 29 95 109 76 104 151 188 196 199 45 70 37 177 72 182 158 
Maquina 4 : 171 132 129 36 43 30 172 61 23 186 194 85 90 156 84 35 62 98 1 41 128 123 
Maquina 5 : 14 66 83 55 63 54 147 26 42 3 137 60 103 189 31 107 15 159 80 73 168 64 17 195 78 
Maquina 6 : 113 75 40 114 82 185 150 145 157 170 138 88 193 49 46 178 143 44 96 127 133 79 162 174 153 190 149 126 
Maquina 7 : 74 136 165 161 77 187 192 154 69 18 134 71 5 68 119 152 116 163 124 135 122 106 0 183 131 118 12 
Maquina 8 : 173 51 94 9 7 21 47 57 146 108 19 56 155 130 111 32 180 8 38 142 4 110 28 102 139 
