Instance filename: ./instances/200jobs/instanceLarge1184_m=8_n=200_l=40_c=30_s=1.PMTC
Min temperature: 0.1
Max temperature: 0.5
Melhor Solução: 4196
Temp div: 16
MCL: 400
PTL: 75000
Elapsed time was: 429885
Maquina 1 : 32 87 180 8 142 38 4 28 110 117 140 167 152 56 168 73 135 124 63 15 107 159 184 55 132 80 
Maquina 2 : 105 129 173 20 198 14 123 128 41 45 178 197 97 50 199 196 188 151 104 176 13 148 189 3 
Maquina 3 : 21 156 90 84 35 62 98 68 65 42 96 54 26 113 195 78 102 171 143 158 17 150 187 77 
Maquina 4 : 161 122 118 131 183 57 121 81 58 111 130 1 46 47 112 39 170 88 138 157 49 44 109 133 127 145 
Maquina 5 : 169 89 115 93 22 2 48 5 71 134 114 147 103 60 66 139 16 100 9 94 7 69 174 162 79 
Maquina 6 : 166 194 85 0 154 192 120 11 53 191 67 75 101 99 136 165 163 37 51 40 24 18 182 72 19 155 
Maquina 7 : 144 146 92 141 164 83 181 27 125 25 76 33 52 59 179 70 12 64 95 108 160 91 153 190 149 126 
Maquina 8 : 74 119 31 116 177 82 185 186 23 175 61 172 30 43 36 137 29 86 34 193 6 106 10 
