Instance filename: ./instances/200jobs/instanceLarge963_m=7_n=200_l=30_c=10_s=2.PMTC
Min temperature: 0.1
Max temperature: 0.5
Melhor Solução: 967
Temp div: 16
MCL: 400
PTL: 75000
Elapsed time was: 371822
Maquina 1 : 31 82 136 180 13 193 147 131 135 40 6 98 80 111 0 106 2 1 161 18 139 151 126 145 88 51 
Maquina 2 : 183 134 169 12 27 132 129 64 150 160 7 66 102 33 74 59 49 65 55 62 30 148 20 86 171 
Maquina 3 : 28 186 192 25 153 3 19 141 199 93 115 57 120 165 159 156 67 17 144 172 63 54 140 73 94 177 48 188 
Maquina 4 : 182 127 194 112 137 178 37 24 38 190 5 119 154 9 113 75 122 29 121 117 84 167 71 105 52 185 34 26 142 83 110 103 146 
Maquina 5 : 179 90 125 130 69 87 23 99 184 196 197 47 187 39 149 116 97 174 175 152 164 42 195 14 
Maquina 6 : 108 8 198 173 157 118 100 72 15 21 138 4 124 35 114 44 77 89 92 41 95 166 16 170 60 155 43 109 91 11 76 133 128 79 101 
Maquina 7 : 163 107 104 162 46 158 70 22 85 78 68 189 81 61 176 168 53 181 32 58 96 36 191 123 10 143 45 56 50 
