Instance filename: ./instances/200jobs/instanceLarge1208_m=9_n=200_l=30_c=10_s=1.PMTC
Min temperature: 0.1
Max temperature: 0.5
Melhor Solução: 2220
Temp div: 16
MCL: 400
PTL: 75000
Elapsed time was: 906396
Maquina 1 : 187 96 198 103 163 20 38 18 56 145 146 8 190 188 149 178 101 131 41 170 22 119 6 
Maquina 2 : 132 180 13 116 183 137 155 53 61 63 4 42 39 33 114 5 62 130 158 186 177 112 
Maquina 3 : 139 89 173 126 55 159 143 14 26 150 141 30 148 161 75 87 109 165 35 199 189 153 168 
Maquina 4 : 85 74 167 19 100 76 157 21 28 36 43 147 191 23 1 184 27 82 12 160 95 
Maquina 5 : 127 121 192 57 93 107 106 136 60 84 166 102 123 135 73 111 49 68 32 138 78 
Maquina 6 : 34 142 171 134 10 97 80 86 51 129 70 46 117 3 140 17 31 108 67 162 113 24 
Maquina 7 : 59 45 66 52 151 11 79 182 81 91 98 99 179 40 58 104 92 185 72 83 88 50 195 90 110 
Maquina 8 : 115 194 77 133 128 105 164 25 124 54 169 154 152 64 65 120 174 44 94 47 69 
Maquina 9 : 122 156 9 29 172 48 181 0 37 197 176 7 2 71 193 16 15 175 196 144 125 118 
