Instance filename: ./instances/200jobs/instanceLarge1432_m=10_n=200_l=40_c=30_s=0.PMTC
Min temperature: 0.1
Max temperature: 0.5
Melhor Solução: 1382
Temp div: 16
MCL: 400
PTL: 75000
Elapsed time was: 728210
Maquina 1 : 154 83 146 157 21 18 131 178 31 170 67 126 48 72 147 77 10 
Maquina 2 : 28 159 15 87 59 54 127 70 132 41 19 6 158 133 130 190 63 129 74 92 186 102 173 
Maquina 3 : 14 149 118 60 119 144 105 49 79 5 111 27 97 30 58 162 16 65 68 164 141 
Maquina 4 : 123 198 185 199 84 52 108 189 76 69 176 122 171 37 155 50 103 179 33 
Maquina 5 : 145 112 184 181 138 82 160 11 0 137 4 25 156 98 128 180 51 175 182 100 183 
Maquina 6 : 88 35 75 142 47 20 150 167 125 1 46 139 153 140 109 80 95 187 
Maquina 7 : 174 192 93 43 2 62 64 115 117 45 57 135 177 165 106 42 56 191 114 24 
Maquina 8 : 96 86 85 38 134 196 12 23 61 17 94 195 151 44 39 193 110 22 152 
Maquina 9 : 81 188 89 99 163 124 36 161 55 91 166 26 104 121 40 143 197 7 113 73 107 
Maquina 10 : 34 32 71 101 116 194 66 13 90 172 9 3 168 169 53 148 8 78 136 120 29 
