Instance filename: ./instances/200jobs/instanceLarge1087_m=8_n=200_l=30_c=10_s=0.PMTC
Min temperature: 0.1
Max temperature: 0.5
Melhor Solução: 973
Temp div: 16
MCL: 400
PTL: 75000
Elapsed time was: 371398
Maquina 1 : 73 145 146 97 138 155 194 187 101 88 4 118 104 180 197 45 78 109 132 134 151 34 7 42 12 168 79 11 
Maquina 2 : 119 68 58 92 123 3 108 124 89 127 128 178 183 31 158 84 30 90 75 86 72 18 
Maquina 3 : 166 98 39 136 117 27 106 172 35 120 15 36 28 52 195 144 165 173 93 95 91 199 115 96 191 8 62 
Maquina 4 : 46 0 65 184 181 50 43 26 185 17 107 59 29 154 157 61 130 19 162 23 80 47 169 82 67 
Maquina 5 : 193 99 21 71 10 38 150 16 177 33 44 126 174 142 57 164 110 25 60 161 189 196 121 
Maquina 6 : 48 160 131 198 175 37 81 149 13 148 153 103 70 141 24 129 190 94 122 41 156 1 125 5 179 
Maquina 7 : 49 139 55 40 87 14 74 137 112 167 113 64 170 77 53 102 182 111 20 76 100 105 114 63 186 
Maquina 8 : 171 133 163 192 32 51 135 9 6 22 140 143 159 85 83 188 2 56 176 116 66 147 54 69 152 
