Instance filename: ./instances/200jobs/instanceLarge886_m=6_n=200_l=30_c=20_s=0.PMTC
Min temperature: 0.1
Max temperature: 0.5
Melhor Solução: 3195
Temp div: 16
MCL: 400
PTL: 75000
Elapsed time was: 980366
Maquina 1 : 55 148 134 140 75 194 64 30 100 138 188 52 127 72 103 82 137 48 5 122 15 65 133 59 192 16 120 95 90 
Maquina 2 : 136 78 69 44 171 18 85 139 88 114 7 107 19 32 189 113 87 185 58 43 60 23 62 121 108 124 111 151 176 186 
Maquina 3 : 181 172 98 158 61 197 45 106 117 73 125 183 81 132 27 128 0 187 104 12 145 9 123 193 191 162 77 51 119 99 
Maquina 4 : 2 53 24 91 168 157 163 14 110 54 36 173 150 74 146 198 118 31 141 156 94 116 57 33 41 28 170 79 196 83 174 17 80 21 11 29 
Maquina 5 : 93 153 178 35 169 63 68 175 22 126 131 182 10 38 152 67 149 164 165 105 20 101 129 166 71 56 159 167 84 46 4 190 70 13 135 39 26 42 180 
Maquina 6 : 115 76 37 6 112 142 109 97 89 184 195 92 47 160 199 177 34 154 49 50 143 40 66 130 179 155 147 144 102 3 86 161 25 1 8 96 
