Instance filename: ./instances/200jobs/instanceLarge884_m=6_n=200_l=30_c=20_s=1.PMTC
Min temperature: 0.1
Max temperature: 0.5
Melhor Solução: 4149
Temp div: 16
MCL: 400
PTL: 75000
Elapsed time was: 764980
Maquina 1 : 55 191 163 9 123 193 162 21 29 93 77 161 86 102 80 67 188 152 38 10 131 179 126 22 68 175 12 61 45 20 106 23 49 
Maquina 2 : 19 32 79 60 189 113 87 185 58 43 11 120 95 178 90 136 78 69 138 155 30 130 3 25 52 127 72 153 83 196 170 41 28 
Maquina 3 : 176 137 34 48 122 40 5 101 154 158 135 172 98 181 115 186 128 0 187 104 168 157 171 18 85 63 139 17 114 7 184 
Maquina 4 : 47 174 1 8 96 140 70 190 107 46 110 82 66 133 65 15 180 124 111 108 121 62 26 42 132 81 125 73 27 50 143 183 100 
Maquina 5 : 194 64 75 134 173 146 74 198 97 56 160 150 51 199 91 4 116 24 33 182 57 31 141 94 118 156 53 2 99 117 119 147 88 14 164 
Maquina 6 : 149 165 105 129 169 166 71 145 159 167 13 84 54 44 36 148 177 195 92 197 151 35 142 112 6 39 76 37 59 192 16 103 89 109 144 
