Instance filename: ./instances/200jobs/instanceLarge1133_m=8_n=200_l=30_c=20_s=1.PMTC
Min temperature: 0.1
Max temperature: 0.5
Melhor Solução: 3328
Temp div: 16
MCL: 400
PTL: 75000
Elapsed time was: 567619
Maquina 1 : 182 32 142 43 144 138 118 42 71 61 188 48 152 157 126 151 173 132 190 105 181 85 72 19 93 
Maquina 2 : 106 134 5 108 73 81 119 12 160 197 133 68 170 29 87 153 149 18 23 80 176 178 40 57 
Maquina 3 : 84 198 90 52 1 59 156 21 121 75 9 127 145 111 143 146 140 194 39 189 78 193 124 35 122 96 47 195 53 25 171 74 
Maquina 4 : 66 114 6 62 14 179 101 136 169 125 163 99 102 94 27 26 120 3 95 174 150 49 38 
Maquina 5 : 186 165 88 116 10 107 98 54 55 158 22 166 100 137 177 11 115 0 56 36 64 162 16 82 
Maquina 6 : 63 79 141 92 130 167 172 28 185 139 58 7 187 159 183 51 184 191 20 50 97 117 15 192 147 
Maquina 7 : 104 46 65 8 37 112 4 30 91 196 109 180 164 45 24 168 123 76 13 2 44 155 70 129 
Maquina 8 : 113 33 77 89 148 86 161 175 17 199 128 83 103 69 131 110 154 135 34 31 60 41 67 
