Instance filename: ./instances/200jobs/instanceLarge1309_m=9_n=200_l=40_c=30_s=0.PMTC
Min temperature: 0.1
Max temperature: 0.5
Melhor Solução: 1749
Temp div: 16
MCL: 400
PTL: 75000
Elapsed time was: 777779
Maquina 1 : 85 59 66 65 24 36 55 193 34 68 181 31 97 145 64 104 58 86 33 152 74 149 
Maquina 2 : 11 82 115 150 171 41 51 49 195 20 126 72 185 19 144 76 12 122 166 23 161 
Maquina 3 : 16 116 135 39 148 29 45 30 180 98 167 132 79 189 1 69 17 5 107 151 43 186 
Maquina 4 : 52 106 81 198 96 87 141 35 159 118 22 14 196 179 94 137 21 183 4 138 28 92 155 
Maquina 5 : 111 73 182 154 157 139 165 40 188 174 197 27 93 199 101 46 163 108 129 61 127 9 13 
Maquina 6 : 3 10 56 120 114 125 95 124 0 32 60 160 71 162 176 133 123 84 80 50 83 
Maquina 7 : 113 102 158 136 44 110 128 146 130 153 7 147 187 131 2 172 119 100 169 175 109 88 70 143 48 6 
Maquina 8 : 178 54 78 63 184 105 77 99 90 53 194 8 103 164 112 18 177 134 38 47 
Maquina 9 : 156 192 25 91 191 190 170 62 15 168 26 75 57 42 89 140 117 173 142 121 67 37 
