Instance filename: ./instances/200jobs/instanceLarge1418_m=10_n=200_l=40_c=30_s=1.PMTC
Min temperature: 0.1
Max temperature: 0.5
Melhor Solução: 3267
Temp div: 16
MCL: 400
PTL: 75000
Elapsed time was: 489349
Maquina 1 : 12 108 16 58 134 179 75 168 122 37 171 176 197 135 159 15 54 59 140 28 
Maquina 2 : 10 87 83 154 41 118 174 95 50 80 109 139 153 1 89 163 105 62 79 
Maquina 3 : 64 111 27 5 49 144 119 60 128 92 186 74 44 151 68 195 76 65 9 93 30 
Maquina 4 : 187 24 97 162 117 150 45 57 115 61 53 148 4 156 137 0 11 82 138 160 63 129 
Maquina 5 : 190 130 133 132 188 180 147 72 124 173 48 126 67 170 123 164 69 39 
Maquina 6 : 193 23 112 110 102 158 165 56 42 106 177 189 52 84 199 7 14 131 178 18 19 
Maquina 7 : 21 85 31 146 157 36 161 55 91 166 81 152 26 104 47 40 121 103 94 17 
Maquina 8 : 86 96 149 113 73 34 107 32 71 116 25 101 99 172 90 13 66 194 22 
Maquina 9 : 141 51 175 182 77 70 142 46 127 183 88 35 100 20 167 114 6 3 125 192 
Maquina 10 : 43 2 143 184 98 196 181 185 155 145 38 198 33 169 8 78 136 120 191 29 
