Instance filename: ./instances/200jobs/instanceLarge1294_m=9_n=200_l=40_c=30_s=0.PMTC
Min temperature: 0.1
Max temperature: 0.5
Melhor Solução: 878
Temp div: 16
MCL: 400
PTL: 75000
Elapsed time was: 966284
Maquina 1 : 131 187 2 47 38 127 192 149 91 59 85 41 15 40 165 116 128 84 13 113 160 
Maquina 2 : 71 162 176 133 123 29 148 39 135 102 159 118 35 79 189 140 117 173 142 89 121 67 155 
Maquina 3 : 11 33 74 197 188 174 152 105 184 78 63 54 178 6 77 48 183 21 137 94 179 196 14 163 144 97 
Maquina 4 : 132 158 90 120 114 70 125 139 22 185 7 112 177 18 146 130 153 36 193 4 34 156 42 
Maquina 5 : 26 75 30 198 136 143 191 190 170 83 50 180 80 110 44 157 154 182 73 111 28 
Maquina 6 : 92 25 134 172 171 150 115 82 10 3 9 55 46 101 199 108 129 87 58 100 68 181 119 31 
Maquina 7 : 61 169 51 49 56 195 20 126 72 104 64 145 96 141 0 124 95 60 32 98 167 
Maquina 8 : 86 99 45 1 103 164 53 194 8 168 16 57 161 23 166 122 12 76 19 
Maquina 9 : 175 109 88 147 138 93 66 24 65 62 17 69 5 107 151 43 186 106 52 81 27 37 
