Instance filename: ./instances/200jobs/instanceLarge1182_m=8_n=200_l=40_c=30_s=2.PMTC
Min temperature: 0.1
Max temperature: 0.5
Melhor Solução: 857
Temp div: 16
MCL: 400
PTL: 75000
Elapsed time was: 730424
Maquina 1 : 54 147 26 113 78 195 146 108 19 155 144 125 129 123 66 14 198 90 156 84 35 62 98 128 
Maquina 2 : 41 45 160 31 48 2 22 93 120 192 154 111 173 20 119 68 5 71 199 196 188 151 104 76 95 52 59 50 
Maquina 3 : 10 33 167 117 148 13 176 105 34 58 81 121 106 6 39 4 137 65 158 60 24 122 36 43 152 
Maquina 4 : 135 141 83 164 181 27 91 100 145 96 149 190 126 74 177 37 70 51 40 0 131 183 118 64 134 
Maquina 5 : 12 165 163 136 57 99 101 169 67 115 53 11 87 189 103 114 82 185 75 3 182 140 89 132 
Maquina 6 : 25 92 38 142 8 180 191 32 42 30 172 72 179 1 130 46 47 170 112 197 97 178 44 
Maquina 7 : 49 193 138 88 157 109 127 184 133 110 28 102 139 16 186 15 159 107 85 73 168 80 63 55 153 116 
Maquina 8 : 56 61 23 175 194 166 79 162 174 124 69 7 94 9 21 161 77 187 150 17 143 171 18 29 86 
