Instance filename: ./instances/200jobs/instanceLarge1413_m=10_n=200_l=40_c=30_s=2.PMTC
Min temperature: 0.1
Max temperature: 0.5
Melhor Solução: 641
Temp div: 16
MCL: 400
PTL: 75000
Elapsed time was: 591546
Maquina 1 : 193 39 61 187 24 108 16 162 9 183 88 127 25 101 83 87 22 32 
Maquina 2 : 71 149 34 53 148 8 198 123 141 164 65 93 33 179 134 58 38 
Maquina 3 : 97 30 27 5 49 78 79 43 192 125 3 6 114 46 142 70 81 63 152 26 104 121 40 143 47 75 110 
Maquina 4 : 155 50 37 186 92 74 147 72 124 173 48 126 67 197 170 23 94 11 0 137 
Maquina 5 : 4 156 98 128 184 181 138 82 171 122 182 168 169 103 112 129 
Maquina 6 : 96 159 15 59 140 28 10 89 99 172 90 13 66 194 54 135 151 195 107 68 73 113 
Maquina 7 : 7 52 84 199 163 185 86 145 118 41 154 116 132 77 167 20 100 35 136 120 191 29 175 
Maquina 8 : 51 56 42 106 177 165 44 188 180 160 131 18 178 21 19 85 17 146 31 157 
Maquina 9 : 12 196 111 36 161 55 91 166 69 176 76 189 150 45 57 117 115 62 2 1 
Maquina 10 : 153 139 174 95 80 109 64 144 105 119 60 190 130 133 158 102 14 
