Instance filename: ./instances/200jobs/instanceLarge1226_m=9_n=200_l=30_c=10_s=1.PMTC
Min temperature: 0.1
Max temperature: 0.5
Melhor Solução: 2335
Temp div: 16
MCL: 400
PTL: 75000
Elapsed time was: 657104
Maquina 1 : 7 72 2 10 34 32 171 24 94 134 138 139 183 36 43 61 63 119 4 68 
Maquina 2 : 33 182 39 12 160 127 11 146 1 27 109 184 78 46 6 75 144 15 161 148 187 198 
Maquina 3 : 103 158 143 89 112 55 173 87 69 189 126 102 60 99 9 156 29 172 122 20 193 197 
Maquina 4 : 84 125 3 190 93 152 38 130 114 163 8 56 26 88 67 150 85 17 0 108 81 52 151 66 59 
Maquina 5 : 86 51 113 110 129 117 128 80 64 162 82 65 41 170 70 22 101 131 120 58 177 175 62 16 42 186 
Maquina 6 : 121 28 95 50 71 135 97 123 145 25 140 13 149 178 188 53 31 141 30 83 104 
Maquina 7 : 133 168 48 159 181 166 153 165 147 191 142 5 154 18 118 137 155 157 116 23 192 
Maquina 8 : 180 92 49 45 40 79 111 35 105 100 91 107 57 106 136 196 179 199 37 176 195 74 
Maquina 9 : 167 21 98 19 76 132 47 73 174 96 44 169 54 185 124 164 115 14 77 194 90 
