Instance filename: ./instances/200jobs/instanceLarge1088_m=8_n=200_l=30_c=10_s=1.PMTC
Min temperature: 0.1
Max temperature: 0.5
Melhor Solução: 2407
Temp div: 16
MCL: 400
PTL: 75000
Elapsed time was: 1069664
Maquina 1 : 9 6 1 159 140 22 55 62 143 8 154 59 109 58 115 191 46 188 85 60 72 75 185 17 83 190 111 
Maquina 2 : 167 113 71 74 40 36 160 94 87 29 61 128 4 187 101 194 97 155 134 118 138 82 151 145 146 
Maquina 3 : 170 112 96 32 35 148 70 13 14 73 93 81 103 149 132 92 153 11 199 0 24 141 66 91 129 144 
Maquina 4 : 173 100 171 114 63 51 52 186 195 98 165 198 175 37 80 127 89 172 33 50 
Maquina 5 : 122 18 183 45 90 30 178 158 84 31 192 48 86 196 105 39 136 117 123 108 124 49 3 106 104 27 
Maquina 6 : 64 180 197 16 177 44 126 135 15 174 120 25 121 110 116 189 28 10 193 21 150 99 67 
Maquina 7 : 169 47 19 162 23 157 130 107 42 12 79 168 7 164 34 38 20 76 163 133 131 78 139 95 77 137 65 
Maquina 8 : 102 147 69 152 176 54 56 53 2 166 142 161 57 181 182 184 43 88 26 125 156 5 179 41 119 68 
