Instance filename: ./instances/200jobs/instanceLarge949_m=6_n=200_l=40_c=30_s=0.PMTC
Min temperature: 0.1
Max temperature: 0.5
Melhor Solução: 2962
Temp div: 16
MCL: 400
PTL: 75000
Elapsed time was: 540261
Maquina 1 : 172 95 0 92 41 143 73 122 133 83 75 108 196 176 103 136 25 18 170 65 91 64 34 188 191 57 84 183 76 77 130 118 
Maquina 2 : 158 110 7 23 26 54 124 55 46 24 128 43 132 101 154 184 56 80 166 40 181 179 42 140 109 79 52 178 72 97 51 9 189 60 
Maquina 3 : 161 66 12 107 32 157 19 33 119 31 98 82 5 4 1 28 16 152 68 120 81 125 169 180 187 59 153 69 141 173 168 89 61 
Maquina 4 : 175 190 127 20 15 126 162 199 3 164 121 21 185 67 38 62 8 197 87 10 58 177 111 163 93 47 145 22 86 193 144 194 99 11 35 
Maquina 5 : 96 117 146 29 159 171 100 198 27 106 30 116 192 131 74 150 90 113 134 6 45 114 70 195 138 182 44 78 105 49 71 17 48 39 
Maquina 6 : 53 2 135 14 156 160 155 94 165 112 137 63 13 147 148 104 102 37 174 85 142 167 123 50 149 129 88 115 186 139 151 36 
