Instance filename: ./instances/200jobs/instanceLarge1157_m=8_n=200_l=40_c=20_s=1.PMTC
Min temperature: 0.1
Max temperature: 0.5
Melhor Solução: 3155
Temp div: 16
MCL: 400
PTL: 75000
Elapsed time was: 854453
Maquina 1 : 179 50 34 94 124 110 154 31 133 16 177 175 156 2 33 119 28 187 23 197 69 25 43 77 157 40 92 196 
Maquina 2 : 38 27 21 76 180 3 169 198 145 170 143 72 95 85 106 70 150 15 66 109 172 115 4 18 
Maquina 3 : 57 44 101 164 188 103 163 63 121 29 99 127 167 125 161 128 152 36 75 112 84 58 86 199 
Maquina 4 : 79 97 135 138 185 139 17 105 37 90 19 56 26 5 144 45 96 173 153 111 65 107 0 
Maquina 5 : 39 149 73 54 166 89 62 147 87 47 49 82 132 182 151 42 41 160 1 88 183 64 134 162 118 
Maquina 6 : 14 6 142 137 148 184 108 22 32 123 52 98 155 131 178 46 10 68 176 116 61 13 189 11 81 59 
Maquina 7 : 9 186 171 122 181 55 53 78 174 12 83 129 67 117 100 192 48 146 190 140 141 7 51 8 158 113 20 
Maquina 8 : 126 104 159 130 60 93 194 195 80 24 30 168 193 35 165 191 114 102 136 74 120 91 71 
