Instance filename: ./instances/200jobs/instanceLarge1104_m=8_n=200_l=30_c=10_s=2.PMTC
Min temperature: 0.1
Max temperature: 0.5
Melhor Solução: 786
Temp div: 16
MCL: 400
PTL: 75000
Elapsed time was: 727313
Maquina 1 : 159 16 40 61 52 141 66 51 6 5 154 62 43 181 184 122 156 2 182 26 125 41 49 27 87 139 64 179 112 74 14 96 9 143 55 
Maquina 2 : 140 80 103 170 29 19 157 50 23 33 197 118 104 180 101 155 134 187 194 160 97 76 78 102 109 59 95 
Maquina 3 : 195 93 100 173 129 171 117 98 123 128 177 89 172 127 3 36 108 124 92 28 20 0 67 
Maquina 4 : 150 169 132 99 120 73 149 116 174 126 44 1 136 81 135 24 8 32 145 35 148 13 153 111 
Maquina 5 : 37 175 198 165 15 47 189 53 196 161 48 94 17 4 31 18 183 158 178 144 72 90 84 30 45 106 
Maquina 6 : 71 162 193 192 21 163 10 131 164 38 133 186 63 130 105 114 34 42 7 12 168 107 57 
Maquina 7 : 110 79 199 58 11 68 119 70 46 91 191 115 113 75 39 176 188 167 190 83 86 22 
Maquina 8 : 85 77 137 65 69 147 152 54 151 82 138 146 56 166 60 25 121 142 88 185 
