Instance filename: ./instances/200jobs/instanceLarge1422_m=10_n=200_l=40_c=30_s=2.PMTC
Min temperature: 0.1
Max temperature: 0.5
Melhor Solução: 666
Temp div: 16
MCL: 400
PTL: 75000
Elapsed time was: 837878
Maquina 1 : 12 148 128 156 98 137 0 11 4 23 18 92 35 100 48 126 67 
Maquina 2 : 197 170 53 123 141 188 36 111 30 27 5 41 154 83 105 144 119 60 
Maquina 3 : 181 184 145 153 1 139 80 95 174 118 72 124 147 50 122 171 37 155 162 16 39 143 
Maquina 4 : 40 121 104 26 73 107 34 32 71 116 149 173 77 14 109 7 199 84 52 189 108 194 66 
Maquina 5 : 13 90 172 9 49 64 79 75 168 33 179 134 43 87 89 10 28 140 59 
Maquina 6 : 54 15 159 29 191 120 136 78 8 169 198 38 163 185 138 82 47 196 142 46 
Maquina 7 : 70 20 132 167 114 3 183 88 25 127 101 164 68 65 76 195 151 
Maquina 8 : 44 186 74 176 150 131 63 160 178 180 58 99 51 175 129 190 130 133 96 86 103 94 
Maquina 9 : 17 112 110 102 6 158 165 56 42 106 177 135 24 182 45 57 117 115 62 2 93 
Maquina 10 : 192 125 157 146 31 85 21 19 97 187 113 61 161 91 166 55 81 152 22 69 193 
