Instance filename: ./instances/200jobs/instanceLarge946_m=6_n=200_l=40_c=30_s=0.PMTC
Min temperature: 0.1
Max temperature: 0.5
Melhor Solução: 4614
Temp div: 16
MCL: 400
PTL: 75000
Elapsed time was: 1076633
Maquina 1 : 110 7 35 120 151 92 66 41 143 73 133 122 176 83 75 108 86 121 81 115 20 56 190 127 139 166 42 187 59 188 21 137 123 22 186 82 
Maquina 2 : 93 163 111 177 58 10 72 87 78 197 8 62 38 67 185 3 69 29 146 96 117 11 99 194 144 164 45 6 107 32 16 152 195 70 
Maquina 3 : 49 71 17 175 156 14 2 180 169 109 125 25 51 129 134 37 102 104 148 147 13 12 165 34 94 138 161 60 52 54 124 48 39 53 
Maquina 4 : 114 28 4 1 9 135 157 196 136 103 23 189 191 46 128 24 44 76 55 88 183 84 57 179 105 160 155 98 19 31 5 
Maquina 5 : 140 171 100 198 27 106 30 116 192 131 74 150 90 113 77 130 118 168 89 141 173 61 153 40 91 126 43 15 119 33 68 154 101 184 80 
Maquina 6 : 182 132 181 79 97 178 36 26 193 158 159 145 47 112 50 63 149 167 174 85 142 65 170 18 64 162 199 0 95 172 
