Instance filename: ./instances/200jobs/instanceLarge866_m=6_n=200_l=30_c=10_s=1.PMTC
Min temperature: 0.1
Max temperature: 0.5
Melhor Solução: 3417
Temp div: 16
MCL: 400
PTL: 75000
Elapsed time was: 727609
Maquina 1 : 175 153 124 70 177 18 122 35 102 56 183 53 133 20 194 161 106 147 78 120 114 57 27 66 144 157 165 155 10 74 180 24 110 
Maquina 2 : 107 137 141 142 36 94 188 50 32 33 54 132 88 86 184 37 28 101 29 89 108 129 117 46 30 63 199 179 143 64 85 192 123 
Maquina 3 : 69 17 109 159 163 82 174 131 100 167 154 3 119 98 156 121 187 162 5 173 2 93 152 151 9 130 140 126 138 59 84 170 4 51 
Maquina 4 : 21 81 83 196 139 193 172 25 125 11 68 12 135 104 158 112 26 95 45 79 118 75 150 8 164 76 91 77 198 71 19 47 49 146 190 14 
Maquina 5 : 186 38 178 80 166 67 34 169 197 60 31 65 72 168 195 111 171 191 7 61 97 62 13 189 0 176 99 43 148 116 48 
Maquina 6 : 145 44 42 128 22 160 41 40 23 185 96 87 15 134 6 149 136 39 105 73 182 103 181 16 1 115 92 113 90 58 127 55 52 
