Instance filename: ./instances/200jobs/instanceLarge934_m=6_n=200_l=40_c=30_s=0.PMTC
Min temperature: 0.1
Max temperature: 0.5
Melhor Solução: 2047
Temp div: 16
MCL: 400
PTL: 75000
Elapsed time was: 888954
Maquina 1 : 103 23 148 104 102 93 47 112 45 13 12 165 50 34 94 138 76 55 88 160 98 105 31 140 19 82 5 119 91 15 126 43 154 35 
Maquina 2 : 174 85 142 65 170 64 18 66 156 175 168 89 61 141 173 153 40 80 184 132 59 56 147 69 49 71 17 79 189 97 52 72 
Maquina 3 : 78 8 62 38 67 185 21 121 164 186 134 167 129 51 149 37 6 107 25 32 197 163 87 10 58 177 111 84 57 191 188 162 179 99 194 144 
Maquina 4 : 22 123 86 193 135 157 145 53 92 20 127 190 139 166 42 187 181 136 155 196 137 171 159 30 192 116 115 41 143 73 122 133 176 
Maquina 5 : 83 108 75 11 33 100 198 106 27 131 74 150 90 113 77 130 118 158 110 7 128 24 46 152 16 1 4 28 9 114 70 195 182 44 
Maquina 6 : 117 146 29 96 39 48 183 54 124 60 161 63 14 2 180 169 125 109 81 68 101 151 120 178 36 26 3 199 0 95 172 
