Instance filename: ./instances/200jobs/instanceLarge1066_m=7_n=200_l=40_c=30_s=0.PMTC
Min temperature: 0.1
Max temperature: 0.5
Melhor Solução: 1291
Temp div: 16
MCL: 400
PTL: 75000
Elapsed time was: 741250
Maquina 1 : 109 63 189 44 155 162 76 185 4 164 171 111 148 62 59 82 69 89 130 53 40 197 174 153 133 134 8 86 170 
Maquina 2 : 93 147 95 64 31 172 41 182 116 16 57 131 104 108 159 191 47 75 140 168 87 151 110 107 146 106 135 81 52 152 
Maquina 3 : 17 85 71 90 39 83 101 80 13 70 77 113 103 114 56 35 10 166 192 6 188 18 22 137 68 157 34 97 154 
Maquina 4 : 55 51 167 139 163 33 118 23 194 38 88 178 20 112 66 128 48 175 141 12 177 74 79 119 36 61 169 27 126 37 60 
Maquina 5 : 184 186 150 3 122 65 143 129 193 50 190 138 15 32 125 29 117 102 132 30 165 28 144 25 21 45 115 124 
Maquina 6 : 149 42 121 156 7 181 198 179 160 9 91 158 173 120 19 72 196 92 2 67 49 11 96 176 195 58 127 
Maquina 7 : 0 142 78 94 136 46 100 123 98 54 5 199 187 183 161 43 145 84 105 73 1 24 99 26 180 14 
