Instance filename: ./instances/200jobs/instanceLarge1209_m=9_n=200_l=30_c=10_s=2.PMTC
Min temperature: 0.1
Max temperature: 0.5
Melhor Solução: 643
Temp div: 16
MCL: 400
PTL: 75000
Elapsed time was: 518590
Maquina 1 : 112 159 89 55 158 143 90 77 194 189 14 2 83 104 180 92 179 45 49 35 79 111 
Maquina 2 : 150 91 168 81 67 88 85 17 82 74 167 98 21 19 28 100 76 157 192 155 137 
Maquina 3 : 116 23 36 4 147 191 184 12 1 127 149 160 68 87 33 39 114 
Maquina 4 : 130 62 182 151 186 52 177 16 175 42 195 133 5 110 128 27 174 144 75 24 6 96 51 15 129 
Maquina 5 : 140 187 148 163 99 9 156 107 106 136 57 121 84 125 86 97 47 190 38 145 8 18 25 56 60 
Maquina 6 : 146 188 53 131 41 170 58 22 70 26 141 30 198 113 95 120 162 31 178 63 59 66 
Maquina 7 : 105 43 61 93 13 3 126 11 117 50 193 78 46 71 119 139 176 108 7 197 37 196 
Maquina 8 : 0 181 48 199 165 166 153 115 123 103 20 172 29 173 122 102 109 69 65 80 94 32 
Maquina 9 : 10 171 72 134 34 142 138 118 135 154 152 64 169 44 132 40 73 101 183 161 185 54 124 164 
