Instance filename: ./instances/200jobs/instanceLarge1239_m=9_n=200_l=30_c=20_s=2.PMTC
Min temperature: 0.1
Max temperature: 0.5
Melhor Solução: 729
Temp div: 16
MCL: 400
PTL: 75000
Elapsed time was: 850546
Maquina 1 : 179 169 185 40 42 5 183 119 158 193 46 1 115 84 123 150 15 114 8 90 72 55 14 
Maquina 2 : 167 86 166 144 76 160 24 189 9 54 112 94 122 21 78 191 178 13 73 108 138 11 128 51 153 116 
Maquina 3 : 74 99 39 95 10 18 125 195 49 25 29 198 161 27 141 83 88 173 36 188 
Maquina 4 : 152 68 118 190 105 147 0 63 120 154 34 113 165 196 146 111 3 37 133 187 162 
Maquina 5 : 38 131 31 89 148 59 97 33 139 58 127 136 71 30 164 70 142 168 110 41 194 101 28 
Maquina 6 : 181 93 75 92 124 192 172 50 117 61 121 132 12 184 23 100 79 137 151 80 
Maquina 7 : 134 145 20 135 60 44 19 62 85 171 182 149 56 64 65 109 186 177 143 67 174 130 
Maquina 8 : 159 107 35 57 106 77 45 176 163 170 197 2 6 180 47 82 66 199 17 4 129 53 104 157 
Maquina 9 : 98 175 102 155 81 126 16 69 48 87 43 96 156 26 32 91 103 140 52 22 7 
