Instance filename: ./instances/200jobs/instanceLarge1368_m=10_n=200_l=30_c=20_s=2.PMTC
Min temperature: 0.1
Max temperature: 0.5
Melhor Solução: 643
Temp div: 16
MCL: 400
PTL: 75000
Elapsed time was: 371188
Maquina 1 : 25 155 101 108 189 63 132 28 43 48 168 61 36 70 138 7 90 130 73 195 162 53 
Maquina 2 : 151 94 161 118 193 160 121 40 150 67 167 156 134 147 131 8 136 21 42 144 174 93 106 
Maquina 3 : 12 154 91 27 77 102 172 135 32 137 65 37 64 157 83 33 183 54 165 51 122 
Maquina 4 : 197 95 6 171 186 22 105 44 2 191 145 125 29 85 178 55 111 
Maquina 5 : 129 124 158 46 199 1 127 81 146 190 56 66 113 59 109 82 60 31 38 123 120 176 
Maquina 6 : 52 192 177 185 110 89 173 159 24 152 50 14 13 4 184 128 75 76 103 
Maquina 7 : 78 107 16 49 126 143 71 34 26 96 35 114 139 20 3 69 115 39 140 45 
Maquina 8 : 182 15 198 196 104 194 112 0 166 86 148 181 116 11 119 62 58 164 47 97 
Maquina 9 : 19 153 30 80 169 84 92 170 68 141 87 74 5 187 17 142 
Maquina 10 : 98 99 188 133 57 180 72 179 18 100 79 23 163 149 9 175 117 41 10 88 
