Instance filename: ./instances/200jobs/instanceLarge1389_m=10_n=200_l=40_c=20_s=2.PMTC
Min temperature: 0.1
Max temperature: 0.5
Melhor Solução: 609
Temp div: 16
MCL: 400
PTL: 75000
Elapsed time was: 1322920
Maquina 1 : 69 84 22 29 115 147 42 183 168 12 23 135 190 155 191 53 37 131 179 
Maquina 2 : 150 47 109 161 34 154 48 26 193 123 189 127 195 35 107 197 57 46 101 162 165 196 142 
Maquina 3 : 124 100 184 63 175 177 70 6 30 173 136 10 68 160 64 122 5 120 18 170 40 103 8 178 
Maquina 4 : 4 112 102 116 166 14 139 141 104 158 172 93 81 11 113 7 87 128 188 187 105 60 
Maquina 5 : 176 92 149 108 137 45 62 54 96 74 180 21 106 49 76 19 89 33 
Maquina 6 : 119 167 199 144 2 192 163 58 146 79 198 0 31 151 130 71 110 28 1 
Maquina 7 : 148 41 138 25 67 85 73 56 94 83 13 90 126 32 140 36 52 159 
Maquina 8 : 77 43 55 132 20 153 117 174 91 50 185 38 27 125 86 98 99 111 157 
Maquina 9 : 194 143 186 182 65 152 80 39 15 181 75 134 129 88 95 164 78 17 61 169 171 
Maquina 10 : 118 44 66 121 82 114 133 16 156 51 145 72 3 9 59 24 97 
