Instance filename: ./instances/200jobs/instanceLarge1233_m=9_n=200_l=30_c=20_s=2.PMTC
Min temperature: 0.1
Max temperature: 0.5
Melhor Solução: 711
Temp div: 16
MCL: 400
PTL: 75000
Elapsed time was: 472562
Maquina 1 : 171 94 165 112 26 156 96 137 110 43 41 101 158 46 62 19 136 9 149 
Maquina 2 : 88 8 15 174 14 56 55 119 72 69 179 35 82 160 198 185 143 107 50 24 144 76 64 37 154 39 
Maquina 3 : 68 152 10 118 28 130 22 159 173 21 44 57 54 34 113 191 193 78 13 108 11 51 128 178 153 
Maquina 4 : 116 102 16 155 81 85 86 177 77 106 67 111 65 146 109 0 63 29 27 49 87 138 48 
Maquina 5 : 126 131 18 125 195 99 187 115 84 150 32 91 167 122 95 117 42 5 166 183 
Maquina 6 : 40 175 199 25 3 190 61 129 2 4 17 47 197 170 6 163 45 176 12 70 164 74 180 
Maquina 7 : 71 30 145 127 58 139 33 59 89 148 31 121 162 38 97 196 141 83 188 36 161 73 
Maquina 8 : 147 105 120 140 52 103 98 157 104 53 66 20 184 1 23 132 80 100 79 151 134 
Maquina 9 : 60 194 142 168 90 114 92 192 124 135 133 172 93 7 186 182 181 123 75 169 189 
