Instance filename: ./instances/200jobs/instanceLarge1227_m=9_n=200_l=30_c=10_s=2.PMTC
Min temperature: 0.1
Max temperature: 0.5
Melhor Solução: 773
Temp div: 16
MCL: 400
PTL: 75000
Elapsed time was: 473227
Maquina 1 : 141 30 176 14 198 180 53 83 104 167 114 81 67 52 59 66 111 149 73 174 32 94 34 80 78 
Maquina 2 : 142 10 86 17 128 24 108 25 97 26 2 72 110 68 133 143 11 150 159 55 35 49 46 89 112 
Maquina 3 : 152 87 164 124 185 54 44 169 154 135 134 103 8 38 20 163 162 113 31 178 40 
Maquina 4 : 132 137 190 51 16 71 18 79 172 45 0 138 88 39 33 36 186 192 13 42 50 90 62 
Maquina 5 : 151 5 130 158 177 22 58 131 170 41 171 101 65 109 63 4 120 102 61 183 3 116 155 23 
Maquina 6 : 147 43 191 127 1 184 146 27 12 160 98 179 82 74 188 56 187 161 148 
Maquina 7 : 75 15 182 145 144 195 125 175 118 37 199 196 181 48 92 165 7 194 153 123 166 91 168 
Maquina 8 : 85 100 19 76 21 157 28 60 119 95 121 93 57 105 107 84 106 136 47 
Maquina 9 : 99 189 126 139 173 69 193 197 122 9 29 156 6 115 77 70 140 117 64 96 129 
