Instance filename: ./instances/200jobs/instanceLarge1014_m=7_n=200_l=30_c=20_s=2.PMTC
Min temperature: 0.1
Max temperature: 0.5
Melhor Solução: 926
Temp div: 16
MCL: 400
PTL: 75000
Elapsed time was: 309324
Maquina 1 : 158 120 34 72 183 52 4 145 25 170 97 23 69 82 112 24 5 76 111 148 90 110 99 182 86 152 
Maquina 2 : 71 85 100 21 127 0 177 169 197 28 35 133 3 141 11 113 2 55 126 42 50 9 57 77 171 194 8 
Maquina 3 : 154 73 166 79 176 199 119 1 101 136 56 58 117 10 13 54 74 41 139 114 39 192 122 128 78 43 63 105 22 173 
Maquina 4 : 188 40 168 64 129 159 88 48 18 190 175 172 179 104 161 59 137 31 124 155 65 37 184 60 26 67 103 162 7 123 
Maquina 5 : 70 16 135 195 92 157 36 125 118 89 91 180 185 95 15 87 84 61 106 150 156 147 80 146 134 140 68 
Maquina 6 : 47 130 108 187 121 143 20 75 49 19 189 116 98 93 142 164 198 191 186 32 38 132 131 96 46 115 51 45 167 181 17 151 160 
Maquina 7 : 14 102 29 44 107 193 165 196 27 138 144 12 83 53 66 30 178 153 62 33 94 163 149 109 174 81 6 
