Instance filename: ./instances/200jobs/instanceLarge970_m=7_n=200_l=30_c=10_s=0.PMTC
Min temperature: 0.1
Max temperature: 0.5
Melhor Solução: 1244
Temp div: 16
MCL: 400
PTL: 75000
Elapsed time was: 752633
Maquina 1 : 132 103 169 7 129 64 27 12 145 51 89 171 136 70 162 158 44 77 170 166 95 16 41 35 92 157 8 108 198 
Maquina 2 : 14 105 195 29 185 143 66 150 56 22 45 10 50 37 119 190 98 122 178 161 1 43 109 60 127 91 142 88 128 21 114 
Maquina 3 : 138 124 180 31 133 13 193 76 101 82 163 79 99 184 197 196 32 4 47 39 149 116 174 65 107 175 152 84 9 104 
Maquina 4 : 75 173 113 137 112 154 83 34 110 146 179 90 130 125 194 69 87 26 123 153 23 151 183 134 11 139 
Maquina 5 : 172 18 42 71 46 85 111 164 117 93 192 3 19 141 160 199 25 63 28 147 187 97 167 135 131 80 78 
Maquina 6 : 54 57 17 2 52 144 0 6 106 121 40 68 186 189 191 81 168 61 176 58 96 53 24 181 5 38 182 48 94 188 177 
Maquina 7 : 36 102 73 140 126 156 67 165 159 115 120 74 33 62 59 30 148 86 20 155 55 100 15 49 118 72 
