Instance filename: ./instances/200jobs/instanceLarge1073_m=7_n=200_l=40_c=30_s=1.PMTC
Min temperature: 0.1
Max temperature: 0.5
Melhor Solução: 4994
Temp div: 16
MCL: 400
PTL: 75000
Elapsed time was: 938321
Maquina 1 : 46 87 136 100 135 58 146 97 32 85 66 17 71 91 9 138 109 63 189 44 155 162 76 185 21 
Maquina 2 : 45 10 187 183 160 161 8 140 174 153 133 157 179 125 29 117 52 152 106 81 68 20 178 65 131 57 80 77 13 70 
Maquina 3 : 101 42 113 7 103 86 173 88 170 55 38 107 75 122 171 22 198 199 129 143 149 116 182 172 31 64 95 
Maquina 4 : 147 93 137 41 195 176 96 26 123 99 24 167 51 132 196 72 92 165 47 191 159 108 104 121 156 181 30 112 128 48 
Maquina 5 : 14 141 25 50 83 28 60 184 186 3 150 111 193 39 180 90 6 192 166 16 35 56 114 188 18 115 124 37 
Maquina 6 : 98 54 5 1 73 105 84 145 43 175 120 19 118 12 158 2 67 49 78 110 151 168 15 190 194 23 33 
Maquina 7 : 11 94 163 142 0 127 102 34 27 126 169 144 154 61 36 119 79 74 177 4 164 139 148 59 82 62 134 69 89 130 53 197 40 
