Instance filename: ./instances/200jobs/instanceLarge1279_m=9_n=200_l=40_c=20_s=0.PMTC
Min temperature: 0.1
Max temperature: 0.5
Melhor Solução: 1109
Temp div: 16
MCL: 400
PTL: 75000
Elapsed time was: 1115107
Maquina 1 : 191 22 109 112 106 55 170 26 197 60 148 86 180 81 167 124 44 133 132 2 50 63 
Maquina 2 : 175 137 141 46 155 196 198 69 67 103 53 39 74 52 127 40 122 96 45 66 166 
Maquina 3 : 80 128 47 30 168 146 41 161 184 3 82 144 93 156 95 121 150 10 111 88 157 87 
Maquina 4 : 149 34 179 189 151 0 165 190 38 25 61 159 21 145 24 177 62 143 129 154 171 
Maquina 5 : 48 54 32 7 164 116 99 100 163 57 102 8 90 183 36 152 71 182 37 84 
Maquina 6 : 186 174 75 199 123 185 13 193 176 5 138 181 130 139 19 64 72 1 194 85 70 
Maquina 7 : 105 92 110 147 101 114 59 78 104 51 118 89 9 178 153 113 31 14 125 173 76 158 20 117 12 131 
Maquina 8 : 119 108 160 79 91 97 28 35 135 94 73 120 33 16 187 115 83 68 169 49 56 188 23 98 42 
Maquina 9 : 107 43 136 172 77 134 162 142 58 17 192 140 27 195 11 6 18 65 15 29 126 4 
