Instance filename: ./instances/200jobs/instanceLarge918_m=6_n=200_l=40_c=20_s=2.PMTC
Min temperature: 0.1
Max temperature: 0.5
Melhor Solução: 1090
Temp div: 16
MCL: 400
PTL: 75000
Elapsed time was: 969225
Maquina 1 : 62 25 168 31 37 143 56 176 22 102 78 164 161 139 145 170 80 163 65 69 124 38 151 157 158 185 162 28 155 122 173 196 135 125 16 129 
Maquina 2 : 73 101 3 106 15 115 134 117 39 89 160 154 189 42 112 179 119 86 136 137 149 156 9 53 187 2 82 8 198 0 34 140 193 
Maquina 3 : 190 167 104 33 100 186 45 146 95 21 92 75 19 142 52 5 55 194 7 50 40 60 59 105 63 70 64 191 98 90 29 148 93 169 133 
Maquina 4 : 181 180 127 81 43 32 30 116 128 67 51 35 77 36 99 66 18 74 178 121 108 166 103 138 165 192 68 84 174 14 111 48 
Maquina 5 : 46 88 177 12 85 152 171 123 132 47 23 130 41 97 172 83 126 94 17 110 182 118 79 27 147 183 199 96 71 20 26 
Maquina 6 : 184 175 57 72 87 113 44 61 153 131 76 188 159 141 91 54 6 49 13 195 24 1 107 4 150 58 11 109 114 10 197 144 120 
