Instance filename: ./instances/200jobs/instanceLarge1167_m=8_n=200_l=40_c=20_s=2.PMTC
Min temperature: 0.1
Max temperature: 0.5
Melhor Solução: 797
Temp div: 16
MCL: 400
PTL: 75000
Elapsed time was: 471560
Maquina 1 : 16 2 69 117 25 126 8 141 158 6 20 113 7 109 146 91 184 48 190 192 119 33 67 177 156 4 31 
Maquina 2 : 52 186 160 153 59 161 163 185 5 23 107 75 125 47 101 154 37 96 87 132 103 128 124 151 
Maquina 3 : 148 108 100 18 114 44 76 41 115 111 165 122 123 22 110 105 15 172 174 21 129 66 
Maquina 4 : 54 106 73 78 164 39 149 1 42 12 137 14 142 81 130 79 97 135 32 88 197 139 
Maquina 5 : 183 17 64 138 162 83 173 127 188 157 175 63 29 195 53 93 60 35 30 187 65 193 19 85 62 70 
Maquina 6 : 89 74 150 26 191 55 166 168 34 118 50 167 36 152 99 179 27 196 40 80 10 176 155 131 98 46 68 178 
Maquina 7 : 144 116 45 199 38 92 143 86 82 72 0 57 104 121 49 180 189 171 61 
Maquina 8 : 13 140 11 182 51 43 198 94 77 95 194 169 181 3 134 145 170 102 28 24 133 120 71 9 136 56 112 58 90 159 84 147 
