Instance filename: ./instances/200jobs/instanceLarge1219_m=9_n=200_l=30_c=10_s=0.PMTC
Min temperature: 0.1
Max temperature: 0.5
Melhor Solução: 697
Temp div: 16
MCL: 400
PTL: 75000
Elapsed time was: 876675
Maquina 1 : 2 26 97 176 24 181 105 72 85 88 108 17 67 49 162 180 104 83 66 150 30 31 141 178 149 188 
Maquina 2 : 190 145 8 38 197 18 71 193 0 45 138 78 139 171 142 134 119 132 10 34 60 157 56 76 21 25 
Maquina 3 : 100 19 167 98 74 179 28 91 168 121 11 151 99 113 182 52 59 81 35 
Maquina 4 : 79 127 111 92 40 156 163 6 159 187 96 46 64 117 110 128 129 70 140 86 
Maquina 5 : 160 82 107 57 192 125 62 58 50 93 3 123 36 126 33 12 39 7 165 198 109 191 
Maquina 6 : 23 147 43 87 189 194 14 115 143 77 90 55 89 152 112 164 153 169 154 44 
Maquina 7 : 54 124 41 185 73 135 161 183 47 102 166 136 199 95 148 146 170 120 27 75 131 
Maquina 8 : 1 174 94 65 101 80 51 32 69 122 29 172 173 48 9 20 84 37 118 196 175 15 144 106 155 13 
Maquina 9 : 137 16 116 53 61 63 4 114 42 184 68 195 133 5 158 130 177 186 22 103 
