Instance filename: ./instances/200jobs/instanceLarge1240_m=9_n=200_l=30_c=20_s=0.PMTC
Min temperature: 0.1
Max temperature: 0.5
Melhor Solução: 1347
Temp div: 16
MCL: 400
PTL: 75000
Elapsed time was: 561298
Maquina 1 : 7 93 181 123 179 169 185 40 67 35 183 152 42 13 11 178 51 108 36 73 15 141 83 
Maquina 2 : 105 143 190 146 161 154 29 49 27 69 87 25 48 138 99 39 115 18 125 195 188 133 187 
Maquina 3 : 131 148 121 89 31 184 162 139 33 38 97 58 46 110 126 127 71 30 164 74 70 
Maquina 4 : 142 168 114 124 92 192 90 9 189 24 113 34 191 54 57 45 77 167 122 172 
Maquina 5 : 95 117 50 118 199 68 136 160 76 147 17 4 66 53 3 104 157 98 150 132 102 16 155 
Maquina 6 : 81 196 193 1 59 86 177 182 186 62 85 166 171 165 96 26 103 91 32 88 8 
Maquina 7 : 112 94 52 23 19 156 20 134 145 84 80 100 12 79 151 60 5 22 135 107 82 198 
Maquina 8 : 75 149 174 44 78 14 56 21 55 119 72 61 173 129 140 176 175 163 170 6 197 180 2 37 47 
Maquina 9 : 101 158 43 137 41 194 153 116 10 28 159 130 106 128 111 65 109 64 0 63 144 120 
