Instance filename: ./instances/200jobs/instanceLarge864_m=6_n=200_l=30_c=10_s=2.PMTC
Min temperature: 0.1
Max temperature: 0.5
Melhor Solução: 1089
Temp div: 16
MCL: 400
PTL: 75000
Elapsed time was: 785032
Maquina 1 : 57 114 66 144 27 55 4 109 174 17 159 147 160 170 124 183 22 175 153 25 35 122 18 177 70 133 20 194 63 9 152 151 91 187 
Maquina 2 : 173 56 93 5 2 34 136 29 65 60 182 39 111 3 199 154 61 7 97 191 13 195 168 108 72 119 130 190 6 89 30 129 85 
Maquina 3 : 126 46 64 143 179 192 162 8 47 163 53 37 102 68 45 135 26 79 71 95 104 92 86 120 127 58 90 113 1 16 74 19 10 42 36 52 
Maquina 4 : 62 188 94 73 49 181 76 198 103 132 50 54 33 88 106 117 32 12 40 167 83 125 184 193 172 139 196 84 165 0 11 78 116 
Maquina 5 : 48 96 23 185 41 128 142 110 141 137 107 24 180 149 81 69 145 112 123 158 44 98 59 77 121 21 156 171 140 80 161 15 157 105 115 
Maquina 6 : 134 87 67 166 101 186 146 178 31 38 150 82 118 131 51 100 28 14 155 138 164 75 99 169 197 189 43 148 176 
