Instance filename: ./instances/200jobs/instanceLarge1096_m=8_n=200_l=30_c=10_s=0.PMTC
Min temperature: 0.1
Max temperature: 0.5
Melhor Solução: 1781
Temp div: 16
MCL: 400
PTL: 75000
Elapsed time was: 418917
Maquina 1 : 41 122 94 99 71 160 87 40 5 74 14 49 112 83 170 179 55 54 152 147 65 137 69 77 95 8 123 
Maquina 2 : 172 3 108 124 36 92 28 47 10 38 193 21 131 164 57 110 1 162 161 196 189 48 198 136 113 165 144 96 
Maquina 3 : 195 52 98 120 104 180 106 39 64 117 27 197 82 169 150 6 100 63 114 171 37 175 13 
Maquina 4 : 15 70 35 148 145 32 24 199 153 0 129 119 151 67 9 140 22 62 141 102 191 115 58 
Maquina 5 : 91 46 173 93 143 4 109 59 128 154 187 118 194 101 155 73 138 149 97 111 132 12 33 50 
Maquina 6 : 89 80 45 178 18 90 183 30 84 31 127 158 186 133 163 105 11 76 20 34 78 156 125 26 43 134 
Maquina 7 : 88 184 182 2 53 25 86 166 146 75 72 56 17 185 7 168 107 139 79 130 42 157 19 23 29 
Maquina 8 : 121 116 174 60 142 126 177 44 16 135 81 51 181 61 66 159 188 192 103 68 176 190 167 85 
