Instance filename: ./instances/200jobs/instanceLarge1141_m=8_n=200_l=40_c=20_s=0.PMTC
Min temperature: 0.1
Max temperature: 0.5
Melhor Solução: 1791
Temp div: 16
MCL: 400
PTL: 75000
Elapsed time was: 1138211
Maquina 1 : 185 143 92 199 45 131 46 112 68 13 182 11 23 178 158 61 189 152 128 124 9 138 103 125 
Maquina 2 : 135 26 171 1 118 58 86 147 47 97 64 32 87 122 132 151 41 184 100 42 117 12 53 181 83 
Maquina 3 : 129 67 192 48 33 190 140 146 109 113 25 8 150 114 18 119 28 197 168 24 166 111 153 55 
Maquina 4 : 164 96 188 75 82 69 157 77 95 136 43 145 198 170 3 180 134 169 194 195 29 93 60 37 79 57 159 121 
Maquina 5 : 162 49 183 88 85 167 6 20 62 63 56 98 187 40 196 10 22 52 123 160 155 21 70 193 99 
Maquina 6 : 89 174 165 35 191 102 120 71 133 7 74 91 34 139 126 163 51 19 5 90 84 4 144 104 76 15 172 
Maquina 7 : 110 17 44 66 115 0 105 101 78 54 106 149 73 39 80 65 107 137 38 176 72 27 36 179 116 
Maquina 8 : 141 130 14 142 81 108 127 148 161 59 50 94 186 177 31 30 156 173 2 154 175 16 
