Instance filename: ./instances/200jobs/instanceLarge1269_m=9_n=200_l=40_c=20_s=2.PMTC
Min temperature: 0.1
Max temperature: 0.5
Melhor Solução: 723
Temp div: 16
MCL: 400
PTL: 75000
Elapsed time was: 962636
Maquina 1 : 3 131 20 97 135 12 161 181 160 73 168 144 30 130 41 124 76 183 57 90 8 
Maquina 2 : 102 14 53 178 145 159 21 38 25 61 152 106 55 170 26 60 148 6 133 2 50 132 44 
Maquina 3 : 108 63 197 167 180 24 81 164 116 171 99 100 175 163 186 42 162 17 174 0 165 179 87 123 107 88 
Maquina 4 : 35 138 141 54 156 150 111 113 32 93 146 18 36 15 65 29 4 126 71 125 56 142 
Maquina 5 : 86 34 155 137 199 47 13 5 120 16 37 46 117 79 94 119 198 33 110 
Maquina 6 : 31 173 114 59 70 190 187 177 62 189 143 151 158 128 184 80 95 45 83 115 68 98 
Maquina 7 : 49 139 122 77 23 43 28 169 172 11 10 195 27 140 192 196 194 105 48 166 92 72 19 101 
Maquina 8 : 154 147 84 22 64 112 91 75 185 121 193 176 7 129 136 9 78 104 51 89 66 118 153 109 
Maquina 9 : 58 157 1 96 182 40 127 74 39 52 103 149 67 69 191 85 82 188 134 
