Instance filename: ./instances/200jobs/instanceLarge1426_m=10_n=200_l=40_c=30_s=0.PMTC
Min temperature: 0.1
Max temperature: 0.5
Melhor Solução: 2571
Temp div: 16
MCL: 400
PTL: 75000
Elapsed time was: 740598
Maquina 1 : 115 117 57 45 160 131 178 170 67 126 48 72 147 92 186 129 74 150 51 
Maquina 2 : 175 190 130 133 41 19 21 85 31 146 157 124 78 8 148 128 98 156 4 11 
Maquina 3 : 137 0 23 18 195 52 183 88 127 25 101 71 32 107 34 73 191 29 120 136 
Maquina 4 : 35 100 20 167 77 132 99 116 83 87 89 10 28 140 59 54 15 159 96 86 
Maquina 5 : 84 199 185 163 198 123 69 164 68 141 22 110 152 63 81 144 119 60 118 149 
Maquina 6 : 14 173 102 158 165 56 42 106 177 135 24 182 7 197 143 40 121 47 104 26 166 70 142 
Maquina 7 : 46 114 6 3 125 192 184 168 169 180 188 36 111 91 161 61 12 113 134 
Maquina 8 : 196 181 82 138 103 171 37 176 76 189 108 154 50 5 27 30 58 97 38 162 
Maquina 9 : 16 65 94 17 122 112 155 95 80 109 187 174 145 139 153 1 2 
Maquina 10 : 62 43 79 93 33 179 75 105 49 64 9 172 90 13 66 194 55 53 151 44 39 193 
