Instance filename: ./instances/200jobs/instanceLarge1220_m=9_n=200_l=30_c=10_s=1.PMTC
Min temperature: 0.1
Max temperature: 0.5
Melhor Solução: 2275
Temp div: 16
MCL: 400
PTL: 75000
Elapsed time was: 570199
Maquina 1 : 111 150 91 66 59 45 81 52 182 79 99 11 95 39 121 192 93 125 57 107 106 136 84 123 166 102 
Maquina 2 : 153 165 199 92 189 14 2 83 104 180 117 62 58 130 114 50 56 195 68 42 184 
Maquina 3 : 133 5 41 110 177 6 75 15 196 175 144 176 118 137 157 155 183 76 36 43 4 116 147 
Maquina 4 : 21 28 60 186 138 33 109 149 190 3 17 86 13 10 142 134 171 34 78 80 24 94 32 51 
Maquina 5 : 65 128 101 16 71 120 53 63 61 178 31 30 26 141 162 113 163 188 70 22 
Maquina 6 : 170 148 54 124 185 73 135 161 174 47 146 27 131 1 127 12 160 82 191 23 156 
Maquina 7 : 122 29 18 172 69 173 97 9 72 181 48 0 37 98 179 40 197 167 108 193 168 74 85 
Maquina 8 : 67 19 100 38 7 103 143 55 126 139 112 89 159 88 46 151 49 158 77 90 105 115 35 194 
Maquina 9 : 8 44 169 154 152 64 87 198 132 119 96 187 164 129 25 140 145 20 
