Instance filename: ./instances/200jobs/instanceLarge1109_m=8_n=200_l=30_c=10_s=1.PMTC
Min temperature: 0.1
Max temperature: 0.5
Melhor Solução: 2475
Temp div: 16
MCL: 400
PTL: 75000
Elapsed time was: 890810
Maquina 1 : 169 166 117 136 39 106 47 71 162 45 84 18 90 30 158 183 31 178 127 173 46 93 128 72 171 3 129 180 104 145 
Maquina 2 : 165 195 144 52 186 98 197 118 188 75 60 182 53 25 102 95 56 181 88 91 43 184 87 4 26 154 
Maquina 3 : 179 5 125 41 122 49 176 86 147 69 54 152 65 137 77 64 112 14 83 74 167 113 85 190 68 
Maquina 4 : 119 159 1 151 9 140 55 22 62 8 141 191 96 115 58 109 59 78 143 130 135 76 192 187 
Maquina 5 : 194 101 134 155 139 138 146 11 32 148 13 175 111 37 198 172 48 121 160 189 110 161 
Maquina 6 : 196 35 120 73 97 149 81 132 24 0 103 99 66 164 131 150 20 36 28 10 21 82 67 193 199 153 133 163 
Maquina 7 : 108 89 124 38 92 123 27 177 156 34 100 63 15 114 170 105 70 17 57 185 7 168 12 
Maquina 8 : 107 33 42 79 157 23 19 50 29 94 61 80 116 2 142 174 126 44 40 16 51 6 
