Instance filename: ./instances/200jobs/instanceLarge1130_m=8_n=200_l=30_c=20_s=1.PMTC
Min temperature: 0.1
Max temperature: 0.5
Melhor Solução: 3255
Temp div: 16
MCL: 400
PTL: 75000
Elapsed time was: 960153
Maquina 1 : 144 142 115 43 32 193 95 153 3 19 149 87 29 68 170 133 197 60 67 160 12 195 4 49 122 140 35 143 58 
Maquina 2 : 177 166 22 158 55 54 100 178 84 1 182 80 190 180 109 196 198 91 150 44 164 192 92 104 46 
Maquina 3 : 65 8 37 14 179 93 121 155 70 129 41 113 33 77 137 11 86 148 125 81 168 38 186 31 191 
Maquina 4 : 52 47 156 21 53 6 119 114 136 101 163 169 99 120 27 94 26 102 110 90 131 69 25 42 71 
Maquina 5 : 159 118 72 85 181 78 105 0 56 64 36 162 16 82 79 63 151 141 15 167 45 185 28 130 
Maquina 6 : 172 173 89 132 61 126 188 5 106 147 75 9 145 146 111 176 194 39 189 103 124 57 59 139 18 
Maquina 7 : 40 23 174 138 184 134 187 7 51 24 2 135 73 108 76 123 13 83 128 199 17 175 161 
Maquina 8 : 171 74 154 96 127 62 183 66 112 30 34 48 152 157 20 50 97 117 165 116 10 88 107 98 
