Instance filename: ./instances/200jobs/instanceLarge864_m=6_n=200_l=30_c=10_s=2.PMTC
Min temperature: 0.1
Max temperature: 0.5
Melhor Solução: 1080
Temp div: 16
MCL: 400
PTL: 75000
Elapsed time was: 489650
Maquina 1 : 71 172 139 193 125 183 175 79 70 177 122 165 155 196 153 128 41 185 48 169 170 138 116 142 148 58 43 189 84 75 176 
Maquina 2 : 23 25 118 3 96 197 168 182 111 39 65 29 60 2 126 119 173 162 98 187 91 164 151 56 13 195 95 137 102 47 8 190 
Maquina 3 : 38 186 146 14 152 178 72 134 90 113 16 50 73 132 88 103 1 157 136 31 18 67 80 105 34 166 35 108 
Maquina 4 : 101 28 120 86 114 57 127 55 87 99 188 62 36 94 52 32 131 192 124 42 40 22 44 156 158 77 121 92 115 104 154 5 74 93 
Maquina 5 : 0 12 78 167 68 11 135 45 163 26 76 181 19 198 140 49 21 141 110 107 24 180 81 149 17 69 145 112 61 7 191 97 171 83 15 184 161 20 117 106 
Maquina 6 : 133 53 147 9 159 179 64 123 143 46 63 199 85 129 30 6 130 51 59 144 4 109 27 66 37 174 82 100 160 150 194 54 89 33 10 
