Instance filename: ./instances/200jobs/instanceLarge1288_m=9_n=200_l=40_c=20_s=0.PMTC
Min temperature: 0.1
Max temperature: 0.5
Melhor Solução: 2481
Temp div: 16
MCL: 400
PTL: 75000
Elapsed time was: 549636
Maquina 1 : 73 12 161 181 188 146 82 3 41 30 128 80 132 158 37 44 199 193 57 160 79 107 91 136 172 
Maquina 2 : 68 104 98 42 43 49 139 77 23 169 125 122 45 66 40 96 39 1 118 84 131 100 117 
Maquina 3 : 51 178 61 54 147 105 194 85 70 48 92 166 72 64 153 182 130 36 174 183 81 121 8 90 163 
Maquina 4 : 102 17 142 58 46 28 86 19 47 120 5 13 16 33 176 129 7 9 141 191 78 115 155 177 110 
Maquina 5 : 69 148 60 26 101 170 55 56 106 53 152 76 75 94 0 22 134 162 138 35 123 88 
Maquina 6 : 95 112 185 167 171 164 116 137 186 34 179 189 165 190 151 187 59 114 14 
Maquina 7 : 173 31 109 159 38 21 180 89 196 24 25 126 154 97 143 74 62 135 83 99 
Maquina 8 : 29 71 4 15 18 65 6 145 11 157 195 10 27 140 192 168 184 198 119 67 
Maquina 9 : 149 103 175 127 63 50 108 2 52 124 144 87 197 133 32 93 113 20 111 156 150 
