Instance filename: ./instances/200jobs/instanceLarge1244_m=9_n=200_l=30_c=20_s=1.PMTC
Min temperature: 0.1
Max temperature: 0.5
Melhor Solução: 2677
Temp div: 16
MCL: 400
PTL: 75000
Elapsed time was: 767748
Maquina 1 : 166 86 55 113 165 189 24 44 20 60 23 134 80 100 72 148 26 96 156 
Maquina 2 : 125 131 126 48 185 84 5 177 0 109 65 173 128 106 167 91 45 196 
Maquina 3 : 81 155 16 102 154 116 153 51 11 138 108 73 13 191 178 78 174 56 14 21 57 77 122 
Maquina 4 : 54 34 112 36 120 144 63 64 146 135 130 159 107 35 85 198 160 82 69 179 123 18 181 
Maquina 5 : 182 186 62 158 19 46 110 137 43 41 101 38 133 93 75 92 124 50 192 172 95 103 59 149 
Maquina 6 : 7 129 52 190 22 140 176 175 6 2 4 17 199 47 66 170 197 163 183 169 42 12 61 
Maquina 7 : 89 1 162 121 184 31 151 79 67 90 142 168 9 30 136 145 71 127 139 97 33 58 193 
Maquina 8 : 40 117 114 76 37 111 152 194 3 68 10 39 28 195 99 187 115 119 180 147 150 132 98 157 
Maquina 9 : 53 104 74 70 164 171 94 32 88 8 15 161 141 83 188 105 143 118 29 25 49 87 27 
