Instance filename: ./instances/200jobs/instanceLarge845_m=6_n=200_l=30_c=10_s=1.PMTC
Min temperature: 0.1
Max temperature: 0.5
Melhor Solução: 3502
Temp div: 16
MCL: 400
PTL: 75000
Elapsed time was: 390928
Maquina 1 : 165 166 108 65 72 56 119 130 15 105 87 103 182 1 136 157 31 18 67 122 151 152 159 177 80 14 153 35 196 155 175 125 25 
Maquina 2 : 158 193 139 172 71 184 115 40 86 68 0 12 167 135 83 11 78 116 110 104 137 107 24 29 2 34 162 173 93 187 5 156 3 154 121 77 51 59 
Maquina 3 : 98 21 140 170 4 17 81 69 145 79 112 123 45 16 149 88 178 39 44 42 46 169 138 23 185 41 22 160 99 128 84 124 32 
Maquina 4 : 188 94 36 142 141 49 70 126 9 133 147 20 194 183 53 106 120 28 161 134 54 33 117 101 63 37 109 82 174 146 131 100 
Maquina 5 : 180 10 74 198 19 8 73 179 26 181 76 176 50 132 143 64 192 85 129 30 89 6 91 164 13 75 47 118 102 150 38 190 95 186 
Maquina 6 : 163 92 55 52 127 113 90 60 197 96 111 48 168 195 191 171 7 97 61 62 148 189 43 58 114 57 199 66 144 27 
