Instance filename: ./instances/200jobs/instanceLarge1089_m=8_n=200_l=30_c=10_s=2.PMTC
Min temperature: 0.1
Max temperature: 0.5
Melhor Solução: 740
Temp div: 16
MCL: 400
PTL: 75000
Elapsed time was: 847671
Maquina 1 : 177 33 16 44 135 126 136 174 116 66 25 121 132 81 108 60 124 149 18 89 73 
Maquina 2 : 47 80 50 178 122 90 45 158 30 31 84 183 127 36 82 151 69 86 138 53 146 166 182 95 77 
Maquina 3 : 78 156 125 26 88 184 0 62 93 8 96 191 115 91 46 173 185 72 17 75 94 161 48 196 189 172 106 
Maquina 4 : 71 160 104 87 5 27 49 3 4 179 41 110 119 68 58 11 92 123 117 39 98 37 198 
Maquina 5 : 175 15 35 145 165 195 144 51 52 103 130 120 197 142 70 170 148 13 100 153 114 186 43 181 63 
Maquina 6 : 57 164 20 7 34 168 12 107 139 42 79 169 157 162 23 19 29 61 59 128 154 109 187 118 180 101 194 134 155 97 76 
Maquina 7 : 131 133 163 192 105 171 32 129 24 141 199 38 28 150 99 67 10 21 193 140 2 188 176 
Maquina 8 : 56 54 102 137 152 65 22 55 190 85 111 167 83 147 143 64 112 14 74 113 40 6 1 159 9 
