Instance filename: ./instances/200jobs/instanceLarge862_m=6_n=200_l=30_c=10_s=0.PMTC
Min temperature: 0.1
Max temperature: 0.5
Melhor Solução: 2818
Temp div: 16
MCL: 400
PTL: 75000
Elapsed time was: 495802
Maquina 1 : 164 13 76 14 150 112 49 190 102 122 70 79 18 177 134 1 88 178 16 149 83 42 38 21 98 81 59 51 84 4 69 93 123 152 155 145 
Maquina 2 : 131 44 153 48 78 115 0 90 116 142 148 43 176 189 197 169 55 173 29 126 2 58 47 199 129 85 192 64 8 46 30 181 
Maquina 3 : 194 6 198 89 10 180 138 137 107 24 110 141 140 94 188 128 124 99 160 22 41 185 23 96 39 136 111 130 73 60 72 165 65 
Maquina 4 : 108 119 168 195 171 191 97 7 182 36 62 61 50 143 132 33 179 103 54 159 118 100 28 91 186 82 35 146 56 151 75 92 52 77 
Maquina 5 : 86 127 3 120 144 27 66 114 57 101 166 67 80 31 105 87 157 15 117 20 161 106 133 9 53 147 63 37 45 68 163 135 26 
Maquina 6 : 95 104 71 11 19 113 162 34 156 121 74 187 5 167 154 40 12 32 184 172 174 170 109 17 139 196 193 158 183 175 125 25 
