Instance filename: ./instances/200jobs/instanceLarge1031_m=7_n=200_l=40_c=20_s=1.PMTC
Min temperature: 0.1
Max temperature: 0.5
Melhor Solução: 3718
Temp div: 16
MCL: 400
PTL: 75000
Elapsed time was: 971981
Maquina 1 : 40 81 196 10 179 106 24 115 121 58 102 31 1 138 188 84 181 25 175 45 191 119 143 53 197 145 161 17 69 195 44 96 
Maquina 2 : 166 160 27 163 18 4 67 52 65 54 49 62 158 41 180 144 118 47 88 189 185 165 11 112 36 91 
Maquina 3 : 153 26 130 13 103 83 139 107 86 147 194 124 129 152 97 168 156 39 198 32 38 66 95 98 21 3 192 125 132 
Maquina 4 : 167 186 174 94 60 76 59 173 42 90 22 7 85 100 28 71 37 113 134 63 55 20 149 127 77 64 43 133 
Maquina 5 : 146 137 170 120 131 79 108 169 93 75 48 157 82 16 51 30 187 142 57 34 141 176 50 72 177 78 92 135 128 
Maquina 6 : 164 56 183 8 190 178 150 199 114 140 117 0 87 171 29 19 33 61 151 155 99 74 193 116 159 136 
Maquina 7 : 123 148 15 111 162 9 105 104 6 154 109 14 89 12 23 184 80 172 2 70 73 5 122 182 35 126 101 46 68 110 
