Instance filename: ./instances/200jobs/instanceLarge954_m=6_n=200_l=40_c=30_s=2.PMTC
Min temperature: 0.1
Max temperature: 0.5
Melhor Solução: 1154
Temp div: 16
MCL: 400
PTL: 75000
Elapsed time was: 834657
Maquina 1 : 11 99 194 144 193 52 22 145 47 112 121 163 111 177 58 10 17 71 49 69 195 70 172 95 0 20 113 37 134 45 6 107 32 197 102 31 137 
Maquina 2 : 157 196 176 103 136 166 151 139 186 164 3 199 162 64 18 170 65 142 85 174 126 15 43 128 24 46 55 87 159 171 100 198 27 
Maquina 3 : 179 57 84 183 124 54 23 78 97 8 62 38 67 185 25 190 169 72 187 180 92 152 16 28 1 4 109 125 44 51 
Maquina 4 : 9 114 53 39 48 2 182 80 56 184 132 191 59 188 21 82 93 123 19 115 41 143 73 133 122 83 75 108 86 110 7 35 
Maquina 5 : 127 140 165 42 33 5 119 88 91 40 153 173 141 61 168 89 175 129 158 118 130 77 34 76 138 94 155 50 63 12 13 147 148 104 90 150 
Maquina 6 : 74 131 192 116 30 106 146 96 29 117 26 36 178 120 149 68 154 81 101 167 181 79 189 60 161 66 14 135 156 160 98 105 
