Instance filename: ./instances/200jobs/instanceLarge877_m=6_n=200_l=30_c=20_s=0.PMTC
Min temperature: 0.1
Max temperature: 0.5
Melhor Solução: 2783
Temp div: 16
MCL: 400
PTL: 75000
Elapsed time was: 632872
Maquina 1 : 144 97 103 181 186 115 94 154 50 148 104 187 0 27 132 183 81 73 125 92 117 106 197 45 61 175 126 131 68 129 20 101 105 
Maquina 2 : 165 149 164 14 13 36 54 44 155 109 71 7 169 22 166 159 62 26 190 42 60 135 46 4 107 162 66 191 193 123 122 82 133 65 15 180 
Maquina 3 : 151 41 176 111 124 108 10 95 171 25 85 18 63 139 88 17 114 152 38 3 192 59 167 84 5 172 158 40 24 91 168 
Maquina 4 : 89 16 53 163 98 70 1 118 33 110 28 137 157 48 80 55 195 177 184 134 140 75 194 64 30 170 196 83 100 138 188 52 127 72 
Maquina 5 : 34 179 143 130 49 160 199 19 189 32 79 113 87 185 58 23 178 21 153 35 142 39 112 6 77 76 128 174 96 8 12 173 67 102 
Maquina 6 : 86 161 93 147 29 37 11 43 116 9 145 121 156 2 99 182 119 51 57 141 31 146 74 56 198 150 90 69 136 78 47 120 
