Instance filename: ./instances/200jobs/instanceLarge1267_m=9_n=200_l=40_c=20_s=0.PMTC
Min temperature: 0.1
Max temperature: 0.5
Melhor Solução: 2317
Temp div: 16
MCL: 400
PTL: 75000
Elapsed time was: 1016458
Maquina 1 : 46 142 115 17 155 192 140 27 10 195 11 51 150 109 111 156 73 131 113 99 
Maquina 2 : 42 100 171 175 164 7 116 121 137 81 180 197 167 63 44 124 86 133 50 132 2 106 47 120 
Maquina 3 : 191 185 95 147 37 80 128 68 107 58 193 13 84 5 4 141 20 29 32 18 15 6 
Maquina 4 : 65 19 56 71 173 97 160 35 135 108 187 152 83 129 59 114 170 148 60 26 
Maquina 5 : 69 101 55 67 149 163 98 52 103 74 127 136 172 77 43 139 122 87 88 134 138 123 
Maquina 6 : 162 22 64 112 0 130 182 54 1 72 194 70 48 166 85 105 92 104 40 157 169 23 125 49 78 
Maquina 7 : 39 96 45 66 16 3 94 161 33 91 12 188 119 79 82 41 146 168 30 144 184 181 158 
Maquina 8 : 93 199 102 176 178 9 118 153 89 38 53 145 21 159 61 196 25 24 126 154 143 62 
Maquina 9 : 177 190 189 151 165 34 179 186 174 75 8 90 57 183 36 76 28 110 14 198 117 31 
