Instance filename: ./instances/200jobs/instanceLarge875_m=6_n=200_l=30_c=20_s=1.PMTC
Min temperature: 0.1
Max temperature: 0.5
Melhor Solução: 4170
Temp div: 16
MCL: 400
PTL: 75000
Elapsed time was: 645313
Maquina 1 : 159 71 169 166 129 101 122 50 47 199 123 177 49 103 72 82 65 37 133 76 25 182 6 112 139 88 17 114 73 81 27 132 128 77 193 67 44 40 
Maquina 2 : 84 39 4 180 190 46 42 26 167 62 69 51 160 162 79 107 147 15 124 34 66 19 153 174 83 196 127 142 100 138 28 188 91 52 130 
Maquina 3 : 68 143 154 125 179 126 10 137 131 175 12 152 38 3 5 78 59 192 16 120 178 35 18 85 151 43 176 41 111 108 
Maquina 4 : 94 9 163 121 156 118 31 141 57 33 116 24 99 2 22 119 117 165 164 149 14 110 36 97 70 54 98 135 20 158 172 155 181 95 
Maquina 5 : 53 186 115 13 48 170 183 30 64 194 75 140 134 173 146 74 56 198 150 90 136 171 157 168 7 63 55 195 92 
Maquina 6 : 197 106 45 23 105 145 104 187 0 61 144 102 80 109 89 184 1 148 96 191 86 161 8 93 21 29 11 185 58 87 113 189 60 32 
