Instance filename: ./instances/200jobs/instanceLarge1115_m=8_n=200_l=30_c=20_s=1.PMTC
Min temperature: 0.1
Max temperature: 0.5
Melhor Solução: 3326
Temp div: 16
MCL: 400
PTL: 75000
Elapsed time was: 649444
Maquina 1 : 110 90 146 78 69 170 131 87 154 29 68 133 197 77 5 67 81 160 12 138 17 119 55 151 158 137 22 111 93 6 116 166 100 
Maquina 2 : 84 40 23 41 24 135 7 91 198 196 4 180 109 3 95 120 153 11 80 176 178 187 
Maquina 3 : 167 172 28 190 132 173 89 142 171 74 140 47 195 122 174 35 124 193 189 51 194 1 39 145 34 48 152 
Maquina 4 : 96 157 18 149 26 94 102 27 99 169 163 136 101 127 114 62 156 21 121 75 9 57 59 139 143 177 58 
Maquina 5 : 97 117 50 191 31 20 52 54 53 98 107 88 10 85 105 181 118 30 60 45 70 155 44 2 129 113 
Maquina 6 : 33 86 148 125 164 192 150 186 38 49 168 165 179 37 8 65 46 92 104 103 144 
Maquina 7 : 115 43 32 175 199 128 83 159 13 76 123 130 15 141 19 185 161 63 42 71 147 
Maquina 8 : 61 126 188 106 108 25 73 184 134 183 14 112 79 72 16 82 66 162 36 182 64 56 0 
