Instance filename: ./instances/200jobs/instanceLarge1417_m=10_n=200_l=40_c=30_s=0.PMTC
Min temperature: 0.1
Max temperature: 0.5
Melhor Solução: 754
Temp div: 16
MCL: 400
PTL: 75000
Elapsed time was: 771978
Maquina 1 : 183 88 25 127 101 83 164 141 123 198 33 65 35 100 20 167 132 77 125 
Maquina 2 : 135 189 76 69 176 74 129 92 186 48 126 67 170 2 62 43 196 163 
Maquina 3 : 93 179 75 79 64 9 172 90 13 66 194 169 188 36 85 161 73 32 107 34 71 149 
Maquina 4 : 145 118 60 119 105 144 109 80 95 155 171 122 168 182 103 175 29 191 
Maquina 5 : 120 136 78 8 148 4 156 137 0 11 57 45 117 61 115 37 1 153 139 185 
Maquina 6 : 112 17 94 121 40 47 104 26 91 166 55 81 152 22 110 193 39 44 68 195 
Maquina 7 : 151 53 14 197 18 131 178 19 21 41 133 130 190 63 114 24 96 86 38 52 
Maquina 8 : 199 84 7 116 99 89 87 10 28 140 59 54 15 159 160 138 82 181 98 128 180 3 
Maquina 9 : 51 192 174 50 173 147 72 134 58 143 70 184 46 142 150 165 177 106 42 56 158 6 
Maquina 10 : 102 5 27 111 23 49 113 30 187 97 162 16 108 12 31 157 146 124 154 
