Instance filename: ./instances/200jobs/instanceLarge1426_m=10_n=200_l=40_c=30_s=0.PMTC
Min temperature: 0.1
Max temperature: 0.5
Melhor Solução: 2606
Temp div: 16
MCL: 400
PTL: 75000
Elapsed time was: 689511
Maquina 1 : 154 124 43 62 2 94 11 0 137 98 156 128 148 53 61 115 37 46 1 153 139 
Maquina 2 : 149 77 173 14 131 178 170 123 141 164 83 101 127 25 88 183 117 142 196 162 
Maquina 3 : 50 155 87 159 15 54 59 140 28 10 89 99 172 64 105 75 79 168 112 102 110 158 6 
Maquina 4 : 67 48 126 197 40 44 151 195 68 18 192 125 3 114 167 20 91 160 63 190 130 
Maquina 5 : 133 96 30 97 38 58 134 179 145 93 180 184 169 9 147 72 118 174 
Maquina 6 : 95 80 109 27 161 129 186 92 74 23 12 157 31 146 17 85 19 21 41 
Maquina 7 : 8 198 33 111 36 188 81 55 166 47 90 13 66 194 132 22 193 
Maquina 8 : 69 189 76 4 122 78 5 49 144 119 60 181 138 82 171 176 150 45 57 
Maquina 9 : 135 177 165 106 42 56 100 51 175 182 104 121 26 152 116 32 107 34 71 103 
Maquina 10 : 86 163 185 84 199 52 7 70 143 39 16 187 24 113 73 108 29 191 120 136 65 35 
