Instance filename: ./instances/200jobs/instanceLarge1006_m=7_n=200_l=30_c=20_s=0.PMTC
Min temperature: 0.1
Max temperature: 0.5
Melhor Solução: 2598
Temp div: 16
MCL: 400
PTL: 75000
Elapsed time was: 692865
Maquina 1 : 134 144 138 12 62 66 146 53 130 68 47 23 37 82 103 67 61 87 150 15 95 185 175 70 186 32 
Maquina 2 : 132 51 96 115 46 36 86 131 157 110 99 142 93 91 182 108 198 116 49 20 75 26 127 143 173 105 22 63 43 
Maquina 3 : 169 28 197 190 35 133 140 111 141 11 113 76 187 158 165 178 153 164 94 120 34 72 167 183 195 104 161 74 
Maquina 4 : 50 57 180 9 17 0 42 55 98 2 117 58 10 13 54 41 114 39 192 90 139 122 128 78 106 147 156 80 100 19 21 
Maquina 5 : 170 25 145 4 73 109 149 33 163 181 126 194 168 64 129 159 88 48 154 166 79 176 199 119 1 101 136 56 
Maquina 6 : 6 177 81 188 121 31 174 65 124 52 60 97 189 45 29 102 160 151 155 135 184 137 191 162 69 7 40 14 44 
Maquina 7 : 84 107 193 196 179 27 16 59 123 24 112 5 85 172 148 38 92 3 125 118 89 152 30 71 171 77 18 83 8 
