Instance filename: ./instances/200jobs/instanceLarge1030_m=7_n=200_l=40_c=20_s=0.PMTC
Min temperature: 0.1
Max temperature: 0.5
Melhor Solução: 3173
Temp div: 16
MCL: 400
PTL: 75000
Elapsed time was: 800470
Maquina 1 : 109 22 184 6 14 9 41 2 73 70 138 148 19 171 87 117 140 114 199 190 72 180 98 174 121 192 125 
Maquina 2 : 53 66 39 176 179 50 183 132 198 68 46 64 35 126 177 110 122 8 97 34 178 63 55 102 20 141 47 118 185 108 131 
Maquina 3 : 93 94 146 128 137 189 31 133 58 29 127 149 1 188 43 77 161 84 181 25 175 80 119 197 101 45 143 129 187 95 123 
Maquina 4 : 191 135 26 104 12 28 172 107 92 89 78 167 186 113 65 142 147 67 18 163 52 27 160 44 69 30 96 
Maquina 5 : 158 62 49 42 5 111 162 90 59 105 173 165 10 40 83 7 150 81 196 106 115 24 164 17 15 168 193 152 145 
Maquina 6 : 156 23 134 195 124 154 74 182 116 61 33 155 151 159 136 21 0 76 86 91 57 51 16 157 48 82 75 3 
Maquina 7 : 194 88 169 56 85 170 4 120 166 79 99 54 144 36 32 38 71 100 37 130 60 139 103 13 11 112 153 
