Instance filename: ./instances/200jobs/instanceLarge932_m=6_n=200_l=40_c=30_s=1.PMTC
Min temperature: 0.1
Max temperature: 0.5
Melhor Solução: 5701
Temp div: 16
MCL: 400
PTL: 75000
Elapsed time was: 419795
Maquina 1 : 172 95 0 134 185 62 11 99 194 144 73 143 41 108 176 122 167 189 23 38 97 78 8 75 139 190 127 129 37 67 154 43 133 
Maquina 2 : 115 88 55 116 47 145 22 86 193 158 110 7 35 56 117 29 96 146 106 30 27 179 171 198 100 33 126 119 91 15 188 170 65 142 85 174 72 180 169 
Maquina 3 : 2 109 49 71 17 53 39 48 52 177 111 58 10 87 1 4 9 28 114 70 195 152 16 32 107 6 149 45 164 197 21 123 93 
Maquina 4 : 163 83 82 5 140 19 31 98 155 160 105 138 94 34 130 118 168 89 61 175 173 141 153 69 59 191 46 24 128 121 76 183 84 
Maquina 5 : 57 124 54 60 20 186 112 63 50 165 12 13 147 148 104 192 131 74 150 90 113 77 135 156 14 66 161 159 136 103 196 
Maquina 6 : 137 102 157 182 132 184 80 40 166 42 187 181 79 92 178 151 120 101 68 81 125 44 51 25 18 64 162 199 3 26 36 
