Instance filename: ./instances/200jobs/instanceLarge1163_m=8_n=200_l=40_c=20_s=1.PMTC
Min temperature: 0.1
Max temperature: 0.5
Melhor Solução: 3283
Temp div: 16
MCL: 400
PTL: 75000
Elapsed time was: 762639
Maquina 1 : 60 64 88 147 122 141 87 68 193 19 70 140 196 40 27 38 176 10 155 125 52 108 116 123 160 
Maquina 2 : 32 110 1 184 41 100 151 132 117 107 48 126 190 146 13 61 178 109 158 7 43 113 8 20 163 62 
Maquina 3 : 17 172 187 65 80 149 39 73 66 106 54 192 71 120 114 74 102 191 35 21 42 185 170 153 
Maquina 4 : 59 161 128 33 124 63 197 36 152 127 179 9 29 99 167 169 165 3 77 198 95 145 119 154 28 133 
Maquina 5 : 173 30 31 16 177 156 175 82 129 2 98 47 75 51 168 50 186 89 34 166 118 69 55 159 121 162 
Maquina 6 : 15 103 83 105 37 138 188 164 0 57 96 97 22 135 94 26 139 183 134 86 58 6 90 136 49 84 
Maquina 7 : 104 56 144 5 143 92 199 131 45 46 25 112 171 150 72 85 67 91 78 181 12 53 
Maquina 8 : 137 182 148 142 81 79 14 130 93 194 195 24 23 11 157 189 101 111 174 115 76 180 4 44 18 
