Instance filename: ./instances/200jobs/instanceLarge1268_m=9_n=200_l=40_c=20_s=1.PMTC
Min temperature: 0.1
Max temperature: 0.5
Melhor Solução: 2786
Temp div: 16
MCL: 400
PTL: 75000
Elapsed time was: 716744
Maquina 1 : 76 125 173 31 187 198 110 33 155 115 37 128 120 47 13 193 107 23 9 136 104 42 98 
Maquina 2 : 68 94 83 108 135 35 88 138 123 185 112 22 130 82 41 184 144 93 
Maquina 3 : 124 150 121 109 111 156 188 114 59 10 195 27 178 140 168 192 43 139 191 78 134 162 141 
Maquina 4 : 30 3 87 24 63 179 97 164 171 175 7 116 163 99 100 57 102 36 183 151 158 161 90 
Maquina 5 : 20 73 12 119 79 131 117 91 16 8 81 174 14 56 75 106 55 170 69 26 60 197 
Maquina 6 : 148 167 133 157 6 65 11 18 146 181 15 29 32 1 54 118 182 46 58 86 4 
Maquina 7 : 5 142 77 17 34 64 149 67 74 52 48 103 127 160 50 2 186 137 132 199 153 66 96 
Maquina 8 : 122 40 45 28 95 80 19 49 169 72 25 126 154 143 62 177 196 189 190 165 129 
Maquina 9 : 71 152 145 180 44 159 21 38 53 113 51 172 176 101 194 89 61 0 84 147 85 92 105 39 70 166 
