Instance filename: ./instances/200jobs/instanceLarge1034_m=7_n=200_l=40_c=20_s=1.PMTC
Min temperature: 0.1
Max temperature: 0.5
Melhor Solução: 3854
Temp div: 16
MCL: 400
PTL: 75000
Elapsed time was: 1090208
Maquina 1 : 11 189 77 185 112 165 88 4 85 89 56 198 91 50 98 176 42 167 72 78 92 107 32 142 188 172 13 153 36 158 67 
Maquina 2 : 192 9 19 61 116 74 2 154 163 138 143 182 126 177 122 118 181 164 119 38 152 121 168 17 124 156 129 
Maquina 3 : 31 58 149 1 84 25 161 175 186 125 157 48 75 16 108 145 29 190 114 179 197 87 183 135 53 6 43 
Maquina 4 : 41 28 132 14 184 12 23 123 10 104 5 70 47 59 73 180 155 150 57 174 33 187 178 76 22 90 
Maquina 5 : 51 7 159 136 15 21 191 80 105 83 162 130 82 139 111 127 62 60 96 18 66 95 0 169 3 27 52 39 117 193 65 113 
Maquina 6 : 35 101 148 46 68 110 45 97 8 160 64 151 195 103 55 63 34 102 20 94 24 106 115 196 128 146 137 93 131 
Maquina 7 : 170 79 133 120 144 166 99 54 49 71 173 100 37 134 86 40 109 44 199 147 141 81 171 140 194 30 26 69 
