Instance filename: ./instances/200jobs/instanceLarge896_m=6_n=200_l=30_c=20_s=1.PMTC
Min temperature: 0.1
Max temperature: 0.5
Melhor Solução: 4137
Temp div: 16
MCL: 400
PTL: 75000
Elapsed time was: 619895
Maquina 1 : 20 45 197 105 98 172 181 115 186 11 174 83 196 100 137 27 170 30 64 194 57 75 118 142 39 109 89 148 184 44 54 36 110 88 33 141 
Maquina 2 : 31 134 53 1 8 96 140 70 114 107 46 190 26 60 42 167 147 51 119 164 149 165 86 25 161 77 93 29 21 37 162 160 123 199 49 
Maquina 3 : 129 97 122 155 145 177 5 48 40 15 192 59 18 187 182 6 112 139 19 17 163 180 176 41 151 111 124 85 108 121 62 23 
Maquina 4 : 69 78 136 90 150 56 198 74 146 173 104 50 158 154 101 135 91 24 99 2 156 34 116 43 168 157 13 16 14 84 82 66 133 65 76 
Maquina 5 : 47 120 178 35 153 58 185 87 113 79 32 94 28 80 7 4 12 152 188 61 144 102 3 38 10 131 126 22 175 179 143 130 68 52 
Maquina 6 : 72 127 103 95 171 71 166 159 169 63 9 191 55 195 92 117 106 125 73 81 183 132 128 193 138 67 189 0 
