Instance filename: ./instances/200jobs/instanceLarge1018_m=7_n=200_l=30_c=20_s=0.PMTC
Min temperature: 0.1
Max temperature: 0.5
Melhor Solução: 3155
Temp div: 16
MCL: 400
PTL: 75000
Elapsed time was: 990120
Maquina 1 : 67 88 48 154 176 166 79 199 19 21 100 158 187 120 53 130 68 47 11 111 141 140 133 180 3 
Maquina 2 : 125 191 51 186 32 60 6 123 148 5 76 24 112 23 82 69 170 45 81 174 121 177 188 17 126 9 57 58 10 117 
Maquina 3 : 136 41 74 128 122 119 1 101 56 36 157 110 92 96 46 115 116 198 164 91 93 142 182 38 99 114 131 86 90 71 85 39 55 98 2 
Maquina 4 : 113 77 135 34 35 28 197 169 20 31 127 75 49 26 134 195 12 138 144 190 84 196 152 172 8 171 165 193 102 
Maquina 5 : 29 14 160 146 151 80 149 109 4 194 72 97 189 175 185 95 15 54 18 44 107 143 16 
Maquina 6 : 27 59 179 161 104 183 7 167 40 83 103 70 162 184 37 155 65 124 132 52 192 139 78 106 159 87 22 181 168 
Maquina 7 : 129 64 150 147 156 0 50 73 145 25 137 163 62 33 153 178 13 94 30 66 42 43 61 63 105 173 108 89 118 
