Instance filename: ./instances/200jobs/instanceLarge1160_m=8_n=200_l=40_c=20_s=1.PMTC
Min temperature: 0.1
Max temperature: 0.5
Melhor Solução: 3250
Temp div: 16
MCL: 400
PTL: 75000
Elapsed time was: 665243
Maquina 1 : 25 16 112 171 131 46 45 199 185 119 28 144 84 87 51 103 17 59 122 66 9 172 138 108 15 
Maquina 2 : 101 57 31 18 41 76 174 115 180 111 165 158 77 3 38 176 92 0 96 129 4 107 154 35 192 67 
Maquina 3 : 48 184 197 100 117 82 97 132 151 182 81 37 42 149 1 32 22 110 123 160 52 98 155 10 105 196 33 163 40 
Maquina 4 : 126 6 20 190 140 109 113 8 68 178 61 189 13 116 43 146 198 145 95 136 194 143 170 24 134 72 
Maquina 5 : 11 14 164 137 142 79 130 5 19 56 159 26 104 49 90 58 183 86 153 85 12 173 
Maquina 6 : 83 181 162 157 128 161 121 23 125 127 167 29 99 36 152 169 179 118 74 150 69 70 175 63 53 93 
Maquina 7 : 195 156 141 60 147 88 64 139 135 124 148 94 133 177 27 21 80 187 193 30 65 
Maquina 8 : 39 168 166 55 34 191 114 102 7 120 71 91 62 54 106 47 78 44 73 188 50 75 186 2 89 
