Instance filename: ./instances/200jobs/instanceLarge1265_m=9_n=200_l=40_c=20_s=1.PMTC
Min temperature: 0.1
Max temperature: 0.5
Melhor Solução: 2903
Temp div: 16
MCL: 400
PTL: 75000
Elapsed time was: 533633
Maquina 1 : 156 32 93 20 133 150 113 47 29 146 15 65 18 6 77 36 174 48 99 175 127 50 
Maquina 2 : 123 63 44 108 167 2 19 148 60 26 170 55 106 81 157 23 122 51 195 
Maquina 3 : 10 27 140 192 115 155 86 142 17 103 64 53 67 149 118 52 54 82 134 69 
Maquina 4 : 139 87 7 197 97 179 34 171 164 116 137 141 121 185 75 176 37 193 181 13 58 5 4 
Maquina 5 : 46 182 163 102 183 90 8 56 57 186 152 71 177 180 165 151 190 89 114 83 
Maquina 6 : 61 95 74 25 159 145 24 38 9 172 136 104 42 98 101 43 40 169 72 166 92 85 70 147 105 194 196 
Maquina 7 : 132 39 199 84 111 14 131 126 135 3 161 0 12 119 94 79 73 35 160 162 49 62 143 189 138 
Maquina 8 : 88 158 21 80 110 128 168 188 184 144 41 30 124 130 112 22 78 129 91 76 59 125 
Maquina 9 : 173 28 31 109 117 198 187 100 1 96 153 45 66 107 191 11 33 178 16 120 68 154 
