Instance filename: ./instances/200jobs/instanceLarge1087_m=8_n=200_l=30_c=10_s=0.PMTC
Min temperature: 0.1
Max temperature: 0.5
Melhor Solução: 964
Temp div: 16
MCL: 400
PTL: 75000
Elapsed time was: 627984
Maquina 1 : 17 147 185 103 199 110 91 46 11 119 58 173 93 143 8 191 59 115 96 188 114 105 
Maquina 2 : 100 63 171 31 127 178 128 3 158 52 186 144 141 195 51 14 165 15 37 175 98 75 
Maquina 3 : 198 48 113 121 60 196 161 106 136 45 84 30 90 18 72 69 166 86 89 82 108 124 67 132 149 97 
Maquina 4 : 73 80 33 19 197 177 16 44 135 81 174 126 142 57 117 169 111 7 168 42 79 107 130 157 23 162 154 
Maquina 5 : 50 29 61 39 94 71 160 40 5 74 87 55 179 26 109 125 49 41 122 176 167 83 190 85 77 137 65 
Maquina 6 : 152 54 112 151 170 146 138 68 64 139 155 187 101 4 104 118 180 194 12 192 163 76 131 133 20 34 134 
Maquina 7 : 78 156 102 95 182 53 2 25 56 88 184 181 43 62 22 140 193 36 28 99 38 150 21 164 10 
Maquina 8 : 47 189 27 123 172 13 70 148 145 35 0 120 153 92 66 24 129 116 32 183 159 1 6 9 
