Instance filename: ./instances/200jobs/instanceLarge1053_m=7_n=200_l=40_c=30_s=2.PMTC
Min temperature: 0.1
Max temperature: 0.5
Melhor Solução: 933
Temp div: 16
MCL: 400
PTL: 75000
Elapsed time was: 487314
Maquina 1 : 46 100 123 136 179 58 39 143 0 127 102 60 28 74 83 165 189 44 155 133 153 174 197 40 53 169 
Maquina 2 : 80 77 70 13 101 149 193 24 129 199 170 93 147 95 64 191 108 159 121 68 65 178 20 175 181 180 128 109 45 21 198 48 107 
Maquina 3 : 110 138 29 30 15 2 196 72 19 118 43 145 84 105 73 1 26 177 12 99 8 164 190 
Maquina 4 : 194 188 18 22 137 50 23 112 125 25 144 117 32 97 63 146 81 52 152 120 106 135 132 88 173 126 86 103 38 114 56 
Maquina 5 : 35 10 192 4 6 90 151 119 79 61 157 172 182 116 104 16 57 131 67 33 94 163 142 89 130 69 82 59 134 139 148 
Maquina 6 : 62 111 171 47 75 140 87 168 141 14 41 195 176 78 49 115 11 96 166 37 154 34 27 36 185 76 92 184 186 
Maquina 7 : 150 3 122 55 113 156 66 85 17 71 91 9 31 158 167 51 42 124 7 162 183 161 160 187 5 54 98 
