Instance filename: ./instances/200jobs/instanceLarge1232_m=9_n=200_l=30_c=20_s=1.PMTC
Min temperature: 0.1
Max temperature: 0.5
Melhor Solução: 2713
Temp div: 16
MCL: 400
PTL: 75000
Elapsed time was: 842012
Maquina 1 : 158 172 46 5 42 166 183 117 82 40 185 169 179 123 84 181 18 182 186 62 85 171 165 78 21 
Maquina 2 : 44 191 122 14 55 12 72 67 132 168 142 70 164 131 10 148 26 156 96 87 43 126 48 
Maquina 3 : 25 125 195 99 187 194 188 32 101 162 38 102 16 155 81 193 196 161 27 141 83 19 136 
Maquina 4 : 20 60 134 137 23 80 100 79 151 31 121 1 184 139 33 97 58 110 127 145 30 71 
Maquina 5 : 175 29 49 73 154 98 115 180 119 147 36 68 190 105 22 61 199 3 129 53 157 104 52 
Maquina 6 : 140 4 17 66 47 37 2 144 113 120 39 69 118 63 64 146 135 109 0 177 77 
Maquina 7 : 86 89 197 6 170 163 45 176 91 94 149 112 88 8 15 74 150 198 167 152 106 173 
Maquina 8 : 111 65 174 138 108 13 128 11 178 51 153 116 41 28 93 7 56 59 103 
Maquina 9 : 95 124 92 50 75 35 107 159 130 143 133 76 114 192 90 9 189 24 160 34 54 57 
