Instance filename: ./instances/200jobs/instanceLarge994_m=7_n=200_l=30_c=20_s=0.PMTC
Min temperature: 0.1
Max temperature: 0.5
Melhor Solução: 3002
Temp div: 16
MCL: 400
PTL: 75000
Elapsed time was: 446817
Maquina 1 : 181 101 18 31 17 149 109 137 163 94 33 153 178 146 175 91 66 147 131 80 106 61 87 150 15 95 185 110 136 148 
Maquina 2 : 99 145 24 82 112 76 69 7 162 70 155 184 37 23 62 154 48 26 5 86 71 152 81 6 111 141 140 58 10 
Maquina 3 : 117 77 50 9 57 180 75 49 108 20 143 123 187 119 1 122 128 78 43 42 55 98 2 113 85 158 135 72 167 188 40 
Maquina 4 : 168 64 159 126 194 129 88 67 89 118 125 157 92 60 121 174 65 124 151 160 14 45 102 29 
Maquina 5 : 44 107 172 193 84 179 190 144 12 138 103 52 197 11 8 30 73 171 165 196 97 4 74 183 195 104 161 114 53 130 68 
Maquina 6 : 47 120 56 41 139 39 192 90 59 16 13 27 36 156 116 46 96 115 51 132 32 186 142 38 182 93 191 133 3 198 
Maquina 7 : 63 105 22 173 127 177 169 28 35 34 189 166 176 83 79 199 100 19 21 0 170 164 25 54 134 
