Instance filename: ./instances/200jobs/instanceLarge1056_m=7_n=200_l=40_c=30_s=2.PMTC
Min temperature: 0.1
Max temperature: 0.5
Melhor Solução: 920
Temp div: 16
MCL: 400
PTL: 75000
Elapsed time was: 519508
Maquina 1 : 46 100 136 179 58 39 143 0 127 162 155 86 103 7 113 149 42 101 80 70 77 13 138 190 8 
Maquina 2 : 164 193 111 122 171 198 199 129 22 23 194 51 167 123 49 11 166 96 144 125 25 14 141 168 26 44 55 170 93 41 137 195 176 
Maquina 3 : 102 133 153 174 197 40 157 97 146 154 81 52 152 85 17 71 139 87 62 148 59 82 134 151 142 
Maquina 4 : 78 163 94 33 50 67 2 15 30 34 126 27 169 36 61 173 88 132 135 106 72 63 60 28 74 83 120 19 118 
Maquina 5 : 158 91 9 29 117 191 47 165 114 56 35 16 186 150 3 184 92 76 131 57 73 18 5 54 98 37 124 121 159 
Maquina 6 : 104 108 89 130 69 90 192 6 188 53 65 178 68 20 175 112 66 128 48 180 181 95 185 21 45 10 187 160 161 
Maquina 7 : 183 4 177 12 79 119 24 99 196 32 156 109 140 75 107 110 1 105 145 84 43 189 115 147 38 64 31 172 182 116 
