Instance filename: ./instances/200jobs/instanceLarge923_m=6_n=200_l=40_c=20_s=1.PMTC
Min temperature: 0.1
Max temperature: 0.5
Melhor Solução: 4024
Temp div: 16
MCL: 400
PTL: 75000
Elapsed time was: 1193402
Maquina 1 : 167 33 104 10 146 186 100 19 155 120 52 75 131 188 159 82 91 193 190 140 0 194 5 105 1 63 59 64 
Maquina 2 : 88 89 134 115 15 166 129 127 180 106 198 70 171 69 147 27 183 182 118 79 162 108 55 103 174 128 39 175 117 199 61 44 181 57 72 113 87 
Maquina 3 : 96 71 191 29 50 11 26 154 90 161 98 139 56 102 78 37 7 22 168 62 143 31 65 176 163 158 145 189 164 133 92 21 40 95 142 60 153 121 
Maquina 4 : 74 165 196 14 36 184 76 34 32 122 135 125 178 9 16 111 192 84 46 169 152 48 73 177 173 172 130 185 47 41 20 23 97 17 
Maquina 5 : 132 107 85 83 126 80 170 38 110 160 3 124 43 81 42 68 13 116 54 195 49 6 148 94 24 53 4 150 144 197 114 12 123 
Maquina 6 : 109 187 101 151 141 25 156 45 119 179 86 112 137 149 157 28 136 35 66 77 93 99 67 30 2 58 8 51 138 18 
