Instance filename: ./instances/200jobs/instanceLarge977_m=7_n=200_l=30_c=10_s=1.PMTC
Min temperature: 0.1
Max temperature: 0.5
Melhor Solução: 2912
Temp div: 16
MCL: 400
PTL: 75000
Elapsed time was: 984567
Maquina 1 : 115 120 67 159 17 57 2 144 6 0 106 40 186 121 78 53 15 9 75 122 113 137 190 5 119 38 77 178 161 72 
Maquina 2 : 29 118 7 129 169 132 12 27 154 88 134 183 116 149 47 4 30 39 8 89 114 92 157 171 65 173 
Maquina 3 : 23 43 184 196 197 91 128 133 142 76 82 79 163 95 26 112 60 109 101 63 28 135 187 174 147 97 131 175 185 104 105 
Maquina 4 : 152 198 108 195 150 56 22 143 66 50 45 10 96 58 32 181 191 64 24 99 81 189 168 61 176 62 172 80 140 
Maquina 5 : 165 54 36 18 16 188 73 127 48 44 94 102 182 166 41 35 170 136 162 158 70 93 117 100 107 46 85 
Maquina 6 : 164 139 126 84 151 14 199 145 51 177 98 42 71 68 86 148 20 74 49 155 33 55 59 156 1 124 11 138 167 37 31 
Maquina 7 : 193 13 21 180 69 123 87 160 25 153 19 141 3 192 125 194 90 111 52 179 110 146 130 83 34 103 
