Instance filename: ./instances/200jobs/instanceLarge949_m=6_n=200_l=40_c=30_s=0.PMTC
Min temperature: 0.1
Max temperature: 0.5
Melhor Solução: 2939
Temp div: 16
MCL: 400
PTL: 75000
Elapsed time was: 703073
Maquina 1 : 11 99 194 144 193 86 22 145 47 125 20 104 102 131 74 192 150 90 107 32 157 196 137 147 13 12 165 50 63 112 167 129 149 130 
Maquina 2 : 118 89 168 61 173 148 0 95 172 70 152 16 180 187 72 169 190 25 199 162 3 18 170 65 142 85 174 154 35 120 101 
Maquina 3 : 68 114 28 9 78 44 182 195 69 109 49 71 17 175 51 189 97 79 92 178 36 151 139 186 115 121 81 41 143 73 122 176 133 83 
Maquina 4 : 108 75 66 60 159 161 14 135 156 77 113 37 45 134 6 164 21 185 67 38 62 8 197 87 55 46 24 128 43 15 126 119 
Maquina 5 : 127 33 5 82 140 19 31 98 42 179 181 40 153 59 132 184 56 80 166 136 103 141 26 23 54 124 183 84 57 191 188 64 34 91 123 
Maquina 6 : 111 177 58 10 1 4 171 100 198 27 106 30 116 146 96 29 117 7 110 158 93 163 48 39 2 53 52 76 138 94 155 160 88 105 
