Instance filename: ./instances/200jobs/instanceLarge1293_m=9_n=200_l=40_c=30_s=2.PMTC
Min temperature: 0.1
Max temperature: 0.5
Melhor Solução: 746
Temp div: 16
MCL: 400
PTL: 75000
Elapsed time was: 443220
Maquina 1 : 148 180 29 62 45 181 137 97 179 196 14 22 118 159 102 189 13 113 160 71 
Maquina 2 : 60 12 117 140 78 103 24 155 65 55 3 10 128 120 114 195 20 126 72 178 185 7 174 165 
Maquina 3 : 40 152 197 188 105 184 50 80 83 116 66 151 43 186 115 138 166 30 98 167 132 
Maquina 4 : 1 69 17 107 147 136 96 198 87 53 76 54 122 35 193 11 82 150 171 79 135 134 
Maquina 5 : 25 92 28 33 99 133 123 176 143 90 86 36 187 21 48 77 183 85 59 91 149 192 127 
Maquina 6 : 38 47 145 64 104 194 8 84 16 161 57 177 169 119 94 75 56 26 42 125 34 51 
Maquina 7 : 141 0 95 124 32 190 170 191 67 106 37 52 81 63 39 9 70 23 139 156 6 
Maquina 8 : 172 131 2 89 144 142 173 111 157 154 182 73 74 58 100 41 49 121 162 158 93 27 199 101 
Maquina 9 : 46 163 108 31 129 44 61 4 110 168 15 5 88 109 175 19 68 153 146 130 18 164 112 
