Instance filename: ./instances/200jobs/instanceLarge953_m=6_n=200_l=40_c=30_s=1.PMTC
Min temperature: 0.1
Max temperature: 0.5
Melhor Solução: 5653
Temp div: 16
MCL: 400
PTL: 75000
Elapsed time was: 985496
Maquina 1 : 172 95 0 20 66 159 60 161 136 174 187 55 46 24 128 43 67 101 154 132 184 80 88 40 119 42 5 82 140 31 98 19 
Maquina 2 : 105 179 57 191 188 64 34 1 84 183 124 54 166 177 163 48 39 53 2 49 71 17 151 139 127 190 175 61 89 168 118 130 77 
Maquina 3 : 113 6 107 32 16 152 195 70 114 28 4 9 23 178 52 72 97 189 10 87 38 58 111 147 11 99 194 144 22 193 158 110 
Maquina 4 : 7 35 120 68 81 109 125 44 104 102 25 51 129 134 149 186 167 45 164 3 36 26 117 29 96 146 106 30 27 116 192 171 137 196 157 
Maquina 5 : 182 94 138 76 165 13 12 50 63 112 47 145 93 197 123 21 185 62 8 78 75 173 141 69 153 56 59 86 121 108 83 176 133 122 
Maquina 6 : 73 143 41 115 148 85 142 65 170 18 162 199 126 15 33 91 131 100 198 150 90 74 37 169 160 156 135 14 180 155 181 92 79 103 
