Instance filename: ./instances/200jobs/instanceLarge1255_m=9_n=200_l=30_c=20_s=0.PMTC
Min temperature: 0.1
Max temperature: 0.5
Melhor Solução: 2357
Temp div: 16
MCL: 400
PTL: 75000
Elapsed time was: 776709
Maquina 1 : 168 25 90 175 43 98 157 104 53 109 52 140 103 26 96 156 149 131 94 126 48 
Maquina 2 : 73 10 36 83 141 196 61 3 1 146 199 4 17 66 47 2 180 197 163 170 
Maquina 3 : 45 112 176 70 164 56 127 145 30 71 87 154 49 27 161 29 115 123 84 150 15 8 
Maquina 4 : 142 72 12 14 119 55 193 167 152 68 147 105 76 24 129 189 9 169 195 18 181 28 
Maquina 5 : 188 194 187 38 101 133 135 41 32 102 91 155 116 153 51 57 21 106 173 111 65 64 67 
Maquina 6 : 130 159 35 81 162 125 171 166 85 62 186 182 177 86 39 190 0 22 6 63 120 
Maquina 7 : 88 37 113 34 165 54 122 42 77 95 118 99 74 11 114 58 33 97 139 184 89 59 
Maquina 8 : 148 31 121 79 100 80 137 132 23 134 151 20 60 44 183 136 144 107 143 185 198 160 40 179 69 82 
Maquina 9 : 117 172 158 46 5 16 110 138 108 19 128 13 191 78 178 174 75 192 92 50 124 93 7 
