Instance filename: ./instances/200jobs/instanceLarge1071_m=7_n=200_l=40_c=30_s=2.PMTC
Min temperature: 0.1
Max temperature: 0.5
Melhor Solução: 935
Temp div: 16
MCL: 400
PTL: 75000
Elapsed time was: 1005192
Maquina 1 : 14 141 168 151 110 78 49 67 163 42 194 23 137 38 191 22 50 190 8 164 157 133 102 176 195 58 127 0 142 136 179 39 149 
Maquina 2 : 143 193 161 183 187 10 45 21 105 28 74 120 19 72 196 92 178 56 2 15 30 29 138 188 90 71 85 17 152 52 
Maquina 3 : 81 146 91 70 9 160 41 140 156 109 148 180 48 128 66 112 65 20 175 153 174 129 54 98 5 117 68 121 73 18 84 
Maquina 4 : 43 145 115 189 147 95 64 31 172 182 116 104 57 131 159 108 124 162 155 86 103 158 77 7 113 80 
Maquina 5 : 101 83 25 125 144 96 166 11 94 33 118 165 32 106 88 135 132 173 126 44 55 170 
Maquina 6 : 93 26 114 177 12 99 24 100 167 51 198 97 37 154 34 27 169 61 36 119 79 111 47 171 122 75 107 87 
Maquina 7 : 46 199 123 40 197 53 130 89 69 181 1 62 59 82 134 139 13 76 185 4 63 6 192 35 16 186 150 3 184 60 
