Instance filename: ./instances/200jobs/instanceLarge863_m=6_n=200_l=30_c=10_s=1.PMTC
Min temperature: 0.1
Max temperature: 0.5
Melhor Solução: 3431
Temp div: 16
MCL: 400
PTL: 75000
Elapsed time was: 1214539
Maquina 1 : 87 115 80 161 105 67 18 134 157 1 182 103 179 50 88 132 33 16 52 146 90 55 58 28 127 120 86 114 57 27 144 66 199 101 
Maquina 2 : 166 183 125 45 68 177 35 102 70 175 165 155 84 196 193 0 25 172 48 153 44 10 19 131 188 71 92 26 104 79 95 112 158 137 73 
Maquina 3 : 76 181 107 49 91 164 121 77 198 6 30 89 129 85 192 143 123 46 64 63 117 9 194 133 53 147 122 20 159 151 4 149 170 171 75 
Maquina 4 : 97 7 61 167 154 40 12 32 184 106 109 37 163 186 47 190 8 178 72 152 65 113 191 78 83 135 116 142 148 43 99 176 
Maquina 5 : 189 14 169 13 60 197 31 168 108 195 119 130 56 111 15 39 136 96 185 23 41 128 22 98 124 145 17 81 69 180 54 
Maquina 6 : 100 174 51 160 82 138 59 38 118 150 42 36 62 94 139 21 141 140 110 74 24 29 34 3 5 126 2 93 162 173 187 156 11 
