Instance filename: ./instances/200jobs/instanceLarge885_m=6_n=200_l=30_c=20_s=2.PMTC
Min temperature: 0.1
Max temperature: 0.5
Melhor Solução: 997
Temp div: 16
MCL: 400
PTL: 75000
Elapsed time was: 368007
Maquina 1 : 156 94 116 34 49 50 143 125 132 81 73 141 183 2 99 57 91 24 33 177 41 170 137 100 40 154 138 79 4 167 158 28 
Maquina 2 : 64 172 194 95 198 118 31 75 134 140 184 148 1 53 110 23 88 56 146 74 173 36 54 44 90 13 136 78 69 150 
Maquina 3 : 160 22 159 145 166 169 129 71 20 101 105 165 164 149 119 147 182 14 84 82 66 133 65 37 76 25 47 97 120 16 192 59 6 112 139 17 114 107 
Maquina 4 : 190 42 46 70 135 77 98 180 181 115 186 128 0 61 144 89 109 197 45 103 72 127 52 27 196 83 19 7 189 32 60 113 87 185 
Maquina 5 : 58 39 142 26 35 153 174 96 8 191 55 187 51 30 130 155 179 175 68 126 131 10 38 152 3 67 188 102 86 161 93 
Maquina 6 : 21 11 29 106 15 48 5 199 122 123 193 162 178 62 121 108 85 124 111 176 151 18 43 171 63 80 168 157 104 12 9 163 92 117 195 
