Instance filename: ./instances/200jobs/instanceLarge1372_m=10_n=200_l=30_c=20_s=0.PMTC
Min temperature: 0.1
Max temperature: 0.5
Melhor Solução: 2216
Temp div: 16
MCL: 400
PTL: 75000
Elapsed time was: 850208
Maquina 1 : 95 171 47 14 13 4 151 53 162 8 131 34 136 175 9 198 149 163 
Maquina 2 : 23 147 164 144 21 82 177 118 48 185 55 178 111 129 158 38 127 191 60 114 110 20 197 102 77 
Maquina 3 : 91 62 27 119 58 11 16 135 42 93 174 106 30 196 112 80 84 92 170 68 87 74 
Maquina 4 : 133 188 99 98 187 142 5 132 168 61 36 138 90 70 57 159 169 52 192 176 
Maquina 5 : 50 154 141 180 18 100 89 173 155 25 101 189 183 165 54 26 96 35 51 
Maquina 6 : 122 1 124 199 81 46 134 123 120 24 78 86 97 107 49 126 143 71 7 130 
Maquina 7 : 73 195 152 72 64 179 31 113 76 79 103 172 41 39 88 115 10 117 182 150 
Maquina 8 : 6 15 104 40 121 160 67 156 167 3 140 63 45 125 29 145 139 184 75 128 2 
Maquina 9 : 44 22 186 69 12 33 83 153 19 157 193 161 94 166 148 
Maquina 10 : 181 32 137 37 65 108 105 194 66 0 59 17 43 28 85 56 116 190 146 109 
