Instance filename: ./instances/200jobs/instanceLarge897_m=6_n=200_l=30_c=20_s=2.PMTC
Min temperature: 0.1
Max temperature: 0.5
Melhor Solução: 1026
Temp div: 16
MCL: 400
PTL: 75000
Elapsed time was: 644599
Maquina 1 : 32 189 19 7 23 87 185 58 107 114 88 139 63 18 17 111 124 85 108 193 191 162 37 77 65 133 66 82 116 43 47 123 199 122 145 129 101 
Maquina 2 : 50 11 29 93 161 25 86 165 164 149 12 173 175 68 22 126 131 10 38 3 102 80 144 155 179 130 143 64 147 176 180 151 15 48 13 5 172 
Maquina 3 : 158 16 89 168 157 163 41 110 33 150 146 27 74 198 97 56 160 49 78 136 90 95 120 35 178 92 60 171 34 103 72 127 52 
Maquina 4 : 197 152 115 181 98 109 36 54 44 84 14 182 119 67 169 166 71 159 156 94 118 9 106 105 20 45 61 104 187 0 
Maquina 5 : 113 186 128 174 1 8 96 21 137 83 196 79 170 30 194 28 40 192 59 6 112 142 153 46 39 70 135 26 190 
Maquina 6 : 42 62 69 121 167 138 188 100 125 154 132 81 183 73 141 2 99 57 53 91 24 117 4 76 51 31 75 134 140 148 184 177 195 55 
