Instance filename: ./instances/200jobs/instanceLarge1146_m=8_n=200_l=40_c=20_s=2.PMTC
Min temperature: 0.1
Max temperature: 0.5
Melhor Solução: 768
Temp div: 16
MCL: 400
PTL: 75000
Elapsed time was: 646974
Maquina 1 : 132 41 158 111 165 77 3 38 92 0 129 196 136 37 57 164 188 96 101 75 186 50 168 
Maquina 2 : 15 59 108 160 171 95 170 145 143 198 43 51 16 2 82 156 187 28 119 197 33 133 177 31 4 
Maquina 3 : 103 18 110 44 174 115 134 21 61 10 123 22 52 178 155 98 104 144 84 97 125 58 112 45 68 199 141 24 
Maquina 4 : 26 71 185 114 120 102 116 191 35 30 195 93 60 159 194 147 49 180 69 86 72 11 23 137 182 142 14 32 148 79 
Maquina 5 : 130 146 91 48 126 117 140 190 7 6 20 109 74 113 8 150 70 46 25 100 13 151 81 
Maquina 6 : 42 1 122 149 64 88 118 193 87 39 19 89 55 127 27 80 76 107 47 65 40 173 
Maquina 7 : 56 90 105 5 163 17 138 172 166 106 62 54 73 192 66 67 78 12 53 157 83 181 162 128 184 161 189 
Maquina 8 : 121 9 29 99 167 131 152 36 63 175 169 179 34 154 124 135 139 94 183 85 153 176 
