Instance filename: ./instances/200jobs/instanceLarge1273_m=9_n=200_l=40_c=20_s=0.PMTC
Min temperature: 0.1
Max temperature: 0.5
Melhor Solução: 1198
Temp div: 16
MCL: 400
PTL: 75000
Elapsed time was: 847918
Maquina 1 : 152 129 83 35 135 82 161 146 41 168 30 144 93 160 1 181 12 131 85 166 117 20 96 40 
Maquina 2 : 122 45 162 49 23 169 157 72 66 25 126 88 154 74 71 24 97 177 62 196 21 187 151 165 0 
Maquina 3 : 70 189 153 103 27 140 192 115 43 199 184 188 79 94 42 68 52 149 163 107 67 198 119 
Maquina 4 : 77 53 17 64 34 142 46 33 5 186 13 47 58 120 141 185 147 95 143 80 158 37 128 
Maquina 5 : 155 110 19 132 124 133 87 123 44 127 175 50 108 63 2 137 98 86 167 60 148 
Maquina 6 : 26 197 101 69 170 55 106 81 3 56 8 174 75 102 183 90 57 179 164 171 116 99 
Maquina 7 : 100 7 54 193 176 121 138 29 4 32 15 36 65 18 190 59 114 145 113 
Maquina 8 : 31 173 125 14 76 191 39 84 182 22 112 130 134 139 156 10 111 109 150 73 195 11 
Maquina 9 : 6 16 172 28 180 159 38 91 61 9 136 78 104 118 51 89 92 178 105 48 194 
