Instance filename: ./instances/200jobs/instanceLarge1416_m=10_n=200_l=40_c=30_s=2.PMTC
Min temperature: 0.1
Max temperature: 0.5
Melhor Solução: 681
Temp div: 16
MCL: 400
PTL: 75000
Elapsed time was: 909766
Maquina 1 : 12 61 161 91 36 188 108 157 73 113 24 187 16 162 30 97 58 38 134 94 179 47 75 143 
Maquina 2 : 40 121 104 26 152 81 89 55 194 87 66 13 90 172 9 99 101 116 77 139 153 1 
Maquina 3 : 46 37 115 45 57 150 114 3 88 183 117 142 10 28 140 59 54 127 15 83 154 
Maquina 4 : 105 144 119 60 181 82 138 171 122 182 168 65 120 93 2 4 156 128 98 11 137 0 
Maquina 5 : 23 195 18 68 107 32 71 25 149 34 53 148 175 165 177 106 42 
Maquina 6 : 56 20 167 132 125 135 189 76 176 166 35 100 191 184 41 19 21 85 
Maquina 7 : 146 17 86 163 185 84 52 199 7 70 164 69 123 198 33 169 8 78 136 29 159 96 103 
Maquina 8 : 27 111 5 112 102 110 155 95 50 80 109 49 64 62 79 196 43 192 174 
Maquina 9 : 118 72 124 147 186 92 74 129 51 180 145 141 173 22 48 
Maquina 10 : 126 67 6 158 133 130 190 63 160 131 178 170 31 197 14 151 44 39 193 
