Instance filename: ./instances/200jobs/instanceLarge983_m=7_n=200_l=30_c=10_s=1.PMTC
Min temperature: 0.1
Max temperature: 0.5
Melhor Solução: 2874
Temp div: 16
MCL: 400
PTL: 75000
Elapsed time was: 590280
Maquina 1 : 182 48 44 94 177 73 127 36 126 140 172 54 80 78 159 67 17 57 160 191 165 28 63 174 149 116 39 47 
Maquina 2 : 88 62 128 65 18 187 139 138 4 111 106 144 190 84 0 2 6 170 40 135 64 166 16 41 35 188 109 60 142 82 21 91 76 
Maquina 3 : 11 183 134 151 51 12 27 145 7 129 169 13 179 136 102 193 180 31 122 124 114 98 1 37 156 161 178 137 
Maquina 4 : 77 154 38 90 130 125 69 87 133 58 96 123 199 19 141 131 74 147 33 66 150 56 22 143 45 95 10 50 
Maquina 5 : 9 119 75 113 121 53 168 15 186 112 32 181 24 99 81 189 61 176 72 29 118 100 55 155 49 86 148 20 59 30 
Maquina 6 : 194 157 92 173 163 79 101 153 171 25 132 97 3 192 93 117 89 162 42 68 70 158 46 107 164 104 
Maquina 7 : 175 120 115 152 85 195 108 8 198 5 14 146 83 103 110 34 26 185 105 167 52 71 23 43 184 196 197 
