Instance filename: ./instances/200jobs/instanceLarge878_m=6_n=200_l=30_c=20_s=1.PMTC
Min temperature: 0.1
Max temperature: 0.5
Melhor Solução: 4216
Temp div: 16
MCL: 400
PTL: 75000
Elapsed time was: 386936
Maquina 1 : 168 66 163 9 108 121 62 23 69 78 136 90 95 120 21 85 187 76 47 133 185 107 82 180 135 98 181 115 172 186 11 67 188 
Maquina 2 : 0 61 144 102 80 38 10 182 131 68 126 179 22 175 12 152 177 45 116 49 104 105 18 171 43 157 41 176 151 147 58 114 
Maquina 3 : 139 142 112 6 59 192 15 17 111 124 94 143 7 19 32 60 113 189 87 50 101 129 71 169 166 159 167 145 156 
Maquina 4 : 53 2 99 51 91 57 24 20 158 13 4 40 84 79 39 70 190 46 42 26 174 96 1 8 191 16 55 195 92 117 106 125 73 81 183 132 128 27 77 193 
Maquina 5 : 138 127 54 44 184 140 134 75 89 109 155 148 36 110 14 88 33 173 118 178 31 141 194 30 170 100 196 83 153 197 35 64 28 
Maquina 6 : 48 63 137 5 122 199 123 103 34 154 130 52 3 72 146 74 150 65 198 160 37 162 56 29 97 93 164 161 86 25 165 149 119 
