Instance filename: ./instances/200jobs/instanceLarge1134_m=8_n=200_l=30_c=20_s=2.PMTC
Min temperature: 0.1
Max temperature: 0.5
Melhor Solução: 812
Temp div: 16
MCL: 400
PTL: 75000
Elapsed time was: 896709
Maquina 1 : 59 139 57 122 83 128 199 175 17 161 193 32 127 42 71 48 4 170 102 27 99 163 101 136 114 119 25 12 
Maquina 2 : 160 67 60 197 133 68 87 29 191 31 20 97 117 165 186 10 88 93 72 21 156 6 
Maquina 3 : 62 90 47 66 74 171 154 140 103 70 30 144 182 43 158 151 55 54 22 178 80 23 40 
Maquina 4 : 84 166 100 11 137 177 115 0 56 64 36 162 16 63 185 149 198 26 18 19 153 3 
Maquina 5 : 120 95 174 150 49 38 168 125 81 86 148 89 77 33 113 41 129 2 44 155 45 116 13 76 123 
Maquina 6 : 108 195 188 61 124 35 189 39 194 1 58 52 53 98 65 104 92 46 192 164 147 112 79 
Maquina 7 : 37 14 179 73 138 118 85 105 181 142 132 190 28 172 167 130 15 141 5 106 134 187 159 183 184 24 135 7 
Maquina 8 : 91 196 180 109 169 152 157 126 96 107 94 50 82 173 51 176 146 111 143 75 9 121 78 145 34 8 69 131 110 
