Instance filename: ./instances/200jobs/instanceLarge1076_m=7_n=200_l=40_c=30_s=1.PMTC
Min temperature: 0.1
Max temperature: 0.5
Melhor Solução: 4958
Temp div: 16
MCL: 400
PTL: 75000
Elapsed time was: 709121
Maquina 1 : 43 161 183 187 199 198 181 180 48 128 30 175 158 65 20 32 92 152 106 52 81 146 97 37 154 74 87 79 177 12 4 
Maquina 2 : 8 164 193 111 150 3 186 184 63 60 28 108 159 131 57 104 116 182 172 31 64 95 147 93 170 55 44 
Maquina 3 : 189 15 192 6 160 9 91 145 138 109 45 21 25 83 50 101 80 13 70 77 113 42 7 124 156 121 68 117 
Maquina 4 : 125 29 102 14 41 195 176 58 127 0 143 149 39 179 94 33 85 17 71 139 59 82 134 62 1 148 84 105 178 73 18 
Maquina 5 : 5 54 98 129 88 190 99 24 123 167 51 132 196 72 19 120 173 126 86 103 22 114 56 35 10 166 16 96 11 
Maquina 6 : 115 49 78 110 151 142 163 67 2 118 194 23 38 191 137 107 66 122 171 47 75 140 165 168 26 141 155 
Maquina 7 : 162 76 185 34 27 169 36 61 100 46 136 135 89 130 69 90 188 144 174 53 40 197 119 112 157 133 153 
