Instance filename: ./instances/200jobs/instanceLarge1295_m=9_n=200_l=40_c=30_s=1.PMTC
Min temperature: 0.1
Max temperature: 0.5
Melhor Solução: 3723
Temp div: 16
MCL: 400
PTL: 75000
Elapsed time was: 507968
Maquina 1 : 175 109 88 5 54 103 1 132 167 98 86 99 36 178 43 184 105 78 174 156 6 10 172 
Maquina 2 : 112 18 146 153 134 151 39 66 186 126 50 83 124 0 95 32 60 160 71 61 
Maquina 3 : 44 157 154 182 73 74 197 188 92 28 33 58 41 49 176 143 90 97 48 
Maquina 4 : 69 17 107 147 47 7 187 131 2 152 89 121 67 37 106 80 193 26 42 75 30 198 91 63 136 
Maquina 5 : 191 96 56 127 149 192 25 171 150 79 135 100 68 45 29 138 183 4 21 137 179 196 14 
Maquina 6 : 22 118 159 141 34 51 38 169 120 70 114 125 139 165 27 93 15 168 190 180 62 24 
Maquina 7 : 170 148 57 177 84 13 133 113 102 158 162 123 128 16 116 161 23 166 122 9 82 59 77 
Maquina 8 : 85 11 155 65 55 3 199 115 8 53 194 104 64 145 129 31 108 163 46 101 40 110 
Maquina 9 : 195 87 20 72 185 19 144 76 35 130 189 12 140 111 117 173 142 94 119 52 81 181 164 
