Instance filename: ./instances/200jobs/instanceLarge1345_m=10_n=200_l=30_c=10_s=0.PMTC
Min temperature: 0.1
Max temperature: 0.5
Melhor Solução: 1277
Temp div: 16
MCL: 400
PTL: 75000
Elapsed time was: 763266
Maquina 1 : 52 46 100 93 6 128 86 199 94 22 56 106 111 65 36 119 1 2 33 38 184 
Maquina 2 : 78 162 137 131 114 175 96 91 9 123 187 49 83 71 11 168 15 61 26 99 27 47 58 
Maquina 3 : 146 167 176 197 117 103 40 190 25 164 24 88 45 64 165 172 158 142 34 
Maquina 4 : 109 17 133 39 55 159 191 28 174 163 14 87 70 72 12 8 152 194 81 104 69 143 23 147 
Maquina 5 : 102 105 124 155 82 73 59 7 134 79 186 189 37 54 19 97 120 154 
Maquina 6 : 21 156 10 0 126 139 166 161 35 141 84 62 135 3 130 171 41 95 
Maquina 7 : 20 18 127 74 31 182 132 29 16 92 118 32 145 43 115 113 116 
Maquina 8 : 173 112 4 101 125 30 136 149 68 196 122 66 188 193 170 107 51 121 89 177 
Maquina 9 : 85 157 76 63 75 179 90 5 13 198 98 44 138 144 148 150 153 42 80 57 
Maquina 10 : 180 181 53 151 183 50 60 169 77 140 185 195 48 108 67 160 178 129 110 192 
