Instance filename: ./instances/200jobs/instanceLarge1308_m=9_n=200_l=40_c=30_s=2.PMTC
Min temperature: 0.1
Max temperature: 0.5
Melhor Solução: 785
Temp div: 16
MCL: 400
PTL: 75000
Elapsed time was: 514070
Maquina 1 : 175 109 149 88 174 171 82 192 92 28 25 133 123 136 44 158 162 102 128 116 21 48 77 6 156 78 
Maquina 2 : 112 18 164 103 140 1 167 86 98 71 61 52 81 9 70 23 166 122 12 
Maquina 3 : 54 76 35 79 189 132 160 113 13 84 16 161 57 177 169 119 99 181 
Maquina 4 : 68 100 58 41 49 138 32 60 95 124 0 141 97 145 64 104 194 8 115 
Maquina 5 : 129 31 108 127 199 196 135 186 179 137 130 53 163 14 22 118 159 114 
Maquina 6 : 120 56 10 3 55 46 101 165 125 139 63 184 43 105 188 197 152 15 168 150 110 87 195 20 
Maquina 7 : 126 72 178 185 38 47 4 96 147 17 107 5 69 65 24 62 93 117 74 40 111 157 154 73 33 11 
Maquina 8 : 155 67 37 106 27 198 182 29 45 30 180 148 183 94 34 193 36 153 134 151 66 83 50 80 39 75 42 26 
Maquina 9 : 146 170 172 190 191 7 187 131 2 89 144 142 51 173 121 19 85 59 91 90 143 176 
