Instance filename: ./instances/200jobs/instanceLarge1208_m=9_n=200_l=30_c=10_s=1.PMTC
Min temperature: 0.1
Max temperature: 0.5
Melhor Solução: 2238
Temp div: 16
MCL: 400
PTL: 75000
Elapsed time was: 643873
Maquina 1 : 110 117 128 80 113 64 162 96 187 127 35 52 59 66 151 49 45 111 91 168 150 81 67 88 85 
Maquina 2 : 56 30 26 2 25 72 24 68 105 73 169 44 54 185 124 164 14 152 112 89 139 
Maquina 3 : 126 159 69 173 55 9 172 29 122 94 47 135 34 191 184 174 1 27 65 101 32 171 
Maquina 4 : 120 160 12 46 78 82 74 167 50 90 115 77 189 92 165 153 194 147 186 138 
Maquina 5 : 0 33 39 42 63 4 53 61 183 43 36 156 23 157 116 199 136 106 107 
Maquina 6 : 57 93 192 62 125 130 86 121 17 99 182 98 108 11 179 40 166 102 60 193 28 71 16 95 177 131 70 
Maquina 7 : 129 146 51 170 119 6 41 132 198 158 58 22 180 5 109 114 87 75 148 161 133 15 144 143 175 
Maquina 8 : 155 137 118 18 154 142 13 10 134 76 103 7 100 38 19 21 197 190 79 3 84 
Maquina 9 : 123 97 196 195 176 37 181 48 104 83 31 141 178 149 163 188 8 145 20 140 
