Instance filename: ./instances/200jobs/instanceLarge1440_m=10_n=200_l=40_c=30_s=2.PMTC
Min temperature: 0.1
Max temperature: 0.5
Melhor Solução: 667
Temp div: 16
MCL: 400
PTL: 75000
Elapsed time was: 503623
Maquina 1 : 65 9 76 195 151 44 40 39 164 69 123 198 146 157 88 183 52 114 3 
Maquina 2 : 150 167 125 77 127 135 189 108 194 66 13 90 99 116 101 25 71 32 107 191 73 
Maquina 3 : 34 149 118 60 119 144 105 20 70 142 35 100 72 147 74 186 92 155 50 162 16 97 187 
Maquina 4 : 24 113 182 45 57 117 115 0 137 11 4 156 128 98 148 8 78 136 120 29 31 
Maquina 5 : 85 21 19 18 131 178 160 14 53 83 7 199 84 163 185 86 103 17 94 121 104 
Maquina 6 : 143 2 184 58 93 192 174 95 80 109 49 64 5 30 27 41 154 124 79 62 43 134 
Maquina 7 : 47 75 179 33 145 168 180 188 169 36 111 91 161 61 12 196 38 181 82 138 171 
Maquina 8 : 37 176 122 193 23 112 102 110 158 133 130 190 63 129 26 152 81 55 166 89 
Maquina 9 : 87 10 28 140 59 54 15 159 96 56 42 106 177 165 175 51 141 
Maquina 10 : 22 173 132 68 6 67 48 126 197 170 172 1 46 139 153 
