Instance filename: ./instances/200jobs/instanceLarge1167_m=8_n=200_l=40_c=20_s=2.PMTC
Min temperature: 0.1
Max temperature: 0.5
Melhor Solução: 801
Temp div: 16
MCL: 400
PTL: 75000
Elapsed time was: 1566510
Maquina 1 : 61 146 13 116 43 112 77 198 95 169 3 180 170 94 23 181 11 148 184 137 108 14 81 142 130 69 
Maquina 2 : 79 105 97 135 16 122 87 42 182 132 41 151 100 114 103 18 46 25 145 8 113 109 70 74 140 150 191 88 165 
Maquina 3 : 102 172 7 120 71 91 139 117 126 6 197 20 51 49 17 174 37 66 115 183 118 134 162 64 124 58 147 106 
Maquina 4 : 32 44 125 15 136 76 194 159 188 164 57 45 96 0 111 107 65 176 28 158 192 62 54 
Maquina 5 : 47 73 78 68 178 98 190 119 33 2 175 156 129 4 177 31 154 30 173 133 48 67 
Maquina 6 : 35 83 12 53 60 93 195 63 29 138 101 75 186 168 59 153 50 34 179 127 36 99 152 131 21 27 
Maquina 7 : 187 80 196 40 19 26 5 90 84 144 104 110 155 22 52 10 123 160 24 166 85 1 149 9 55 39 193 
Maquina 8 : 89 167 141 163 56 161 189 121 171 157 128 82 185 199 72 86 143 92 38 
