Instance filename: ./instances/200jobs/instanceLarge925_m=6_n=200_l=40_c=20_s=0.PMTC
Min temperature: 0.1
Max temperature: 0.5
Melhor Solução: 3358
Temp div: 16
MCL: 400
PTL: 75000
Elapsed time was: 940308
Maquina 1 : 120 109 26 199 71 11 96 191 46 12 90 29 148 85 80 82 38 185 93 50 197 20 196 76 8 73 6 49 195 13 172 24 4 
Maquina 2 : 0 140 190 193 91 67 194 52 147 63 55 105 59 65 87 89 39 134 115 15 106 3 180 127 149 124 42 114 81 41 43 133 162 108 
Maquina 3 : 53 170 145 159 188 131 33 5 104 177 48 169 62 45 144 84 7 10 1 174 150 176 78 161 168 37 56 22 98 139 130 57 25 113 
Maquina 4 : 58 151 152 187 123 47 40 101 141 16 54 14 111 125 135 77 122 128 32 99 160 34 2 102 28 51 69 143 44 31 112 119 137 179 86 189 
Maquina 5 : 163 167 198 9 156 70 72 157 183 136 66 35 138 116 129 18 178 74 36 166 103 158 165 121 60 68 153 142 
Maquina 6 : 88 192 100 95 164 92 117 184 21 75 154 155 175 146 186 61 19 181 27 110 79 118 17 182 83 132 23 97 107 173 171 64 126 94 30 
