Instance filename: ./instances/200jobs/instanceLarge1406_m=10_n=200_l=40_c=20_s=1.PMTC
Min temperature: 0.1
Max temperature: 0.5
Melhor Solução: 2453
Temp div: 16
MCL: 400
PTL: 75000
Elapsed time was: 896699
Maquina 1 : 157 47 150 127 11 141 154 97 120 135 37 190 131 53 179 35 
Maquina 2 : 195 107 189 26 48 161 34 109 184 24 0 56 63 175 2 42 130 
Maquina 3 : 196 100 183 14 46 112 162 142 22 84 29 69 197 98 111 99 86 23 125 115 
Maquina 4 : 182 152 80 75 181 39 15 134 188 78 187 166 156 149 171 16 82 
Maquina 5 : 121 116 164 185 118 44 71 144 66 10 54 74 192 5 194 178 113 139 65 3 9 158 102 
Maquina 6 : 81 172 122 143 28 50 148 1 70 6 160 68 173 136 40 64 30 133 43 176 92 110 177 96 
Maquina 7 : 60 45 137 105 128 62 114 108 93 12 145 72 59 103 87 8 52 
Maquina 8 : 140 32 36 21 77 49 51 186 193 91 174 20 153 132 55 169 159 101 117 38 95 18 
Maquina 9 : 170 57 165 61 17 124 4 168 129 88 83 191 155 33 180 147 123 167 119 76 19 89 126 
Maquina 10 : 58 163 79 146 27 198 106 31 199 151 7 13 90 104 41 85 73 138 67 94 25 
