Instance filename: ./instances/200jobs/instanceLarge1423_m=10_n=200_l=40_c=30_s=0.PMTC
Min temperature: 0.1
Max temperature: 0.5
Melhor Solução: 768
Temp div: 16
MCL: 400
PTL: 75000
Elapsed time was: 875720
Maquina 1 : 12 157 120 136 78 8 148 53 117 34 71 32 81 152 26 104 47 121 40 143 7 70 39 16 
Maquina 2 : 187 24 113 73 108 31 29 103 96 130 190 63 129 160 135 194 66 13 
Maquina 3 : 90 172 9 64 49 79 62 89 46 1 153 139 149 86 163 185 198 123 164 199 84 
Maquina 4 : 122 94 17 65 93 179 33 75 168 112 102 110 158 6 67 126 48 173 22 141 51 
Maquina 5 : 175 100 56 42 106 177 165 44 169 188 180 147 72 18 68 107 195 151 109 14 43 10 28 140 
Maquina 6 : 59 54 15 159 87 155 50 162 74 37 186 92 197 166 35 142 131 20 
Maquina 7 : 184 178 170 2 4 156 128 98 137 11 0 23 61 115 57 45 182 60 119 
Maquina 8 : 144 105 83 154 124 191 146 133 41 19 21 85 145 118 174 95 80 
Maquina 9 : 192 125 3 114 52 183 88 127 25 101 116 99 77 132 167 150 55 91 
Maquina 10 : 161 36 111 5 27 30 58 97 38 134 196 181 82 138 171 176 76 189 69 193 
