Instance filename: ./instances/200jobs/instanceLarge895_m=6_n=200_l=30_c=20_s=0.PMTC
Min temperature: 0.1
Max temperature: 0.5
Melhor Solução: 3554
Temp div: 16
MCL: 400
PTL: 75000
Elapsed time was: 739777
Maquina 1 : 154 50 143 125 73 27 81 183 132 156 167 159 166 71 169 106 45 37 61 12 175 22 126 179 131 10 68 129 101 20 105 165 164 149 67 51 77 180 
Maquina 2 : 138 188 40 100 115 170 83 196 127 114 139 63 88 18 56 171 130 25 52 5 122 15 17 111 151 41 176 157 3 137 48 
Maquina 3 : 186 128 0 187 104 168 116 43 11 29 21 93 8 161 86 14 84 44 36 110 90 133 65 182 150 173 74 146 198 118 31 141 94 57 
Maquina 4 : 162 191 193 123 9 163 66 82 145 103 72 34 49 152 124 108 78 121 62 190 26 42 174 96 1 134 70 46 76 98 135 155 172 181 
Maquina 5 : 95 158 28 197 153 60 147 58 185 87 23 7 19 32 79 13 113 85 107 30 189 119 99 2 53 117 24 4 33 177 194 38 39 
Maquina 6 : 80 102 144 89 109 54 148 184 142 97 112 6 59 192 16 120 35 178 92 47 160 199 136 69 91 64 75 140 195 55 
