Instance filename: ./instances/200jobs/instanceLarge1221_m=9_n=200_l=30_c=10_s=2.PMTC
Min temperature: 0.1
Max temperature: 0.5
Melhor Solução: 707
Temp div: 16
MCL: 400
PTL: 75000
Elapsed time was: 515427
Maquina 1 : 118 68 184 75 175 195 110 128 26 70 78 117 46 50 60 95 58 120 12 1 
Maquina 2 : 160 127 191 43 147 23 192 116 53 137 155 157 4 61 63 36 183 27 109 65 82 69 
Maquina 3 : 101 45 138 0 193 139 197 122 156 29 159 9 102 189 178 126 99 187 129 96 146 132 198 170 119 
Maquina 4 : 6 41 131 16 71 144 15 106 135 123 140 18 172 194 2 176 92 48 181 
Maquina 5 : 196 199 37 179 98 136 47 186 28 121 42 130 114 33 39 142 177 103 22 51 180 5 49 
Maquina 6 : 62 151 185 72 168 104 165 153 166 7 173 20 38 8 188 145 56 19 167 21 40 74 
Maquina 7 : 67 108 31 83 93 85 133 164 112 35 88 89 87 55 143 158 90 77 115 14 124 54 161 
Maquina 8 : 44 169 64 152 154 134 73 171 80 174 94 32 34 24 97 10 86 3 25 13 149 17 190 125 
Maquina 9 : 84 57 11 182 79 52 59 81 91 66 150 111 105 100 76 107 141 162 113 163 30 148 
