Instance filename: ./instances/200jobs/instanceLarge1130_m=8_n=200_l=30_c=20_s=1.PMTC
Min temperature: 0.1
Max temperature: 0.5
Melhor Solução: 3337
Temp div: 16
MCL: 400
PTL: 75000
Elapsed time was: 615459
Maquina 1 : 0 56 64 36 162 119 16 63 185 82 79 94 54 98 107 10 88 49 165 38 186 150 164 192 147 
Maquina 2 : 46 92 104 65 8 37 14 179 26 32 69 25 110 131 116 182 154 146 74 70 106 188 
Maquina 3 : 61 195 181 85 72 118 42 71 45 155 44 2 129 113 33 77 87 117 148 86 93 100 178 
Maquina 4 : 176 80 23 40 187 7 18 59 139 57 124 35 122 140 11 58 177 137 166 55 22 24 135 168 123 76 13 
Maquina 5 : 159 83 78 121 75 9 145 111 143 128 199 175 161 17 171 89 142 173 132 190 28 172 167 130 
Maquina 6 : 141 96 151 19 15 138 126 157 152 153 120 95 3 170 149 29 68 133 105 125 134 184 73 108 5 160 12 81 60 67 
Maquina 7 : 41 34 197 48 4 112 30 91 198 196 109 180 174 158 43 144 115 102 27 193 99 
Maquina 8 : 169 163 101 136 114 189 66 51 194 1 39 103 127 183 62 90 47 21 156 6 84 52 53 191 31 20 50 97 
