Instance filename: ./instances/200jobs/instanceLarge982_m=7_n=200_l=30_c=10_s=0.PMTC
Min temperature: 0.1
Max temperature: 0.5
Melhor Solução: 1665
Temp div: 16
MCL: 400
PTL: 75000
Elapsed time was: 1121371
Maquina 1 : 186 71 42 86 148 20 198 8 108 14 195 143 45 50 41 10 91 99 64 96 58 135 15 181 53 189 81 61 176 126 
Maquina 2 : 177 66 145 62 65 33 100 59 37 114 35 4 29 160 72 118 155 157 92 95 16 124 102 192 166 180 82 136 21 101 31 11 
Maquina 3 : 193 98 167 131 22 54 78 85 111 68 172 80 182 74 140 188 36 73 127 94 44 48 30 115 24 178 119 38 190 154 5 
Maquina 4 : 9 137 122 75 113 109 142 60 112 34 83 110 179 103 130 146 90 52 138 77 161 144 106 6 0 2 40 1 
Maquina 5 : 156 170 196 197 43 184 173 49 32 23 191 168 171 55 27 12 51 89 162 46 158 70 121 93 117 97 141 
Maquina 6 : 153 25 128 132 3 125 183 133 194 79 76 69 26 123 87 17 150 67 163 47 159 120 57 165 134 28 
Maquina 7 : 199 63 18 151 84 139 107 164 152 175 105 185 104 174 116 149 88 187 39 169 129 7 56 19 147 13 
