Instance filename: ./instances/200jobs/instanceLarge959_m=6_n=200_l=40_c=30_s=1.PMTC
Min temperature: 0.1
Max temperature: 0.5
Melhor Solução: 5618
Temp div: 16
MCL: 400
PTL: 75000
Elapsed time was: 1021661
Maquina 1 : 36 26 70 172 95 0 195 92 20 190 127 139 166 141 103 104 51 44 125 60 54 124 183 84 57 19 179 105 173 42 
Maquina 2 : 5 33 119 15 126 174 136 181 187 66 180 169 74 90 150 131 106 27 198 100 171 159 87 55 46 24 128 43 38 8 185 79 17 175 61 89 168 118 
Maquina 3 : 130 111 129 186 88 115 133 41 143 73 176 122 83 108 75 121 86 81 117 96 29 146 160 155 31 98 140 82 163 123 93 21 197 164 45 6 107 25 
Maquina 4 : 32 147 114 53 39 48 2 109 56 71 49 69 59 191 116 30 192 40 153 13 12 165 34 94 138 76 9 4 1 
Maquina 5 : 28 16 152 68 151 120 35 7 110 158 193 22 145 47 112 149 50 167 148 85 142 65 170 18 64 162 199 3 188 91 62 11 
Maquina 6 : 194 99 144 23 178 78 52 97 189 72 10 58 177 63 161 135 14 156 77 113 134 37 67 101 154 132 184 80 182 157 102 137 196 
