Instance filename: ./instances/200jobs/instanceLarge1090_m=8_n=200_l=30_c=10_s=0.PMTC
Min temperature: 0.1
Max temperature: 0.5
Melhor Solução: 1313
Temp div: 16
MCL: 400
PTL: 75000
Elapsed time was: 689978
Maquina 1 : 181 43 184 20 57 7 25 142 2 56 88 176 122 41 109 125 26 156 78 77 182 166 138 89 86 60 
Maquina 2 : 146 123 121 124 108 49 179 0 8 136 110 1 45 95 106 71 111 99 47 169 117 27 82 150 
Maquina 3 : 133 105 63 100 114 170 103 96 115 59 188 134 58 34 11 119 153 129 92 141 66 24 116 67 
Maquina 4 : 199 10 21 164 131 193 38 161 189 18 196 194 76 192 163 171 186 127 183 31 178 80 48 94 17 
Maquina 5 : 191 113 75 39 72 185 167 85 190 158 137 68 65 22 147 54 152 69 151 9 140 62 159 5 83 74 51 
Maquina 6 : 40 16 81 135 44 126 174 177 33 149 12 168 42 79 139 107 157 23 162 130 61 154 50 
Maquina 7 : 29 143 128 55 187 104 118 180 101 155 64 112 14 145 148 32 70 13 73 97 197 160 6 
Maquina 8 : 19 84 36 144 37 198 175 165 15 98 195 52 28 53 102 120 132 30 87 90 3 172 35 93 4 46 173 91 
