Instance filename: ./instances/200jobs/instanceLarge1252_m=9_n=200_l=30_c=20_s=0.PMTC
Min temperature: 0.1
Max temperature: 0.5
Melhor Solução: 1204
Temp div: 16
MCL: 400
PTL: 75000
Elapsed time was: 874983
Maquina 1 : 61 152 31 10 81 16 197 3 89 38 97 33 139 58 127 145 30 71 143 67 64 111 
Maquina 2 : 65 173 106 56 174 108 15 8 142 114 90 192 160 24 126 50 183 144 76 199 180 136 
Maquina 3 : 147 37 0 6 105 63 120 72 138 69 73 47 66 17 4 129 2 140 146 109 52 74 
Maquina 4 : 164 70 168 124 92 95 103 59 121 7 93 181 123 179 169 185 40 82 117 46 
Maquina 5 : 5 135 60 151 79 12 100 80 23 1 134 84 20 51 83 141 133 34 176 
Maquina 6 : 13 193 11 42 19 128 77 166 45 57 54 165 9 189 113 55 14 122 44 178 191 78 21 
Maquina 7 : 149 75 35 107 159 130 172 101 28 194 148 26 96 156 112 131 94 171 85 62 186 182 177 
Maquina 8 : 86 167 68 118 119 36 39 115 187 99 195 18 125 25 48 188 162 198 27 49 29 
Maquina 9 : 161 190 154 22 170 175 163 98 157 132 150 184 158 104 137 88 43 110 41 32 155 87 102 91 116 153 53 196 
