Instance filename: ./instances/200jobs/instanceLarge858_m=6_n=200_l=30_c=10_s=2.PMTC
Min temperature: 0.1
Max temperature: 0.5
Melhor Solução: 1103
Temp div: 16
MCL: 400
PTL: 75000
Elapsed time was: 907084
Maquina 1 : 187 2 173 56 93 5 162 156 121 3 154 77 129 157 61 85 123 69 192 149 51 17 4 55 109 122 151 18 67 105 34 80 166 
Maquina 2 : 45 178 79 38 8 26 135 115 92 95 11 158 104 137 181 107 24 1 110 142 99 78 116 83 148 0 125 68 102 70 190 14 13 31 97 7 195 191 171 
Maquina 3 : 168 117 63 119 170 46 96 48 197 185 75 82 186 146 101 108 35 58 72 165 29 60 65 39 111 15 87 40 41 
Maquina 4 : 22 160 164 150 25 175 124 153 155 152 145 44 128 42 112 62 52 36 94 188 141 21 140 74 19 126 49 198 76 9 194 
Maquina 5 : 133 177 53 183 147 159 20 161 91 106 172 71 193 139 196 81 180 6 23 30 174 131 118 100 28 10 33 167 12 184 32 54 132 88 50 
Maquina 6 : 37 163 64 143 179 47 43 176 169 189 89 59 199 98 84 138 130 144 66 27 57 114 86 120 127 90 113 16 103 182 73 134 136 
