Instance filename: ./instances/200jobs/instanceLarge1283_m=9_n=200_l=40_c=20_s=1.PMTC
Min temperature: 0.1
Max temperature: 0.5
Melhor Solução: 2748
Temp div: 16
MCL: 400
PTL: 75000
Elapsed time was: 1031829
Maquina 1 : 3 4 126 29 15 18 6 65 157 129 180 71 165 152 159 61 25 74 0 14 147 199 84 37 
Maquina 2 : 182 130 128 80 144 181 160 168 30 184 161 146 82 188 12 97 124 73 131 119 91 158 151 79 49 
Maquina 3 : 68 42 98 52 163 149 67 69 41 55 101 26 60 155 110 21 197 148 132 47 106 196 2 
Maquina 4 : 44 167 50 108 63 75 186 174 56 122 123 88 35 28 23 59 76 125 173 109 31 113 114 53 95 
Maquina 5 : 112 22 83 170 107 187 135 176 138 121 34 189 190 177 62 143 154 178 
Maquina 6 : 39 117 99 153 85 96 40 66 45 33 120 16 13 19 5 142 58 46 162 141 78 17 
Maquina 7 : 185 87 133 111 93 150 20 156 51 11 195 10 27 140 192 86 103 115 
Maquina 8 : 127 77 134 43 139 81 64 94 1 72 92 70 166 105 48 169 89 194 118 191 104 24 145 38 172 
Maquina 9 : 136 9 193 116 7 32 175 164 171 137 179 183 90 36 8 57 102 100 54 198 
