Instance filename: ./instances/200jobs/instanceLarge1337_m=10_n=200_l=30_c=10_s=1.PMTC
Min temperature: 0.1
Max temperature: 0.5
Melhor Solução: 2006
Temp div: 16
MCL: 400
PTL: 75000
Elapsed time was: 813236
Maquina 1 : 134 59 82 7 155 124 86 120 106 23 147 143 20 69 104 6 194 102 88 91 3 46 123 100 
Maquina 2 : 115 93 113 140 48 195 16 32 144 181 68 116 101 4 112 136 149 56 
Maquina 3 : 17 5 15 22 94 173 64 57 158 97 52 165 30 172 47 58 40 146 197 
Maquina 4 : 190 176 167 81 103 168 117 26 27 49 83 166 29 125 127 19 141 35 126 84 
Maquina 5 : 135 139 62 18 39 128 199 54 80 55 50 183 53 151 42 148 153 60 13 
Maquina 6 : 182 138 98 44 169 198 89 118 90 152 12 14 87 72 70 77 24 150 164 154 21 
Maquina 7 : 156 0 8 38 119 1 43 33 65 36 162 2 78 108 133 79 37 189 186 63 75 
Maquina 8 : 161 9 191 10 163 45 34 25 185 28 159 174 109 74 92 131 41 171 95 175 96 114 
Maquina 9 : 180 130 193 66 170 122 107 188 51 121 177 85 76 187 31 196 132 179 145 67 
Maquina 10 : 142 160 178 192 129 73 110 11 71 61 105 184 111 157 99 137 
