Instance filename: ./instances/200jobs/instanceLarge1316_m=9_n=200_l=40_c=30_s=1.PMTC
Min temperature: 0.1
Max temperature: 0.5
Melhor Solução: 3729
Temp div: 16
MCL: 400
PTL: 75000
Elapsed time was: 645501
Maquina 1 : 164 115 87 8 194 104 64 145 47 38 127 129 46 101 117 40 74 110 44 99 69 
Maquina 2 : 17 5 1 103 140 60 32 126 50 80 83 193 106 37 142 190 191 91 136 63 30 198 
Maquina 3 : 29 108 45 147 107 66 151 134 153 146 18 177 112 172 10 6 48 77 183 21 137 186 62 
Maquina 4 : 36 178 90 143 176 133 123 58 100 41 49 138 28 92 25 192 82 171 150 78 
Maquina 5 : 184 105 188 152 197 139 0 124 95 125 114 120 128 168 15 26 180 75 42 57 148 39 135 
Maquina 6 : 9 22 102 159 118 35 79 132 167 86 98 71 43 130 53 163 14 196 179 94 173 187 19 144 
Maquina 7 : 76 54 12 122 166 23 161 116 16 84 13 113 160 189 170 97 59 199 3 55 65 155 11 
Maquina 8 : 33 73 182 154 157 31 61 169 81 52 181 119 68 4 156 56 34 141 51 195 20 72 185 
Maquina 9 : 7 174 165 24 70 88 149 109 175 96 67 121 89 2 131 162 158 93 27 111 85 
