Instance filename: ./instances/200jobs/instanceLarge1080_m=7_n=200_l=40_c=30_s=2.PMTC
Min temperature: 0.1
Max temperature: 0.5
Melhor Solução: 944
Temp div: 16
MCL: 400
PTL: 75000
Elapsed time was: 581466
Maquina 1 : 172 31 101 13 70 77 80 113 42 7 124 37 98 54 5 129 199 40 174 153 133 112 66 33 57 16 116 
Maquina 2 : 182 41 156 139 96 123 24 51 167 158 100 99 180 62 1 181 142 163 67 2 196 92 72 19 120 23 
Maquina 3 : 194 50 138 190 164 8 4 12 177 79 119 36 61 169 27 173 126 86 103 26 114 56 35 
Maquina 4 : 192 6 144 25 28 74 83 115 30 165 15 154 118 94 179 132 135 88 170 55 44 155 141 14 48 122 3 150 186 184 
Maquina 5 : 60 197 137 195 176 78 49 11 166 93 147 95 64 38 102 131 85 152 52 17 71 90 188 65 53 175 20 68 106 171 
Maquina 6 : 59 146 63 81 82 69 130 89 108 104 191 159 198 97 32 117 29 9 91 145 178 73 18 84 43 189 105 148 134 193 183 161 160 187 
Maquina 7 : 10 45 21 185 76 162 127 0 143 149 39 58 121 125 128 109 34 157 22 111 47 75 140 168 151 110 107 136 87 46 
