Instance filename: ./instances/200jobs/instanceLarge1051_m=7_n=200_l=40_c=30_s=0.PMTC
Min temperature: 0.1
Max temperature: 0.5
Melhor Solução: 4288
Temp div: 16
MCL: 400
PTL: 75000
Elapsed time was: 552196
Maquina 1 : 76 162 127 0 65 143 38 149 39 179 58 100 136 46 199 198 22 191 171 47 165 62 59 82 69 181 145 148 1 
Maquina 2 : 105 84 73 18 54 98 5 117 29 9 91 158 19 120 173 88 132 106 70 135 81 146 52 97 157 109 156 140 166 
Maquina 3 : 192 6 188 90 71 85 17 113 55 122 75 107 16 35 10 56 139 164 4 185 21 45 187 160 161 183 193 111 
Maquina 4 : 150 152 3 186 184 60 74 28 83 25 125 144 96 37 154 126 27 34 155 44 189 63 15 138 190 194 23 118 
Maquina 5 : 103 7 32 196 92 72 2 67 50 33 94 163 11 142 115 49 78 110 151 168 141 178 87 79 119 61 36 169 77 80 
Maquina 6 : 13 57 104 116 182 172 31 64 95 147 93 137 195 176 41 14 180 48 66 128 112 175 20 131 68 121 159 
Maquina 7 : 51 167 24 99 12 177 26 114 170 86 8 134 133 153 174 123 53 197 40 130 89 42 124 108 101 129 102 30 43 
