Instance filename: ./instances/200jobs/instanceLarge1159_m=8_n=200_l=40_c=20_s=0.PMTC
Min temperature: 0.1
Max temperature: 0.5
Melhor Solução: 1050
Temp div: 16
MCL: 400
PTL: 75000
Elapsed time was: 737867
Maquina 1 : 182 11 137 142 14 79 130 189 93 60 195 175 148 53 162 83 12 157 154 42 75 186 47 51 66 101 
Maquina 2 : 78 73 106 54 149 39 85 62 9 166 55 141 167 99 193 19 191 116 89 174 70 29 77 165 111 
Maquina 3 : 41 180 158 115 152 13 61 146 32 140 190 109 6 20 7 113 8 69 150 126 44 34 120 71 74 24 68 91 
Maquina 4 : 112 46 178 50 125 144 84 97 135 94 26 139 88 183 1 118 64 58 86 171 121 199 176 92 
Maquina 5 : 38 143 72 181 131 0 96 45 164 57 104 159 194 147 49 87 122 132 151 100 134 133 114 110 
Maquina 6 : 18 31 4 177 170 102 3 27 169 10 196 21 160 155 123 22 98 103 52 108 136 127 81 105 138 
Maquina 7 : 90 172 37 15 17 5 56 163 40 65 173 187 80 184 48 192 76 67 23 117 107 28 129 119 185 168 198 
Maquina 8 : 95 59 128 161 36 124 153 179 35 43 145 30 16 156 82 2 33 197 25 188 63 
