Instance filename: ./instances/200jobs/instanceLarge937_m=6_n=200_l=40_c=30_s=0.PMTC
Min temperature: 0.1
Max temperature: 0.5
Melhor Solução: 4179
Temp div: 16
MCL: 400
PTL: 75000
Elapsed time was: 1013952
Maquina 1 : 105 98 19 31 140 82 5 119 42 179 181 40 88 80 184 56 132 101 154 67 43 128 24 46 55 87 159 171 100 198 27 106 131 74 150 90 113 45 
Maquina 2 : 182 94 138 76 77 130 118 168 89 141 69 153 59 79 185 115 41 143 73 122 133 176 83 108 75 121 86 96 29 117 26 36 
Maquina 3 : 178 175 17 71 49 109 53 195 70 114 6 164 21 197 107 32 16 28 1 4 152 120 149 146 68 44 81 125 25 51 129 37 
Maquina 4 : 134 102 104 183 23 103 189 136 155 66 187 169 160 156 180 2 14 63 161 92 9 135 157 196 137 147 13 12 165 50 112 167 85 
Maquina 5 : 142 148 173 33 35 11 99 194 144 193 158 110 7 39 170 18 3 199 61 162 126 15 174 190 127 139 151 186 166 30 192 116 
Maquina 6 : 93 47 145 22 48 163 177 111 58 10 72 97 78 8 38 62 91 123 34 65 64 188 191 84 57 124 54 52 60 20 0 95 172 
