Instance filename: ./instances/200jobs/instanceLarge1331_m=10_n=200_l=30_c=10_s=1.PMTC
Min temperature: 0.1
Max temperature: 0.5
Melhor Solução: 2044
Temp div: 16
MCL: 400
PTL: 75000
Elapsed time was: 428535
Maquina 1 : 99 137 157 111 6 162 2 78 180 108 36 65 113 80 110 104 145 91 43 166 
Maquina 2 : 199 54 19 189 159 37 79 133 144 68 66 122 170 22 196 85 136 173 116 142 
Maquina 3 : 112 179 129 156 119 1 0 38 140 29 139 109 127 81 149 18 128 
Maquina 4 : 86 56 17 106 5 94 98 107 138 13 50 44 51 198 42 118 90 152 8 14 12 72 
Maquina 5 : 70 48 87 186 182 74 31 16 195 92 163 174 148 134 53 153 151 185 60 89 183 28 
Maquina 6 : 77 121 193 169 135 39 171 41 95 32 63 126 150 4 101 57 115 76 21 
Maquina 7 : 25 88 55 146 24 167 164 82 155 59 7 176 124 73 143 23 147 120 131 102 175 96 
Maquina 8 : 114 160 187 67 46 177 188 132 197 3 178 100 181 93 11 
Maquina 9 : 154 158 97 192 30 165 52 64 15 184 71 105 61 103 190 40 69 117 58 33 172 47 
Maquina 10 : 130 194 20 125 27 26 83 49 141 84 62 35 161 34 75 9 10 123 191 45 168 
