Instance filename: ./instances/200jobs/instanceLarge979_m=7_n=200_l=30_c=10_s=0.PMTC
Min temperature: 0.1
Max temperature: 0.5
Melhor Solução: 1982
Temp div: 16
MCL: 400
PTL: 75000
Elapsed time was: 615116
Maquina 1 : 19 117 141 153 132 25 97 192 3 13 128 88 193 21 180 31 122 138 9 133 75 113 84 29 105 98 167 71 34 52 110 
Maquina 2 : 179 82 185 142 83 173 177 151 23 27 51 162 12 171 89 136 158 107 139 46 5 164 175 104 152 85 198 
Maquina 3 : 108 8 157 125 146 130 90 2 144 6 0 106 40 70 121 186 68 11 42 14 76 87 69 123 101 80 17 
Maquina 4 : 131 199 195 78 54 111 165 67 159 57 120 134 115 172 188 140 36 73 127 182 94 48 93 4 92 44 35 
Maquina 5 : 114 124 72 15 118 49 100 155 148 86 65 20 62 59 55 33 74 129 145 7 160 150 56 143 45 166 16 66 41 
Maquina 6 : 91 109 22 163 95 79 26 60 135 63 28 147 187 174 18 149 183 39 116 47 196 197 184 43 156 170 1 161 
Maquina 7 : 112 190 77 119 178 38 137 154 50 37 10 64 32 96 58 176 61 168 189 81 99 194 53 24 181 126 191 30 169 102 103 
