Instance filename: ./instances/200jobs/instanceLarge1096_m=8_n=200_l=30_c=10_s=0.PMTC
Min temperature: 0.1
Max temperature: 0.5
Melhor Solução: 1766
Temp div: 16
MCL: 400
PTL: 75000
Elapsed time was: 568415
Maquina 1 : 45 18 90 84 30 183 178 31 80 73 192 37 175 14 148 15 13 120 35 153 24 66 92 5 103 
Maquina 2 : 97 149 132 12 124 108 121 164 67 0 193 36 21 28 150 160 87 94 154 29 61 2 56 176 
Maquina 3 : 116 174 126 44 81 16 135 1 40 6 9 159 55 140 22 62 8 102 95 96 112 64 113 167 77 
Maquina 4 : 20 111 86 190 85 158 137 65 147 152 54 83 82 138 151 197 32 145 118 180 194 187 101 155 109 
Maquina 5 : 93 134 59 143 188 70 115 191 58 199 46 41 91 11 173 49 27 68 162 119 42 169 139 33 79 50 23 157 130 
Maquina 6 : 19 107 168 7 185 17 142 181 57 88 43 184 182 60 53 25 166 146 39 136 117 123 89 127 
Maquina 7 : 177 38 10 76 98 75 172 198 48 106 71 99 47 104 161 110 189 131 196 69 129 171 72 3 4 128 
Maquina 8 : 186 52 195 144 165 141 51 170 63 114 163 105 100 133 34 78 156 26 125 122 74 179 
