Instance filename: ./instances/200jobs/instanceLarge1142_m=8_n=200_l=40_c=20_s=1.PMTC
Min temperature: 0.1
Max temperature: 0.5
Melhor Solução: 3294
Temp div: 16
MCL: 400
PTL: 75000
Elapsed time was: 1018378
Maquina 1 : 60 93 195 29 30 35 53 12 181 83 173 85 154 153 59 161 128 138 17 114 5 
Maquina 2 : 167 141 99 55 166 39 191 193 21 160 123 22 98 52 196 155 40 176 187 10 89 19 174 116 32 80 70 148 130 142 
Maquina 3 : 184 79 137 108 81 37 182 42 105 151 132 97 82 69 16 87 122 147 84 150 190 48 126 140 109 6 7 
Maquina 4 : 113 20 8 65 197 158 117 111 107 165 77 169 198 95 145 185 23 170 102 51 3 180 
Maquina 5 : 27 9 36 127 179 28 34 135 139 183 26 1 134 88 64 162 118 14 121 124 86 11 164 94 
Maquina 6 : 178 43 125 199 57 45 143 92 131 38 72 0 149 144 96 62 112 58 90 49 
Maquina 7 : 159 104 194 56 15 172 103 188 136 163 63 157 171 46 25 33 119 175 133 67 156 177 4 129 2 186 168 50 75 
Maquina 8 : 66 101 73 78 91 192 106 54 76 71 24 74 68 120 31 110 18 115 44 100 41 61 152 146 47 189 13 
