Instance filename: ./instances/RCPMSII/RCPMS_Instance_43_m=4_n=100_t=11
Min temperature: 0.1
Max temperature: 0.5
Melhor Solução: 872
Temp div: 20
MCL: 500
PTL: 400
Elapsed time was: 24292
Maquina 1 : 52 85 84 43 96 38 56 88 93 7 21 67 92 82 61 3 60 66 63 65 13 31 57 12 19 
Maquina 2 : 53 45 23 15 91 37 11 79 55 28 20 14 62 16 89 22 70 9 69 97 49 87 29 36 46 
Maquina 3 : 95 64 25 30 41 0 75 2 71 98 35 42 90 6 8 32 81 54 39 73 40 78 48 80 94 72 
Maquina 4 : 76 33 59 24 50 58 99 77 83 17 86 10 34 5 18 74 68 27 47 44 4 26 51 1 
Formato de validacao do resultado: 
0 52 0 85 0 84 0 43 0 96 0 38 0 56 0 88 0 93 0 7 0 21 0 67 0 92 0 82 0 61 0 3 0 60 0 66 0 63 0 65 0 13 0 31 0 57 0 12 0 19 
1 53 1 45 1 23 1 15 1 91 1 37 1 11 1 79 1 55 1 28 1 20 1 14 1 62 1 16 1 89 1 22 1 70 1 9 1 69 1 97 1 49 1 87 1 29 1 36 1 46 
2 95 2 64 2 25 2 30 2 41 2 0 2 75 2 2 2 71 2 98 2 35 2 42 2 90 2 6 2 8 2 32 2 81 2 54 2 39 2 73 2 40 2 78 2 48 2 80 2 94 2 72 
3 76 3 33 3 59 3 24 3 50 3 58 3 99 3 77 3 83 3 17 3 86 3 10 3 34 3 5 3 18 3 74 3 68 3 27 3 47 3 44 3 4 3 26 3 51 3 1 
