Instance filename: ./instances/RCPMSII/RCPMS_Instance_105_m=6_n=200_t=13
Min temperature: 0.1
Max temperature: 0.5
Melhor Solução: 1086
Temp div: 20
MCL: 500
PTL: 400
Elapsed time was: 155234
Maquina 1 : 139 15 169 71 19 67 6 48 1 24 177 142 54 12 41 69 18 160 127 11 81 73 132 129 168 30 154 100 102 52 107 180 110 8 
Maquina 2 : 3 98 135 32 138 125 109 104 68 176 108 128 170 105 147 191 188 161 163 112 91 79 187 31 35 2 26 115 59 165 47 119 196 157 22 82 
Maquina 3 : 167 29 151 5 111 116 148 83 140 186 21 62 120 190 178 39 64 28 37 70 78 77 27 126 194 199 38 159 136 179 23 173 133 
Maquina 4 : 103 80 181 45 183 43 60 156 89 86 118 150 146 46 40 113 155 33 144 76 75 117 195 172 137 14 36 101 42 124 197 65 
Maquina 5 : 88 13 20 74 96 175 158 55 141 131 130 99 0 145 10 84 50 143 153 162 171 7 193 25 123 97 53 192 57 94 61 185 
Maquina 6 : 9 44 189 63 182 58 152 174 134 72 198 90 92 51 121 106 17 149 16 49 56 66 95 122 164 166 4 184 114 85 93 87 34 
Formato de validacao do resultado: 
0 139 0 15 0 169 0 71 0 19 0 67 0 6 0 48 0 1 0 24 0 177 0 142 0 54 0 12 0 41 0 69 0 18 0 160 0 127 0 11 0 81 0 73 0 132 0 129 0 168 0 30 0 154 0 100 0 102 0 52 0 107 0 180 0 110 0 8 
1 3 1 98 1 135 1 32 1 138 1 125 1 109 1 104 1 68 1 176 1 108 1 128 1 170 1 105 1 147 1 191 1 188 1 161 1 163 1 112 1 91 1 79 1 187 1 31 1 35 1 2 1 26 1 115 1 59 1 165 1 47 1 119 1 196 1 157 1 22 1 82 
2 167 2 29 2 151 2 5 2 111 2 116 2 148 2 83 2 140 2 186 2 21 2 62 2 120 2 190 2 178 2 39 2 64 2 28 2 37 2 70 2 78 2 77 2 27 2 126 2 194 2 199 2 38 2 159 2 136 2 179 2 23 2 173 2 133 
3 103 3 80 3 181 3 45 3 183 3 43 3 60 3 156 3 89 3 86 3 118 3 150 3 146 3 46 3 40 3 113 3 155 3 33 3 144 3 76 3 75 3 117 3 195 3 172 3 137 3 14 3 36 3 101 3 42 3 124 3 197 3 65 
4 88 4 13 4 20 4 74 4 96 4 175 4 158 4 55 4 141 4 131 4 130 4 99 4 0 4 145 4 10 4 84 4 50 4 143 4 153 4 162 4 171 4 7 4 193 4 25 4 123 4 97 4 53 4 192 4 57 4 94 4 61 4 185 
5 9 5 44 5 189 5 63 5 182 5 58 5 152 5 174 5 134 5 72 5 198 5 90 5 92 5 51 5 121 5 106 5 17 5 149 5 16 5 49 5 56 5 66 5 95 5 122 5 164 5 166 5 4 5 184 5 114 5 85 5 93 5 87 5 34 
