Instance filename: ./instances/RCPMSII/RCPMS_Instance_136_m=8_n=200_t=9
Min temperature: 0.1
Max temperature: 0.5
Melhor Solução: 800
Temp div: 20
MCL: 500
PTL: 400
Elapsed time was: 408726
Maquina 1 : 140 143 28 94 184 118 80 41 179 0 166 173 111 137 112 164 165 43 86 24 38 88 
Maquina 2 : 131 49 84 158 153 154 12 107 40 83 127 70 109 8 76 97 129 15 180 18 68 17 135 103 32 
Maquina 3 : 175 187 122 126 151 25 90 125 149 30 147 13 167 160 55 61 148 2 138 114 37 142 4 99 174 193 
Maquina 4 : 33 31 79 71 186 161 7 35 191 102 27 14 75 116 121 47 59 21 199 128 87 19 123 182 119 26 
Maquina 5 : 73 98 169 177 22 5 64 66 58 67 183 23 156 36 132 152 51 189 120 110 63 150 46 130 176 54 105 52 92 29 157 134 
Maquina 6 : 100 9 106 108 188 170 198 101 192 194 146 139 181 77 117 196 57 6 16 95 69 171 
Maquina 7 : 1 145 39 104 34 190 163 72 42 115 81 45 185 53 20 155 197 3 10 168 195 56 172 96 136 62 162 44 
Maquina 8 : 74 78 159 178 48 65 50 82 141 89 91 124 113 93 85 133 144 60 11 
Formato de validacao do resultado: 
0 140 0 143 0 28 0 94 0 184 0 118 0 80 0 41 0 179 0 0 0 166 0 173 0 111 0 137 0 112 0 164 0 165 0 43 0 86 0 24 0 38 0 88 
1 131 1 49 1 84 1 158 1 153 1 154 1 12 1 107 1 40 1 83 1 127 1 70 1 109 1 8 1 76 1 97 1 129 1 15 1 180 1 18 1 68 1 17 1 135 1 103 1 32 
2 175 2 187 2 122 2 126 2 151 2 25 2 90 2 125 2 149 2 30 2 147 2 13 2 167 2 160 2 55 2 61 2 148 2 2 2 138 2 114 2 37 2 142 2 4 2 99 2 174 2 193 
3 33 3 31 3 79 3 71 3 186 3 161 3 7 3 35 3 191 3 102 3 27 3 14 3 75 3 116 3 121 3 47 3 59 3 21 3 199 3 128 3 87 3 19 3 123 3 182 3 119 3 26 
4 73 4 98 4 169 4 177 4 22 4 5 4 64 4 66 4 58 4 67 4 183 4 23 4 156 4 36 4 132 4 152 4 51 4 189 4 120 4 110 4 63 4 150 4 46 4 130 4 176 4 54 4 105 4 52 4 92 4 29 4 157 4 134 
5 100 5 9 5 106 5 108 5 188 5 170 5 198 5 101 5 192 5 194 5 146 5 139 5 181 5 77 5 117 5 196 5 57 5 6 5 16 5 95 5 69 5 171 
6 1 6 145 6 39 6 104 6 34 6 190 6 163 6 72 6 42 6 115 6 81 6 45 6 185 6 53 6 20 6 155 6 197 6 3 6 10 6 168 6 195 6 56 6 172 6 96 6 136 6 62 6 162 6 44 
7 74 7 78 7 159 7 178 7 48 7 65 7 50 7 82 7 141 7 89 7 91 7 124 7 113 7 93 7 85 7 133 7 144 7 60 7 11 
