Instance filename: ./instances/RCPMSII/RCPMS_Instance_31_m=4_n=100_t=5
Min temperature: 0.1
Max temperature: 0.5
Melhor Solução: 816
Temp div: 20
MCL: 500
PTL: 400
Elapsed time was: 36368
Maquina 1 : 8 9 93 16 65 95 80 51 67 55 19 12 45 33 44 23 48 49 50 53 79 99 20 60 59 
Maquina 2 : 81 94 58 78 47 31 13 27 0 69 75 61 35 38 5 97 98 39 1 52 30 88 85 
Maquina 3 : 87 54 15 36 4 6 43 68 74 64 42 37 41 34 56 70 77 92 24 22 72 89 90 21 86 
Maquina 4 : 82 25 83 91 40 84 3 2 14 71 66 26 17 10 29 73 63 62 7 32 28 76 57 18 46 96 11 
Formato de validacao do resultado: 
0 8 0 9 0 93 0 16 0 65 0 95 0 80 0 51 0 67 0 55 0 19 0 12 0 45 0 33 0 44 0 23 0 48 0 49 0 50 0 53 0 79 0 99 0 20 0 60 0 59 
1 81 1 94 1 58 1 78 1 47 1 31 1 13 1 27 1 0 1 69 1 75 1 61 1 35 1 38 1 5 1 97 1 98 1 39 1 1 1 52 1 30 1 88 1 85 
2 87 2 54 2 15 2 36 2 4 2 6 2 43 2 68 2 74 2 64 2 42 2 37 2 41 2 34 2 56 2 70 2 77 2 92 2 24 2 22 2 72 2 89 2 90 2 21 2 86 
3 82 3 25 3 83 3 91 3 40 3 84 3 3 3 2 3 14 3 71 3 66 3 26 3 17 3 10 3 29 3 73 3 63 3 62 3 7 3 32 3 28 3 76 3 57 3 18 3 46 3 96 3 11 
