Instance filename: ./instances/RCPMSII/RCPMS_Instance_40_m=4_n=100_t=7
Min temperature: 0.1
Max temperature: 0.5
Melhor Solução: 790
Temp div: 20
MCL: 500
PTL: 400
Elapsed time was: 31603
Maquina 1 : 52 16 29 28 14 74 3 99 81 10 20 68 58 15 26 41 97 86 44 43 78 50 39 96 
Maquina 2 : 62 80 2 93 95 73 33 21 38 64 46 87 12 66 55 94 42 13 8 51 4 37 98 75 
Maquina 3 : 82 40 63 83 27 5 84 89 71 47 22 36 48 77 25 35 76 65 23 69 88 54 
Maquina 4 : 45 56 32 18 57 60 92 72 34 17 67 85 6 24 11 90 9 19 70 31 61 79 49 53 0 1 7 59 91 30 
Formato de validacao do resultado: 
0 52 0 16 0 29 0 28 0 14 0 74 0 3 0 99 0 81 0 10 0 20 0 68 0 58 0 15 0 26 0 41 0 97 0 86 0 44 0 43 0 78 0 50 0 39 0 96 
1 62 1 80 1 2 1 93 1 95 1 73 1 33 1 21 1 38 1 64 1 46 1 87 1 12 1 66 1 55 1 94 1 42 1 13 1 8 1 51 1 4 1 37 1 98 1 75 
2 82 2 40 2 63 2 83 2 27 2 5 2 84 2 89 2 71 2 47 2 22 2 36 2 48 2 77 2 25 2 35 2 76 2 65 2 23 2 69 2 88 2 54 
3 45 3 56 3 32 3 18 3 57 3 60 3 92 3 72 3 34 3 17 3 67 3 85 3 6 3 24 3 11 3 90 3 9 3 19 3 70 3 31 3 61 3 79 3 49 3 53 3 0 3 1 3 7 3 59 3 91 3 30 
