Instance filename: ./instances/RCPMSII/RCPMS_Instance_114_m=7_n=100_t=11
Min temperature: 0.1
Max temperature: 0.5
Melhor Solução: 447
Temp div: 20
MCL: 500
PTL: 400
Elapsed time was: 121561
Maquina 1 : 4 36 52 42 96 91 14 84 30 74 66 39 62 80 
Maquina 2 : 29 41 20 12 46 95 71 53 92 47 79 23 0 34 26 98 
Maquina 3 : 11 49 86 63 35 97 56 9 7 64 17 3 55 31 40 
Maquina 4 : 37 72 50 15 76 45 59 51 28 99 61 85 73 68 
Maquina 5 : 87 83 81 48 69 43 22 8 10 65 1 75 2 
Maquina 6 : 19 60 70 88 77 57 67 27 25 89 16 13 90 5 58 94 33 
Maquina 7 : 32 82 44 93 54 18 78 24 6 38 21 
Formato de validacao do resultado: 
0 4 0 36 0 52 0 42 0 96 0 91 0 14 0 84 0 30 0 74 0 66 0 39 0 62 0 80 
1 29 1 41 1 20 1 12 1 46 1 95 1 71 1 53 1 92 1 47 1 79 1 23 1 0 1 34 1 26 1 98 
2 11 2 49 2 86 2 63 2 35 2 97 2 56 2 9 2 7 2 64 2 17 2 3 2 55 2 31 2 40 
3 37 3 72 3 50 3 15 3 76 3 45 3 59 3 51 3 28 3 99 3 61 3 85 3 73 3 68 
4 87 4 83 4 81 4 48 4 69 4 43 4 22 4 8 4 10 4 65 4 1 4 75 4 2 
5 19 5 60 5 70 5 88 5 77 5 57 5 67 5 27 5 25 5 89 5 16 5 13 5 90 5 5 5 58 5 94 5 33 
6 32 6 82 6 44 6 93 6 54 6 18 6 78 6 24 6 6 6 38 6 21 
