Instance filename: ./instances/RCPMSII/RCPMS_Instance_34_m=4_n=100_t=5
Min temperature: 0.1
Max temperature: 0.5
Melhor Solução: 815
Temp div: 20
MCL: 500
PTL: 400
Elapsed time was: 39384
Maquina 1 : 25 63 69 77 96 82 13 60 54 42 91 15 59 58 11 3 18 26 6 50 76 81 35 95 89 86 
Maquina 2 : 49 57 97 31 39 78 24 14 99 16 27 88 90 64 38 32 83 10 44 65 40 85 
Maquina 3 : 79 5 21 20 33 98 52 51 68 41 4 53 93 75 0 94 46 55 73 37 43 67 2 47 71 56 1 
Maquina 4 : 12 22 7 80 19 36 29 30 70 84 9 34 61 62 74 48 92 87 17 66 8 45 28 23 72 
Formato de validacao do resultado: 
0 25 0 63 0 69 0 77 0 96 0 82 0 13 0 60 0 54 0 42 0 91 0 15 0 59 0 58 0 11 0 3 0 18 0 26 0 6 0 50 0 76 0 81 0 35 0 95 0 89 0 86 
1 49 1 57 1 97 1 31 1 39 1 78 1 24 1 14 1 99 1 16 1 27 1 88 1 90 1 64 1 38 1 32 1 83 1 10 1 44 1 65 1 40 1 85 
2 79 2 5 2 21 2 20 2 33 2 98 2 52 2 51 2 68 2 41 2 4 2 53 2 93 2 75 2 0 2 94 2 46 2 55 2 73 2 37 2 43 2 67 2 2 2 47 2 71 2 56 2 1 
3 12 3 22 3 7 3 80 3 19 3 36 3 29 3 30 3 70 3 84 3 9 3 34 3 61 3 62 3 74 3 48 3 92 3 87 3 17 3 66 3 8 3 45 3 28 3 23 3 72 
