Instance filename: ./instances/RCPMSII/RCPMS_Instance_167_m=10_n=200_t=11
Min temperature: 0.1
Max temperature: 0.5
Melhor Solução: 1013
Temp div: 20
MCL: 500
PTL: 400
Elapsed time was: 738739
Maquina 1 : 13 84 128 154 130 14 8 140 40 119 108 43 67 38 50 17 74 76 
Maquina 2 : 164 152 139 136 25 124 62 166 171 101 29 138 20 22 157 81 103 106 52 125 121 112 197 31 
Maquina 3 : 1 133 145 181 83 149 155 97 137 24 105 118 123 91 15 110 199 190 
Maquina 4 : 4 109 44 153 21 73 126 94 104 98 41 58 
Maquina 5 : 89 3 88 53 178 19 129 132 47 113 9 111 6 150 93 87 167 99 2 26 10 72 69 
Maquina 6 : 168 57 100 115 82 141 80 18 114 198 86 192 122 35 
Maquina 7 : 56 147 90 70 195 102 160 165 194 159 163 179 144 77 186 191 196 187 51 33 
Maquina 8 : 174 182 79 42 146 68 11 151 185 193 46 48 28 120 175 32 16 59 143 71 37 5 189 45 34 148 
Maquina 9 : 173 107 131 156 75 92 176 135 85 39 180 162 78 23 127 49 66 184 0 7 96 142 170 
Maquina 10 : 27 117 134 158 12 95 64 54 36 116 55 177 172 30 60 183 63 169 65 161 61 188 
Formato de validacao do resultado: 
0 13 0 84 0 128 0 154 0 130 0 14 0 8 0 140 0 40 0 119 0 108 0 43 0 67 0 38 0 50 0 17 0 74 0 76 
1 164 1 152 1 139 1 136 1 25 1 124 1 62 1 166 1 171 1 101 1 29 1 138 1 20 1 22 1 157 1 81 1 103 1 106 1 52 1 125 1 121 1 112 1 197 1 31 
2 1 2 133 2 145 2 181 2 83 2 149 2 155 2 97 2 137 2 24 2 105 2 118 2 123 2 91 2 15 2 110 2 199 2 190 
3 4 3 109 3 44 3 153 3 21 3 73 3 126 3 94 3 104 3 98 3 41 3 58 
4 89 4 3 4 88 4 53 4 178 4 19 4 129 4 132 4 47 4 113 4 9 4 111 4 6 4 150 4 93 4 87 4 167 4 99 4 2 4 26 4 10 4 72 4 69 
5 168 5 57 5 100 5 115 5 82 5 141 5 80 5 18 5 114 5 198 5 86 5 192 5 122 5 35 
6 56 6 147 6 90 6 70 6 195 6 102 6 160 6 165 6 194 6 159 6 163 6 179 6 144 6 77 6 186 6 191 6 196 6 187 6 51 6 33 
7 174 7 182 7 79 7 42 7 146 7 68 7 11 7 151 7 185 7 193 7 46 7 48 7 28 7 120 7 175 7 32 7 16 7 59 7 143 7 71 7 37 7 5 7 189 7 45 7 34 7 148 
8 173 8 107 8 131 8 156 8 75 8 92 8 176 8 135 8 85 8 39 8 180 8 162 8 78 8 23 8 127 8 49 8 66 8 184 8 0 8 7 8 96 8 142 8 170 
9 27 9 117 9 134 9 158 9 12 9 95 9 64 9 54 9 36 9 116 9 55 9 177 9 172 9 30 9 60 9 183 9 63 9 169 9 65 9 161 9 61 9 188 
