Instance filename: ./instances/RCPMSII/RCPMS_Instance_100_m=6_n=200_t=11
Min temperature: 0.1
Max temperature: 0.5
Melhor Solução: 1119
Temp div: 20
MCL: 500
PTL: 400
Elapsed time was: 152657
Maquina 1 : 151 113 72 123 161 109 25 125 185 34 183 65 116 136 35 66 96 53 33 159 171 36 89 55 29 39 176 97 70 174 127 77 
Maquina 2 : 63 84 93 95 104 83 178 180 195 179 41 10 144 56 114 82 105 163 73 181 197 135 64 191 132 155 157 173 
Maquina 3 : 15 192 2 9 147 182 137 141 122 198 17 165 47 194 75 31 170 94 24 5 140 99 74 46 26 153 27 23 52 85 167 118 50 145 60 169 
Maquina 4 : 172 62 190 126 164 42 187 49 91 51 1 199 20 4 54 186 154 196 58 13 124 19 162 112 14 119 131 100 59 102 69 130 189 
Maquina 5 : 30 158 175 188 80 67 121 48 150 107 108 78 81 16 156 133 57 115 103 98 92 142 101 148 18 6 79 160 28 22 111 3 90 8 120 
Maquina 6 : 139 0 7 143 117 149 40 184 106 45 44 152 21 43 68 32 87 12 11 138 177 129 37 166 61 88 168 134 71 38 86 193 128 76 146 110 
Formato de validacao do resultado: 
0 151 0 113 0 72 0 123 0 161 0 109 0 25 0 125 0 185 0 34 0 183 0 65 0 116 0 136 0 35 0 66 0 96 0 53 0 33 0 159 0 171 0 36 0 89 0 55 0 29 0 39 0 176 0 97 0 70 0 174 0 127 0 77 
1 63 1 84 1 93 1 95 1 104 1 83 1 178 1 180 1 195 1 179 1 41 1 10 1 144 1 56 1 114 1 82 1 105 1 163 1 73 1 181 1 197 1 135 1 64 1 191 1 132 1 155 1 157 1 173 
2 15 2 192 2 2 2 9 2 147 2 182 2 137 2 141 2 122 2 198 2 17 2 165 2 47 2 194 2 75 2 31 2 170 2 94 2 24 2 5 2 140 2 99 2 74 2 46 2 26 2 153 2 27 2 23 2 52 2 85 2 167 2 118 2 50 2 145 2 60 2 169 
3 172 3 62 3 190 3 126 3 164 3 42 3 187 3 49 3 91 3 51 3 1 3 199 3 20 3 4 3 54 3 186 3 154 3 196 3 58 3 13 3 124 3 19 3 162 3 112 3 14 3 119 3 131 3 100 3 59 3 102 3 69 3 130 3 189 
4 30 4 158 4 175 4 188 4 80 4 67 4 121 4 48 4 150 4 107 4 108 4 78 4 81 4 16 4 156 4 133 4 57 4 115 4 103 4 98 4 92 4 142 4 101 4 148 4 18 4 6 4 79 4 160 4 28 4 22 4 111 4 3 4 90 4 8 4 120 
5 139 5 0 5 7 5 143 5 117 5 149 5 40 5 184 5 106 5 45 5 44 5 152 5 21 5 43 5 68 5 32 5 87 5 12 5 11 5 138 5 177 5 129 5 37 5 166 5 61 5 88 5 168 5 134 5 71 5 38 5 86 5 193 5 128 5 76 5 146 5 110 
