Instance filename: ./instances/RCPMSII/RCPMS_Instance_168_m=10_n=200_t=11
Min temperature: 0.1
Max temperature: 0.5
Melhor Solução: 659
Temp div: 20
MCL: 500
PTL: 400
Elapsed time was: 810745
Maquina 1 : 14 82 156 124 119 157 166 181 171 127 48 62 151 143 90 108 70 78 140 25 19 
Maquina 2 : 195 85 83 77 65 64 116 52 51 46 179 109 174 155 58 146 22 32 148 197 
Maquina 3 : 164 38 152 173 50 175 149 101 84 184 55 76 73 183 16 6 33 30 88 98 198 199 
Maquina 4 : 185 135 93 91 177 126 0 11 39 66 87 79 169 139 167 111 
Maquina 5 : 113 193 69 2 99 105 134 106 159 54 57 63 163 23 18 95 92 125 112 129 
Maquina 6 : 191 97 131 133 153 176 186 187 189 72 75 80 81 107 118 120 121 130 190 
Maquina 7 : 110 123 35 165 154 141 29 21 96 47 45 40 170 192 4 7 100 86 17 20 9 12 
Maquina 8 : 36 34 26 24 3 56 71 10 102 103 115 136 138 145 168 132 180 59 
Maquina 9 : 147 128 122 117 114 188 31 44 27 8 53 196 49 74 68 28 89 150 160 178 
Maquina 10 : 1 161 104 94 67 158 61 60 43 142 13 182 172 162 5 194 37 41 42 144 15 137 
Formato de validacao do resultado: 
0 14 0 82 0 156 0 124 0 119 0 157 0 166 0 181 0 171 0 127 0 48 0 62 0 151 0 143 0 90 0 108 0 70 0 78 0 140 0 25 0 19 
1 195 1 85 1 83 1 77 1 65 1 64 1 116 1 52 1 51 1 46 1 179 1 109 1 174 1 155 1 58 1 146 1 22 1 32 1 148 1 197 
2 164 2 38 2 152 2 173 2 50 2 175 2 149 2 101 2 84 2 184 2 55 2 76 2 73 2 183 2 16 2 6 2 33 2 30 2 88 2 98 2 198 2 199 
3 185 3 135 3 93 3 91 3 177 3 126 3 0 3 11 3 39 3 66 3 87 3 79 3 169 3 139 3 167 3 111 
4 113 4 193 4 69 4 2 4 99 4 105 4 134 4 106 4 159 4 54 4 57 4 63 4 163 4 23 4 18 4 95 4 92 4 125 4 112 4 129 
5 191 5 97 5 131 5 133 5 153 5 176 5 186 5 187 5 189 5 72 5 75 5 80 5 81 5 107 5 118 5 120 5 121 5 130 5 190 
6 110 6 123 6 35 6 165 6 154 6 141 6 29 6 21 6 96 6 47 6 45 6 40 6 170 6 192 6 4 6 7 6 100 6 86 6 17 6 20 6 9 6 12 
7 36 7 34 7 26 7 24 7 3 7 56 7 71 7 10 7 102 7 103 7 115 7 136 7 138 7 145 7 168 7 132 7 180 7 59 
8 147 8 128 8 122 8 117 8 114 8 188 8 31 8 44 8 27 8 8 8 53 8 196 8 49 8 74 8 68 8 28 8 89 8 150 8 160 8 178 
9 1 9 161 9 104 9 94 9 67 9 158 9 61 9 60 9 43 9 142 9 13 9 182 9 172 9 162 9 5 9 194 9 37 9 41 9 42 9 144 9 15 9 137 
