Instance filename: ./instances/RCPMSII/RCPMS_Instance_86_m=6_n=100_t=13
Min temperature: 0.1
Max temperature: 0.5
Melhor Solução: 537
Temp div: 20
MCL: 500
PTL: 400
Elapsed time was: 58389
Maquina 1 : 86 13 34 26 17 7 65 57 61 31 76 44 0 54 16 
Maquina 2 : 30 58 62 53 10 73 93 88 51 24 84 12 63 8 75 21 49 72 
Maquina 3 : 52 37 32 97 94 46 60 19 66 69 55 38 50 40 3 74 77 25 
Maquina 4 : 56 36 6 85 35 28 96 33 64 9 18 27 48 89 43 70 79 83 
Maquina 5 : 59 23 2 11 15 95 80 39 82 98 5 41 1 42 91 68 
Maquina 6 : 67 22 81 87 90 71 29 14 45 99 47 78 92 20 4 
Formato de validacao do resultado: 
0 86 0 13 0 34 0 26 0 17 0 7 0 65 0 57 0 61 0 31 0 76 0 44 0 0 0 54 0 16 
1 30 1 58 1 62 1 53 1 10 1 73 1 93 1 88 1 51 1 24 1 84 1 12 1 63 1 8 1 75 1 21 1 49 1 72 
2 52 2 37 2 32 2 97 2 94 2 46 2 60 2 19 2 66 2 69 2 55 2 38 2 50 2 40 2 3 2 74 2 77 2 25 
3 56 3 36 3 6 3 85 3 35 3 28 3 96 3 33 3 64 3 9 3 18 3 27 3 48 3 89 3 43 3 70 3 79 3 83 
4 59 4 23 4 2 4 11 4 15 4 95 4 80 4 39 4 82 4 98 4 5 4 41 4 1 4 42 4 91 4 68 
5 67 5 22 5 81 5 87 5 90 5 71 5 29 5 14 5 45 5 99 5 47 5 78 5 92 5 20 5 4 
