Instance filename: ./instances/RCPMSII/RCPMS_Instance_66_m=5_n=100_t=7
Min temperature: 0.1
Max temperature: 0.5
Melhor Solução: 622
Temp div: 20
MCL: 500
PTL: 400
Elapsed time was: 54217
Maquina 1 : 35 80 40 73 17 55 6 19 41 1 34 32 88 77 68 82 84 15 74 
Maquina 2 : 0 26 70 22 8 21 27 62 71 90 48 46 85 59 23 14 78 81 39 11 
Maquina 3 : 66 53 18 25 58 92 93 29 87 47 37 42 45 67 97 36 7 98 50 95 49 
Maquina 4 : 83 76 79 2 44 31 20 69 38 65 12 4 75 5 91 60 52 64 
Maquina 5 : 96 61 94 63 10 54 24 3 57 30 28 33 72 13 86 51 89 9 99 56 16 43 
Formato de validacao do resultado: 
0 35 0 80 0 40 0 73 0 17 0 55 0 6 0 19 0 41 0 1 0 34 0 32 0 88 0 77 0 68 0 82 0 84 0 15 0 74 
1 0 1 26 1 70 1 22 1 8 1 21 1 27 1 62 1 71 1 90 1 48 1 46 1 85 1 59 1 23 1 14 1 78 1 81 1 39 1 11 
2 66 2 53 2 18 2 25 2 58 2 92 2 93 2 29 2 87 2 47 2 37 2 42 2 45 2 67 2 97 2 36 2 7 2 98 2 50 2 95 2 49 
3 83 3 76 3 79 3 2 3 44 3 31 3 20 3 69 3 38 3 65 3 12 3 4 3 75 3 5 3 91 3 60 3 52 3 64 
4 96 4 61 4 94 4 63 4 10 4 54 4 24 4 3 4 57 4 30 4 28 4 33 4 72 4 13 4 86 4 51 4 89 4 9 4 99 4 56 4 16 4 43 
