Instance filename: ./instances/RCPMSII/RCPMS_Instance_141_m=8_n=200_t=11
Min temperature: 0.1
Max temperature: 0.5
Melhor Solução: 763
Temp div: 20
MCL: 500
PTL: 400
Elapsed time was: 438856
Maquina 1 : 111 126 135 142 143 105 196 171 79 102 152 155 156 178 84 56 62 81 48 98 151 145 138 134 128 12 184 192 195 
Maquina 2 : 127 67 15 24 49 164 174 119 51 73 83 89 94 110 118 6 36 45 19 63 77 
Maquina 3 : 129 115 137 25 139 34 146 131 163 183 33 144 103 173 100 93 97 87 180 166 7 43 17 10 44 1 
Maquina 4 : 177 50 18 117 120 150 175 153 124 141 113 70 59 57 53 162 38 37 35 165 86 3 54 46 
Maquina 5 : 194 181 55 157 160 16 5 32 116 88 74 66 168 23 31 125 136 58 4 109 158 167 170 90 
Maquina 6 : 85 80 72 2 20 29 47 26 75 78 95 130 101 148 190 172 191 27 40 65 60 22 13 0 
Maquina 7 : 198 99 91 182 52 61 71 189 187 149 179 106 108 114 41 21 199 186 197 14 42 64 68 
Maquina 8 : 69 92 107 112 132 176 133 121 122 193 9 11 123 104 96 185 169 147 140 161 28 8 82 188 39 76 30 154 159 
Formato de validacao do resultado: 
0 111 0 126 0 135 0 142 0 143 0 105 0 196 0 171 0 79 0 102 0 152 0 155 0 156 0 178 0 84 0 56 0 62 0 81 0 48 0 98 0 151 0 145 0 138 0 134 0 128 0 12 0 184 0 192 0 195 
1 127 1 67 1 15 1 24 1 49 1 164 1 174 1 119 1 51 1 73 1 83 1 89 1 94 1 110 1 118 1 6 1 36 1 45 1 19 1 63 1 77 
2 129 2 115 2 137 2 25 2 139 2 34 2 146 2 131 2 163 2 183 2 33 2 144 2 103 2 173 2 100 2 93 2 97 2 87 2 180 2 166 2 7 2 43 2 17 2 10 2 44 2 1 
3 177 3 50 3 18 3 117 3 120 3 150 3 175 3 153 3 124 3 141 3 113 3 70 3 59 3 57 3 53 3 162 3 38 3 37 3 35 3 165 3 86 3 3 3 54 3 46 
4 194 4 181 4 55 4 157 4 160 4 16 4 5 4 32 4 116 4 88 4 74 4 66 4 168 4 23 4 31 4 125 4 136 4 58 4 4 4 109 4 158 4 167 4 170 4 90 
5 85 5 80 5 72 5 2 5 20 5 29 5 47 5 26 5 75 5 78 5 95 5 130 5 101 5 148 5 190 5 172 5 191 5 27 5 40 5 65 5 60 5 22 5 13 5 0 
6 198 6 99 6 91 6 182 6 52 6 61 6 71 6 189 6 187 6 149 6 179 6 106 6 108 6 114 6 41 6 21 6 199 6 186 6 197 6 14 6 42 6 64 6 68 
7 69 7 92 7 107 7 112 7 132 7 176 7 133 7 121 7 122 7 193 7 9 7 11 7 123 7 104 7 96 7 185 7 169 7 147 7 140 7 161 7 28 7 8 7 82 7 188 7 39 7 76 7 30 7 154 7 159 
