Instance filename: ./instances/RCPMSII/RCPMS_Instance_139_m=8_n=200_t=9
Min temperature: 0.1
Max temperature: 0.5
Melhor Solução: 797
Temp div: 20
MCL: 500
PTL: 400
Elapsed time was: 396319
Maquina 1 : 0 184 29 4 104 177 166 198 128 114 73 14 169 66 54 122 159 34 195 45 194 19 28 161 105 6 143 
Maquina 2 : 11 172 9 2 154 85 56 18 74 57 32 3 133 92 69 140 158 23 157 108 189 71 88 138 
Maquina 3 : 55 50 117 182 12 49 61 111 142 129 185 179 136 174 68 36 60 10 51 25 98 96 145 
Maquina 4 : 187 139 7 155 164 165 153 109 148 101 163 94 44 137 87 126 176 76 110 116 125 112 135 123 118 
Maquina 5 : 43 130 151 82 47 72 59 62 31 141 102 95 197 162 30 107 83 21 84 93 186 89 80 97 132 134 46 146 
Maquina 6 : 149 79 13 144 37 127 168 192 115 77 181 17 121 22 20 173 99 113 150 27 26 48 40 16 53 
Maquina 7 : 171 1 33 190 180 5 41 91 100 120 131 119 90 65 67 81 196 152 188 178 156 160 24 35 103 75 175 147 
Maquina 8 : 193 63 58 39 64 70 199 52 15 183 86 38 8 124 170 167 106 191 42 78 
Formato de validacao do resultado: 
0 0 0 184 0 29 0 4 0 104 0 177 0 166 0 198 0 128 0 114 0 73 0 14 0 169 0 66 0 54 0 122 0 159 0 34 0 195 0 45 0 194 0 19 0 28 0 161 0 105 0 6 0 143 
1 11 1 172 1 9 1 2 1 154 1 85 1 56 1 18 1 74 1 57 1 32 1 3 1 133 1 92 1 69 1 140 1 158 1 23 1 157 1 108 1 189 1 71 1 88 1 138 
2 55 2 50 2 117 2 182 2 12 2 49 2 61 2 111 2 142 2 129 2 185 2 179 2 136 2 174 2 68 2 36 2 60 2 10 2 51 2 25 2 98 2 96 2 145 
3 187 3 139 3 7 3 155 3 164 3 165 3 153 3 109 3 148 3 101 3 163 3 94 3 44 3 137 3 87 3 126 3 176 3 76 3 110 3 116 3 125 3 112 3 135 3 123 3 118 
4 43 4 130 4 151 4 82 4 47 4 72 4 59 4 62 4 31 4 141 4 102 4 95 4 197 4 162 4 30 4 107 4 83 4 21 4 84 4 93 4 186 4 89 4 80 4 97 4 132 4 134 4 46 4 146 
5 149 5 79 5 13 5 144 5 37 5 127 5 168 5 192 5 115 5 77 5 181 5 17 5 121 5 22 5 20 5 173 5 99 5 113 5 150 5 27 5 26 5 48 5 40 5 16 5 53 
6 171 6 1 6 33 6 190 6 180 6 5 6 41 6 91 6 100 6 120 6 131 6 119 6 90 6 65 6 67 6 81 6 196 6 152 6 188 6 178 6 156 6 160 6 24 6 35 6 103 6 75 6 175 6 147 
7 193 7 63 7 58 7 39 7 64 7 70 7 199 7 52 7 15 7 183 7 86 7 38 7 8 7 124 7 170 7 167 7 106 7 191 7 42 7 78 
