Instance filename: ./instances/RCPMSII/RCPMS_Instance_93_m=6_n=200_t=7
Min temperature: 0.1
Max temperature: 0.5
Melhor Solução: 1046
Temp div: 20
MCL: 500
PTL: 400
Elapsed time was: 341145
Maquina 1 : 47 179 62 17 167 99 80 187 18 105 42 50 54 183 19 11 173 38 117 169 44 130 199 143 193 87 158 149 180 7 
Maquina 2 : 162 194 30 163 89 40 92 140 60 141 116 59 145 118 16 81 186 69 55 166 109 58 114 156 192 134 185 119 43 46 129 181 176 127 107 83 
Maquina 3 : 198 112 123 29 161 67 101 56 72 33 195 168 35 76 100 79 126 57 84 160 191 95 63 189 27 23 103 86 90 142 106 37 52 
Maquina 4 : 157 48 184 91 25 34 104 41 98 113 188 133 61 36 175 9 94 64 148 71 73 85 111 102 13 21 196 88 53 171 
Maquina 5 : 150 96 153 178 66 1 124 93 165 110 197 177 139 172 65 39 6 0 4 136 128 74 155 24 138 147 132 108 51 122 5 146 12 8 70 
Maquina 6 : 75 26 49 121 31 120 151 154 78 2 164 152 137 115 144 174 97 20 125 45 82 131 190 182 68 15 159 3 14 22 28 10 32 170 77 135 
Formato de validacao do resultado: 
0 47 0 179 0 62 0 17 0 167 0 99 0 80 0 187 0 18 0 105 0 42 0 50 0 54 0 183 0 19 0 11 0 173 0 38 0 117 0 169 0 44 0 130 0 199 0 143 0 193 0 87 0 158 0 149 0 180 0 7 
1 162 1 194 1 30 1 163 1 89 1 40 1 92 1 140 1 60 1 141 1 116 1 59 1 145 1 118 1 16 1 81 1 186 1 69 1 55 1 166 1 109 1 58 1 114 1 156 1 192 1 134 1 185 1 119 1 43 1 46 1 129 1 181 1 176 1 127 1 107 1 83 
2 198 2 112 2 123 2 29 2 161 2 67 2 101 2 56 2 72 2 33 2 195 2 168 2 35 2 76 2 100 2 79 2 126 2 57 2 84 2 160 2 191 2 95 2 63 2 189 2 27 2 23 2 103 2 86 2 90 2 142 2 106 2 37 2 52 
3 157 3 48 3 184 3 91 3 25 3 34 3 104 3 41 3 98 3 113 3 188 3 133 3 61 3 36 3 175 3 9 3 94 3 64 3 148 3 71 3 73 3 85 3 111 3 102 3 13 3 21 3 196 3 88 3 53 3 171 
4 150 4 96 4 153 4 178 4 66 4 1 4 124 4 93 4 165 4 110 4 197 4 177 4 139 4 172 4 65 4 39 4 6 4 0 4 4 4 136 4 128 4 74 4 155 4 24 4 138 4 147 4 132 4 108 4 51 4 122 4 5 4 146 4 12 4 8 4 70 
5 75 5 26 5 49 5 121 5 31 5 120 5 151 5 154 5 78 5 2 5 164 5 152 5 137 5 115 5 144 5 174 5 97 5 20 5 125 5 45 5 82 5 131 5 190 5 182 5 68 5 15 5 159 5 3 5 14 5 22 5 28 5 10 5 32 5 170 5 77 5 135 
