Instance filename: ./instances/RCPMSII/RCPMS_Instance_107_m=7_n=100_t=8
Min temperature: 0.1
Max temperature: 0.5
Melhor Solução: 507
Temp div: 20
MCL: 500
PTL: 400
Elapsed time was: 106298
Maquina 1 : 54 33 11 66 26 34 7 8 22 75 0 48 51 93 
Maquina 2 : 31 10 13 76 41 29 87 39 38 40 53 42 43 95 82 
Maquina 3 : 44 28 83 89 15 94 90 19 73 58 5 3 
Maquina 4 : 49 12 79 50 56 37 71 32 85 99 62 68 36 6 2 
Maquina 5 : 80 59 77 20 23 67 24 30 16 14 21 
Maquina 6 : 78 96 97 84 35 18 27 57 46 60 45 63 61 17 52 
Maquina 7 : 72 92 91 55 64 69 98 47 1 88 4 25 70 86 9 81 74 65 
Formato de validacao do resultado: 
0 54 0 33 0 11 0 66 0 26 0 34 0 7 0 8 0 22 0 75 0 0 0 48 0 51 0 93 
1 31 1 10 1 13 1 76 1 41 1 29 1 87 1 39 1 38 1 40 1 53 1 42 1 43 1 95 1 82 
2 44 2 28 2 83 2 89 2 15 2 94 2 90 2 19 2 73 2 58 2 5 2 3 
3 49 3 12 3 79 3 50 3 56 3 37 3 71 3 32 3 85 3 99 3 62 3 68 3 36 3 6 3 2 
4 80 4 59 4 77 4 20 4 23 4 67 4 24 4 30 4 16 4 14 4 21 
5 78 5 96 5 97 5 84 5 35 5 18 5 27 5 57 5 46 5 60 5 45 5 63 5 61 5 17 5 52 
6 72 6 92 6 91 6 55 6 64 6 69 6 98 6 47 6 1 6 88 6 4 6 25 6 70 6 86 6 9 6 81 6 74 6 65 
