Instance filename: ./instances/RCPMSII/RCPMS_Instance_134_m=7_n=200_t=13
Min temperature: 0.1
Max temperature: 0.5
Melhor Solução: 942
Temp div: 20
MCL: 500
PTL: 400
Elapsed time was: 227771
Maquina 1 : 92 160 25 156 191 56 197 194 187 110 65 151 164 103 188 73 123 152 195 84 99 38 146 31 109 108 15 60 
Maquina 2 : 153 95 101 141 177 54 22 178 107 39 113 133 19 179 2 87 163 85 28 189 72 80 166 111 34 35 176 112 
Maquina 3 : 13 21 62 118 59 168 50 173 96 77 149 192 116 174 199 122 106 115 30 46 138 23 147 150 114 136 119 89 75 58 180 
Maquina 4 : 83 40 126 129 67 78 76 5 127 52 170 79 10 132 181 26 42 144 91 33 98 44 61 183 154 18 143 66 196 139 11 
Maquina 5 : 81 8 20 55 6 128 0 105 37 120 68 64 140 171 104 182 74 41 47 71 131 51 45 137 124 93 9 159 14 
Maquina 6 : 172 100 165 155 24 148 17 190 169 161 49 125 48 90 145 134 63 82 69 135 1 167 185 
Maquina 7 : 36 142 88 53 7 121 4 184 175 16 57 70 3 94 12 102 29 97 32 198 130 117 193 86 27 162 186 158 43 157 
Formato de validacao do resultado: 
0 92 0 160 0 25 0 156 0 191 0 56 0 197 0 194 0 187 0 110 0 65 0 151 0 164 0 103 0 188 0 73 0 123 0 152 0 195 0 84 0 99 0 38 0 146 0 31 0 109 0 108 0 15 0 60 
1 153 1 95 1 101 1 141 1 177 1 54 1 22 1 178 1 107 1 39 1 113 1 133 1 19 1 179 1 2 1 87 1 163 1 85 1 28 1 189 1 72 1 80 1 166 1 111 1 34 1 35 1 176 1 112 
2 13 2 21 2 62 2 118 2 59 2 168 2 50 2 173 2 96 2 77 2 149 2 192 2 116 2 174 2 199 2 122 2 106 2 115 2 30 2 46 2 138 2 23 2 147 2 150 2 114 2 136 2 119 2 89 2 75 2 58 2 180 
3 83 3 40 3 126 3 129 3 67 3 78 3 76 3 5 3 127 3 52 3 170 3 79 3 10 3 132 3 181 3 26 3 42 3 144 3 91 3 33 3 98 3 44 3 61 3 183 3 154 3 18 3 143 3 66 3 196 3 139 3 11 
4 81 4 8 4 20 4 55 4 6 4 128 4 0 4 105 4 37 4 120 4 68 4 64 4 140 4 171 4 104 4 182 4 74 4 41 4 47 4 71 4 131 4 51 4 45 4 137 4 124 4 93 4 9 4 159 4 14 
5 172 5 100 5 165 5 155 5 24 5 148 5 17 5 190 5 169 5 161 5 49 5 125 5 48 5 90 5 145 5 134 5 63 5 82 5 69 5 135 5 1 5 167 5 185 
6 36 6 142 6 88 6 53 6 7 6 121 6 4 6 184 6 175 6 16 6 57 6 70 6 3 6 94 6 12 6 102 6 29 6 97 6 32 6 198 6 130 6 117 6 193 6 86 6 27 6 162 6 186 6 158 6 43 6 157 
