Instance filename: ./instances/RCPMSII/RCPMS_Instance_137_m=8_n=200_t=9
Min temperature: 0.1
Max temperature: 0.5
Melhor Solução: 803
Temp div: 20
MCL: 500
PTL: 400
Elapsed time was: 405164
Maquina 1 : 35 165 68 156 188 23 49 74 14 120 111 11 146 16 48 61 184 152 36 33 138 37 47 
Maquina 2 : 79 187 148 17 181 176 27 182 137 58 119 159 63 98 91 194 197 22 160 130 59 140 199 
Maquina 3 : 70 147 172 128 178 88 69 26 102 42 90 43 177 126 93 158 13 153 118 66 180 121 31 144 
Maquina 4 : 122 132 87 100 189 143 166 171 109 72 161 174 125 142 191 44 175 108 2 64 73 4 113 141 
Maquina 5 : 157 52 53 106 173 155 135 62 30 136 28 116 139 114 7 179 55 112 168 86 6 50 78 1 117 3 185 
Maquina 6 : 57 39 186 149 150 92 38 115 82 29 15 110 124 131 89 19 0 123 154 107 99 76 96 193 94 95 5 
Maquina 7 : 196 84 41 195 103 40 145 60 9 169 34 32 71 105 54 183 104 67 133 51 25 163 56 81 190 
Maquina 8 : 162 20 83 8 134 85 127 45 77 10 151 18 170 21 192 75 129 164 101 65 12 24 46 80 167 198 97 
Formato de validacao do resultado: 
0 35 0 165 0 68 0 156 0 188 0 23 0 49 0 74 0 14 0 120 0 111 0 11 0 146 0 16 0 48 0 61 0 184 0 152 0 36 0 33 0 138 0 37 0 47 
1 79 1 187 1 148 1 17 1 181 1 176 1 27 1 182 1 137 1 58 1 119 1 159 1 63 1 98 1 91 1 194 1 197 1 22 1 160 1 130 1 59 1 140 1 199 
2 70 2 147 2 172 2 128 2 178 2 88 2 69 2 26 2 102 2 42 2 90 2 43 2 177 2 126 2 93 2 158 2 13 2 153 2 118 2 66 2 180 2 121 2 31 2 144 
3 122 3 132 3 87 3 100 3 189 3 143 3 166 3 171 3 109 3 72 3 161 3 174 3 125 3 142 3 191 3 44 3 175 3 108 3 2 3 64 3 73 3 4 3 113 3 141 
4 157 4 52 4 53 4 106 4 173 4 155 4 135 4 62 4 30 4 136 4 28 4 116 4 139 4 114 4 7 4 179 4 55 4 112 4 168 4 86 4 6 4 50 4 78 4 1 4 117 4 3 4 185 
5 57 5 39 5 186 5 149 5 150 5 92 5 38 5 115 5 82 5 29 5 15 5 110 5 124 5 131 5 89 5 19 5 0 5 123 5 154 5 107 5 99 5 76 5 96 5 193 5 94 5 95 5 5 
6 196 6 84 6 41 6 195 6 103 6 40 6 145 6 60 6 9 6 169 6 34 6 32 6 71 6 105 6 54 6 183 6 104 6 67 6 133 6 51 6 25 6 163 6 56 6 81 6 190 
7 162 7 20 7 83 7 8 7 134 7 85 7 127 7 45 7 77 7 10 7 151 7 18 7 170 7 21 7 192 7 75 7 129 7 164 7 101 7 65 7 12 7 24 7 46 7 80 7 167 7 198 7 97 
